# # comment:                                                     FEFF 9.9.1  
# # Source:
# # Structure
# # Reduced
# # space
# # abc:
# # angles:
# # sites:
# # POT  SCF 100  7.0000   0, screened core-hole, AFOLP (folp(0)= 1.150)
# # Abs   Z=29 Rmt= 1.212 Rnm= 1.293 K  shell
# # Pot 1 Z=30 Rmt= 1.256 Rnm= 1.415
# # Pot 2 Z=29 Rmt= 1.212 Rnm= 1.293
# # Pot 3 Z=15 Rmt= 0.904 Rnm= 1.154
# # Pot 4 Z= 8 Rmt= 1.009 Rnm= 1.123
# # Gam_ch=1.729E+00 H-L exch Vi= 0.000E+00 Vr= 0.000E+00
# # Mu=-8.902E+00eV kf=2.209E+00 Vint=-1.502E+01eV Rs_int= 1.641
# FMS rfms= 9.0000
# # PATH  Rmax=-1.000,  Keep_limit= 0.00, Heap_limit 0.00  Pwcrit= 2.50%
#  S02=0.950  Temp=   0.00  Debye_temp=   0.00  Global_sig2= 0.00000
#  Energy zero shift, vr, vi    0.00000E+00   0.00000E+00
#  Curved wave amplitude ratio filter   4.000%
#     file         sig2 tot  cw amp ratio   deg  nlegs   reff  inp sig2
#     0/   0 paths used
#  xsedge+ 50, used to normalize mu           2.4426E-04
#  -----------------------------------------------------------------------
#  omega    e    k    mu    mu0     chi     @#
    8983.515    -12.712  -1.000  2.81580E-02  5.12036E-02 -2.30457E-02
    8983.814    -12.413  -0.960  2.92889E-02  5.47500E-02 -2.54611E-02
    8984.101    -12.127  -0.920  3.04923E-02  5.86712E-02 -2.81789E-02
    8984.375    -11.852  -0.880  3.17777E-02  6.30202E-02 -3.12425E-02
    8984.637    -11.590  -0.840  3.31564E-02  6.78585E-02 -3.47021E-02
    8984.887    -11.340  -0.800  3.46416E-02  7.32569E-02 -3.86153E-02
    8985.125    -11.103  -0.760  3.62489E-02  7.92967E-02 -4.30478E-02
    8985.350    -10.877  -0.720  3.79960E-02  8.60689E-02 -4.80729E-02
    8985.564    -10.664  -0.680  3.99029E-02  9.36735E-02 -5.37706E-02
    8985.765    -10.463  -0.640  4.19908E-02  1.02216E-01 -6.02248E-02
    8985.954    -10.274  -0.600  4.42808E-02  1.11798E-01 -6.75168E-02
    8986.131    -10.097  -0.560  4.67916E-02  1.22506E-01 -7.57144E-02
    8986.295     -9.932  -0.520  4.95348E-02  1.34391E-01 -8.48558E-02
    8986.448     -9.780  -0.480  5.25099E-02  1.47436E-01 -9.49262E-02
    8986.588     -9.640  -0.440  5.56973E-02  1.61529E-01 -1.05832E-01
    8986.716     -9.512  -0.400  5.90524E-02  1.76431E-01 -1.17379E-01
    8986.832     -9.396  -0.360  6.25030E-02  1.91767E-01 -1.29264E-01
    8986.935     -9.292  -0.320  6.59521E-02  2.07053E-01 -1.41101E-01
    8987.027     -9.201  -0.280  6.92874E-02  2.21747E-01 -1.52459E-01
    8987.106     -9.121  -0.240  7.23956E-02  2.35325E-01 -1.62930E-01
    8987.173     -9.054  -0.200  7.51748E-02  2.47346E-01 -1.72171E-01
    8987.228     -9.000  -0.160  7.75441E-02  2.57477E-01 -1.79933E-01
    8987.271     -8.957  -0.120  7.94466E-02  2.65503E-01 -1.86056E-01
    8987.301     -8.926  -0.080  8.08483E-02  2.71295E-01 -1.90447E-01
    8987.325     -8.902   0.000  8.20450E-02  2.75959E-01 -1.93914E-01
    8987.380     -8.847   0.120  8.47384E-02  2.86481E-01 -2.01743E-01
    8987.423     -8.804   0.160  8.67381E-02  2.94704E-01 -2.07966E-01
    8987.478     -8.750   0.200  8.92021E-02  3.05224E-01 -2.16021E-01
    8987.545     -8.683   0.240  9.20969E-02  3.17933E-01 -2.25836E-01
    8987.624     -8.603   0.280  9.53376E-02  3.32671E-01 -2.37333E-01
    8987.716     -8.512   0.320  9.86816E-02  3.49067E-01 -2.50385E-01
    8987.819     -8.408   0.360  1.01940E-01  3.66771E-01 -2.64831E-01
    8987.935     -8.292   0.400  1.04771E-01  3.85324E-01 -2.80553E-01
    8988.063     -8.164   0.440  1.06859E-01  4.04360E-01 -2.97501E-01
    8988.203     -8.024   0.480  1.07969E-01  4.23558E-01 -3.15589E-01
    8988.356     -7.872   0.520  1.08042E-01  4.42728E-01 -3.34686E-01
    8988.520     -7.707   0.560  1.07281E-01  4.61738E-01 -3.54457E-01
    8988.697     -7.530   0.600  1.06163E-01  4.80577E-01 -3.74414E-01
    8988.886     -7.341   0.640  1.05211E-01  4.99283E-01 -3.94072E-01
    8989.087     -7.140   0.680  1.04880E-01  5.17900E-01 -4.13020E-01
    8989.301     -6.927   0.720  1.05459E-01  5.36459E-01 -4.31000E-01
    8989.526     -6.701   0.760  1.07161E-01  5.55008E-01 -4.47847E-01
    8989.764     -6.464   0.800  1.10146E-01  5.73585E-01 -4.63439E-01
    8990.014     -6.214   0.840  1.14619E-01  5.92219E-01 -4.77600E-01
    8990.276     -5.952   0.880  1.20770E-01  6.10904E-01 -4.90134E-01
    8990.550     -5.677   0.920  1.28763E-01  6.29644E-01 -5.00882E-01
    8990.837     -5.391   0.960  1.38499E-01  6.48413E-01 -5.09914E-01
    8991.135     -5.092   1.000  1.49706E-01  6.67173E-01 -5.17467E-01
    8991.446     -4.781   1.040  1.62068E-01  6.85902E-01 -5.23834E-01
    8991.769     -4.458   1.080  1.75171E-01  7.04528E-01 -5.29358E-01
    8992.105     -4.123   1.120  1.88712E-01  7.23019E-01 -5.34307E-01
    8992.452     -3.775   1.160  2.02644E-01  7.41315E-01 -5.38671E-01
    8992.812     -3.416   1.200  2.17430E-01  7.59375E-01 -5.41945E-01
    8993.184     -3.044   1.240  2.33753E-01  7.77095E-01 -5.43342E-01
    8993.568     -2.660   1.280  2.52162E-01  7.94474E-01 -5.42311E-01
    8993.964     -2.264   1.320  2.73273E-01  8.11425E-01 -5.38152E-01
    8994.372     -1.855   1.360  2.98509E-01  8.27885E-01 -5.29376E-01
    8994.793     -1.434   1.400  3.28965E-01  8.43835E-01 -5.14870E-01
    8995.226     -1.002   1.440  3.65629E-01  8.59211E-01 -4.93583E-01
    8995.671     -0.557   1.480  4.10681E-01  8.73977E-01 -4.63295E-01
    8996.128     -0.099   1.520  4.64581E-01  8.88075E-01 -4.23494E-01
    8996.597      0.370   1.560  5.26081E-01  9.01512E-01 -3.75431E-01
    8997.079      0.852   1.600  5.95358E-01  9.14237E-01 -3.18879E-01
    8997.573      1.345   1.640  6.75271E-01  9.26242E-01 -2.50971E-01
    8998.079      1.851   1.680  7.69848E-01  9.37501E-01 -1.67653E-01
    8998.597      2.369   1.720  8.83985E-01  9.48034E-01 -6.40492E-02
    8999.127      2.900   1.760  1.01899E+00  9.57819E-01  6.11742E-02
    8999.670      3.442   1.800  1.16381E+00  9.66860E-01  1.96947E-01
    9000.225      3.997   1.840  1.29116E+00  9.75182E-01  3.15981E-01
    9000.791      4.564   1.880  1.38231E+00  9.82791E-01  3.99519E-01
    9001.371      5.143   1.920  1.45360E+00  9.89677E-01  4.63926E-01
    9001.962      5.734   1.960  1.52416E+00  9.95912E-01  5.28247E-01
    9002.565      6.338   2.000  1.59580E+00  1.00147E+00  5.94333E-01
    9003.181      6.954   2.040  1.66325E+00  1.00642E+00  6.56829E-01
    9003.809      7.581   2.080  1.71565E+00  1.01075E+00  7.04895E-01
    9004.449      8.222   2.120  1.72981E+00  1.01452E+00  7.15293E-01
    9005.101      8.874   2.160  1.67968E+00  1.01774E+00  6.61942E-01
    9005.766      9.538   2.200  1.57081E+00  1.02043E+00  5.50376E-01
    9006.442     10.215   2.240  1.44289E+00  1.02267E+00  4.20225E-01
    9007.131     10.904   2.280  1.33032E+00  1.02447E+00  3.05856E-01
    9007.832     11.605   2.320  1.24128E+00  1.02583E+00  2.15448E-01
    9008.546     12.318   2.360  1.17027E+00  1.02685E+00  1.43429E-01
    9009.271     13.043   2.400  1.11668E+00  1.02750E+00  8.91821E-02
    9010.009     13.781   2.440  1.08577E+00  1.02782E+00  5.79484E-02
    9010.758     14.531   2.480  1.07896E+00  1.02786E+00  5.11080E-02
    9011.520     15.293   2.520  1.08843E+00  1.02763E+00  6.07974E-02
    9012.295     16.067   2.560  1.10054E+00  1.02717E+00  7.33643E-02
    9013.081     16.853   2.600  1.10259E+00  1.02650E+00  7.60838E-02
    9013.880     17.652   2.640  1.08962E+00  1.02566E+00  6.39587E-02
    9014.690     18.463   2.680  1.07195E+00  1.02465E+00  4.73000E-02
    9015.513     19.286   2.720  1.05205E+00  1.02352E+00  2.85312E-02
    9016.348     20.121   2.760  1.03002E+00  1.02226E+00  7.75847E-03
    9017.196     20.968   2.800  1.00606E+00  1.02092E+00 -1.48599E-02
    9018.055     21.828   2.840  9.80657E-01  1.01951E+00 -3.88559E-02
    9018.927     22.700   2.880  9.54125E-01  1.01802E+00 -6.38916E-02
    9019.811     23.583   2.920  9.27584E-01  1.01650E+00 -8.89147E-02
    9020.707     24.480   2.960  9.02508E-01  1.01495E+00 -1.12438E-01
    9021.615     25.388   3.000  8.79951E-01  1.01339E+00 -1.33436E-01
    9022.536     26.308   3.040  8.60551E-01  1.01185E+00 -1.51298E-01
    9023.468     27.241   3.080  8.44631E-01  1.01029E+00 -1.65663E-01
    9024.413     28.186   3.120  8.32184E-01  1.00877E+00 -1.76586E-01
    9025.370     29.143   3.160  8.23041E-01  1.00728E+00 -1.84239E-01
    9026.340     30.112   3.200  8.17158E-01  1.00583E+00 -1.88673E-01
    9027.321     31.094   3.240  8.14208E-01  1.00442E+00 -1.90217E-01
    9028.315     32.087   3.280  8.13889E-01  1.00307E+00 -1.89176E-01
    9029.321     33.093   3.320  8.16109E-01  1.00178E+00 -1.85669E-01
    9030.339     34.111   3.360  8.20864E-01  1.00056E+00 -1.79700E-01
    9031.369     35.141   3.400  8.27970E-01  9.99405E-01 -1.71435E-01
    9032.411     36.184   3.440  8.37357E-01  9.98347E-01 -1.60990E-01
    9033.466     37.238   3.480  8.48944E-01  9.97349E-01 -1.48405E-01
    9034.533     38.305   3.520  8.62652E-01  9.96451E-01 -1.33799E-01
    9035.612     39.384   3.560  8.78320E-01  9.95616E-01 -1.17296E-01
    9036.703     40.475   3.600  8.95999E-01  9.94885E-01 -9.88858E-02
    9037.806     41.579   3.640  9.15460E-01  9.94239E-01 -7.87783E-02
    9038.922     42.694   3.680  9.36264E-01  9.93675E-01 -5.74114E-02
    9040.050     43.822   3.720  9.57924E-01  9.93197E-01 -3.52728E-02
    9041.189     44.962   3.760  9.79904E-01  9.92823E-01 -1.29183E-02
    9042.342     46.114   3.800  1.00147E+00  9.92511E-01  8.95947E-03
    9043.506     47.278   3.840  1.02194E+00  9.92302E-01  2.96334E-02
    9044.682     48.455   3.880  1.04064E+00  9.92155E-01  4.84804E-02
    9045.871     49.644   3.920  1.05694E+00  9.92111E-01  6.48259E-02
    9047.072     50.845   3.960  1.07028E+00  9.92149E-01  7.81290E-02
    9048.285     52.058   4.000  1.08050E+00  9.92266E-01  8.82354E-02
    9049.510     53.283   4.040  1.08777E+00  9.92440E-01  9.53304E-02
    9050.748     54.520   4.080  1.09254E+00  9.92710E-01  9.98257E-02
    9051.998     55.770   4.120  1.09529E+00  9.93034E-01  1.02256E-01
    9053.260     57.032   4.160  1.09643E+00  9.93408E-01  1.03020E-01
    9054.534     58.306   4.200  1.09615E+00  9.93855E-01  1.02294E-01
    9055.820     59.592   4.240  1.09450E+00  9.94372E-01  1.00129E-01
    9057.118     60.891   4.280  1.09162E+00  9.94934E-01  9.66884E-02
    9058.429     62.201   4.320  1.08773E+00  9.95541E-01  9.21914E-02
    9059.752     63.524   4.360  1.08317E+00  9.96189E-01  8.69804E-02
    9061.087     64.859   4.400  1.07828E+00  9.96874E-01  8.14045E-02
    9062.434     66.206   4.440  1.07319E+00  9.97596E-01  7.55958E-02
    9063.793     67.566   4.480  1.06776E+00  9.98332E-01  6.94242E-02
    9065.165     68.937   4.520  1.06178E+00  9.99123E-01  6.26528E-02
    9066.549     70.321   4.560  1.05499E+00  9.99903E-01  5.50857E-02
    9067.945     71.717   4.600  1.04739E+00  1.00073E+00  4.66626E-02
    9069.353     73.125   4.640  1.03913E+00  1.00154E+00  3.75849E-02
    9070.773     74.546   4.680  1.03071E+00  1.00238E+00  2.83296E-02
    9072.206     75.978   4.720  1.02271E+00  1.00319E+00  1.95155E-02
    9073.651     77.423   4.760  1.01572E+00  1.00402E+00  1.16935E-02
    9075.107     78.880   4.800  1.00991E+00  1.00483E+00  5.08283E-03
    9076.577     80.349   4.840  1.00511E+00  1.00563E+00 -5.14244E-04
    9078.058     81.830   4.880  1.00086E+00  1.00642E+00 -5.56269E-03
    9079.551     83.324   4.920  9.96585E-01  1.00718E+00 -1.05909E-02
    9081.057     84.830   4.960  9.91955E-01  1.00790E+00 -1.59424E-02
    9082.575     86.348   5.000  9.86980E-01  1.00860E+00 -2.16250E-02
    9084.105     87.878   5.040  9.81919E-01  1.00927E+00 -2.73537E-02
    9085.647     89.420   5.080  9.77248E-01  1.00988E+00 -3.26305E-02
    9087.202     90.974   5.120  9.73598E-01  1.01047E+00 -3.68675E-02
    9088.769     92.541   5.160  9.71458E-01  1.01101E+00 -3.95536E-02
    9090.347     94.120   5.200  9.71060E-01  1.01152E+00 -4.04552E-02
    9091.938     95.711   5.240  9.72237E-01  1.01197E+00 -3.97354E-02
    9093.542     97.314   5.280  9.74481E-01  1.01236E+00 -3.78808E-02
    9095.157     98.930   5.320  9.77149E-01  1.01270E+00 -3.55561E-02
    9096.785    100.557   5.360  9.79637E-01  1.01300E+00 -3.33625E-02
    9098.425    102.197   5.400  9.81532E-01  1.01322E+00 -3.16904E-02
    9100.077    103.849   5.440  9.82771E-01  1.01340E+00 -3.06272E-02
    9101.741    105.513   5.480  9.83438E-01  1.01353E+00 -3.00886E-02
    9103.417    107.190   5.520  9.83652E-01  1.01358E+00 -2.99324E-02
    9105.106    108.878   5.560  9.83540E-01  1.01359E+00 -3.00511E-02
    9106.807    110.579   5.600  9.83117E-01  1.01353E+00 -3.04102E-02
    9108.520    112.292   5.640  9.82334E-01  1.01342E+00 -3.10819E-02
    9110.245    114.017   5.680  9.81069E-01  1.01326E+00 -3.21893E-02
    9111.982    115.755   5.720  9.79264E-01  1.01303E+00 -3.37660E-02
    9113.732    117.504   5.760  9.77106E-01  1.01276E+00 -3.56503E-02
    9115.493    119.266   5.800  9.74914E-01  1.01244E+00 -3.75245E-02
    9117.267    121.040   5.840  9.73025E-01  1.01205E+00 -3.90281E-02
    9119.053    122.826   5.880  9.71780E-01  1.01163E+00 -3.98459E-02
    9120.852    124.624   5.920  9.71461E-01  1.01116E+00 -3.97008E-02
    9122.662    126.435   5.960  9.72405E-01  1.01066E+00 -3.82535E-02
    9124.485    128.257   6.000  9.75330E-01  1.01008E+00 -3.47529E-02
