# # comment:                                                     FEFF 9.9.1  
# # Source:
# # Structure
# # Reduced
# # space
# # abc:
# # angles:
# # sites:
# # POT  SCF 100  7.0000   0, screened core-hole, AFOLP (folp(0)= 1.150)
# # Abs   Z=29 Rmt= 1.249 Rnm= 1.344 K  shell
# # Pot 1 Z=29 Rmt= 1.249 Rnm= 1.344
# # Pot 2 Z=52 Rmt= 1.296 Rnm= 1.519
# # Pot 3 Z= 8 Rmt= 0.947 Rnm= 1.096
# # Gam_ch=1.729E+00 H-L exch Vi= 0.000E+00 Vr= 0.000E+00
# # Mu=-4.897E+00eV kf=2.177E+00 Vint=-1.466E+01eV Rs_int= 1.666
# FMS rfms= 9.0000
# # PATH  Rmax=-1.000,  Keep_limit= 0.00, Heap_limit 0.00  Pwcrit= 2.50%
#  S02=0.950  Temp=   0.00  Debye_temp=   0.00  Global_sig2= 0.00000
#  Energy zero shift, vr, vi    0.00000E+00   0.00000E+00
#  Curved wave amplitude ratio filter   4.000%
#     file         sig2 tot  cw amp ratio   deg  nlegs   reff  inp sig2
#     0/   0 paths used
#  xsedge+ 50, used to normalize mu           2.4466E-04
#  -----------------------------------------------------------------------
#  omega    e    k    mu    mu0     chi     @#
    8983.276     -8.707  -1.000  4.33625E-02  5.81786E-02 -1.48162E-02
    8983.575     -8.408  -0.960  4.58083E-02  6.25552E-02 -1.67469E-02
    8983.861     -8.122  -0.920  4.84518E-02  6.74316E-02 -1.89798E-02
    8984.136     -7.847  -0.880  5.13148E-02  7.28826E-02 -2.15677E-02
    8984.398     -7.585  -0.840  5.44218E-02  7.89953E-02 -2.45735E-02
    8984.648     -7.335  -0.800  5.78003E-02  8.58709E-02 -2.80706E-02
    8984.885     -7.098  -0.760  6.14806E-02  9.36253E-02 -3.21447E-02
    8985.111     -6.872  -0.720  6.54962E-02  1.02390E-01 -3.68939E-02
    8985.324     -6.659  -0.680  6.98821E-02  1.12310E-01 -4.24280E-02
    8985.525     -6.458  -0.640  7.46739E-02  1.23538E-01 -4.88645E-02
    8985.714     -6.269  -0.600  7.99041E-02  1.36226E-01 -5.63218E-02
    8985.891     -6.092  -0.560  8.55970E-02  1.50502E-01 -6.49046E-02
    8986.056     -5.927  -0.520  9.17607E-02  1.66443E-01 -7.46824E-02
    8986.208     -5.775  -0.480  9.83766E-02  1.84035E-01 -8.56589E-02
    8986.348     -5.635  -0.440  1.05387E-01  2.03124E-01 -9.77367E-02
    8986.476     -5.507  -0.400  1.12684E-01  2.23372E-01 -1.10688E-01
    8986.592     -5.391  -0.360  1.20110E-01  2.44253E-01 -1.24143E-01
    8986.696     -5.287  -0.320  1.27460E-01  2.65080E-01 -1.37619E-01
    8986.787     -5.196  -0.280  1.34510E-01  2.85091E-01 -1.50582E-01
    8986.867     -5.116  -0.240  1.41036E-01  3.03557E-01 -1.62521E-01
    8986.934     -5.049  -0.200  1.46844E-01  3.19867E-01 -1.73023E-01
    8986.988     -4.995  -0.160  1.51777E-01  3.33578E-01 -1.81801E-01
    8987.031     -4.952  -0.120  1.55720E-01  3.44409E-01 -1.88689E-01
    8987.062     -4.921  -0.080  1.58591E-01  3.52206E-01 -1.93615E-01
    8987.086     -4.897   0.000  1.60932E-01  3.58467E-01 -1.97535E-01
    8987.141     -4.842   0.120  1.66327E-01  3.72576E-01 -2.06249E-01
    8987.184     -4.799   0.160  1.70530E-01  3.83534E-01 -2.13003E-01
    8987.238     -4.745   0.200  1.75966E-01  3.97492E-01 -2.21526E-01
    8987.305     -4.678   0.240  1.82699E-01  4.14268E-01 -2.31569E-01
    8987.385     -4.598   0.280  1.90737E-01  4.33484E-01 -2.42747E-01
    8987.476     -4.507   0.320  2.00102E-01  4.54601E-01 -2.54499E-01
    8987.580     -4.403   0.360  2.10858E-01  4.77000E-01 -2.66142E-01
    8987.696     -4.287   0.400  2.23101E-01  4.99980E-01 -2.76879E-01
    8987.824     -4.159   0.440  2.36948E-01  5.22900E-01 -2.85952E-01
    8987.964     -4.019   0.480  2.52592E-01  5.45261E-01 -2.92669E-01
    8988.116     -3.867   0.520  2.70208E-01  5.66777E-01 -2.96569E-01
    8988.281     -3.702   0.560  2.89795E-01  5.87265E-01 -2.97471E-01
    8988.458     -3.525   0.600  3.11248E-01  6.06711E-01 -2.95463E-01
    8988.647     -3.336   0.640  3.34148E-01  6.25139E-01 -2.90991E-01
    8988.848     -3.135   0.680  3.57882E-01  6.42681E-01 -2.84799E-01
    8989.061     -2.922   0.720  3.81637E-01  6.59402E-01 -2.77764E-01
    8989.287     -2.696   0.760  4.04779E-01  6.75448E-01 -2.70669E-01
    8989.524     -2.459   0.800  4.27149E-01  6.90896E-01 -2.63747E-01
    8989.774     -2.209   0.840  4.49102E-01  7.05826E-01 -2.56723E-01
    8990.036     -1.947   0.880  4.70816E-01  7.20303E-01 -2.49487E-01
    8990.311     -1.672   0.920  4.91790E-01  7.34377E-01 -2.42587E-01
    8990.597     -1.386   0.960  5.11833E-01  7.48084E-01 -2.36252E-01
    8990.896     -1.087   1.000  5.32753E-01  7.61471E-01 -2.28718E-01
    8991.207     -0.776   1.040  5.58005E-01  7.74510E-01 -2.16505E-01
    8991.530     -0.453   1.080  5.88941E-01  7.87247E-01 -1.98305E-01
    8991.865     -0.118   1.120  6.21730E-01  7.99642E-01 -1.77912E-01
    8992.213      0.230   1.160  6.51566E-01  8.11729E-01 -1.60163E-01
    8992.572      0.589   1.200  6.78655E-01  8.23477E-01 -1.44821E-01
    8992.944      0.961   1.240  7.05144E-01  8.34871E-01 -1.29727E-01
    8993.328      1.345   1.280  7.28006E-01  8.45898E-01 -1.17892E-01
    8993.725      1.741   1.320  7.42960E-01  8.56578E-01 -1.13618E-01
    8994.133      2.150   1.360  7.52273E-01  8.66872E-01 -1.14600E-01
    8994.554      2.571   1.400  7.61460E-01  8.76761E-01 -1.15301E-01
    8994.986      3.003   1.440  7.75792E-01  8.86243E-01 -1.10452E-01
    8995.431      3.448   1.480  8.03928E-01  8.95320E-01 -9.13913E-02
    8995.889      3.906   1.520  8.56313E-01  9.03950E-01 -4.76364E-02
    8996.358      4.375   1.560  9.39285E-01  9.12174E-01  2.71106E-02
    8996.840      4.857   1.600  1.05068E+00  9.19955E-01  1.30727E-01
    8997.333      5.350   1.640  1.17697E+00  9.27315E-01  2.49658E-01
    8997.839      5.856   1.680  1.29146E+00  9.34234E-01  3.57230E-01
    8998.357      6.374   1.720  1.36338E+00  9.40716E-01  4.22668E-01
    8998.888      6.905   1.760  1.37872E+00  9.46787E-01  4.31930E-01
    8999.430      7.447   1.800  1.35487E+00  9.52430E-01  4.02442E-01
    8999.985      8.002   1.840  1.32739E+00  9.57672E-01  3.69715E-01
    9000.552      8.569   1.880  1.31909E+00  9.62497E-01  3.56590E-01
    9001.131      9.148   1.920  1.32740E+00  9.66934E-01  3.60471E-01
    9001.722      9.739   1.960  1.33167E+00  9.71011E-01  3.60658E-01
    9002.326     10.343   2.000  1.31274E+00  9.74714E-01  3.38025E-01
    9002.942     10.959   2.040  1.27087E+00  9.78072E-01  2.92800E-01
    9003.570     11.586   2.080  1.21954E+00  9.81094E-01  2.38446E-01
    9004.210     12.227   2.120  1.16878E+00  9.83809E-01  1.84972E-01
    9004.862     12.879   2.160  1.12491E+00  9.86227E-01  1.38686E-01
    9005.526     13.543   2.200  1.09358E+00  9.88354E-01  1.05224E-01
    9006.203     14.220   2.240  1.07422E+00  9.90221E-01  8.40035E-02
    9006.892     14.909   2.280  1.06228E+00  9.91840E-01  7.04418E-02
    9007.593     15.610   2.320  1.05738E+00  9.93236E-01  6.41474E-02
    9008.306     16.323   2.360  1.06271E+00  9.94419E-01  6.82858E-02
    9009.031     17.048   2.400  1.07601E+00  9.95399E-01  8.06131E-02
    9009.769     17.786   2.440  1.08639E+00  9.96181E-01  9.02112E-02
    9010.519     18.536   2.480  1.08540E+00  9.96818E-01  8.85821E-02
    9011.281     19.298   2.520  1.07384E+00  9.97318E-01  7.65198E-02
    9012.055     20.072   2.560  1.05110E+00  9.97667E-01  5.34281E-02
    9012.841     20.858   2.600  1.01627E+00  9.97913E-01  1.83616E-02
    9013.640     21.657   2.640  9.85073E-01  9.98043E-01 -1.29697E-02
    9014.451     22.468   2.680  9.63055E-01  9.98083E-01 -3.50277E-02
    9015.274     23.291   2.720  9.49360E-01  9.98042E-01 -4.86820E-02
    9016.109     24.126   2.760  9.41420E-01  9.97945E-01 -5.65253E-02
    9016.956     24.973   2.800  9.36189E-01  9.97777E-01 -6.15875E-02
    9017.816     25.833   2.840  9.30584E-01  9.97584E-01 -6.70008E-02
    9018.688     26.705   2.880  9.21730E-01  9.97332E-01 -7.56014E-02
    9019.571     27.588   2.920  9.09722E-01  9.97064E-01 -8.73421E-02
    9020.468     28.485   2.960  8.97022E-01  9.96788E-01 -9.97654E-02
    9021.376     29.393   3.000  8.86385E-01  9.96505E-01 -1.10120E-01
    9022.296     30.313   3.040  8.79224E-01  9.96200E-01 -1.16976E-01
    9023.229     31.246   3.080  8.75792E-01  9.95916E-01 -1.20124E-01
    9024.174     32.191   3.120  8.75341E-01  9.95636E-01 -1.20296E-01
    9025.131     33.148   3.160  8.76695E-01  9.95384E-01 -1.18690E-01
    9026.100     34.117   3.200  8.79198E-01  9.95142E-01 -1.15944E-01
    9027.082     35.099   3.240  8.82717E-01  9.94931E-01 -1.12215E-01
    9028.075     36.092   3.280  8.87174E-01  9.94755E-01 -1.07580E-01
    9029.081     37.098   3.320  8.92696E-01  9.94593E-01 -1.01897E-01
    9030.099     38.116   3.360  8.99526E-01  9.94490E-01 -9.49640E-02
    9031.129     39.146   3.400  9.07565E-01  9.94403E-01 -8.68378E-02
    9032.172     40.189   3.440  9.16386E-01  9.94354E-01 -7.79678E-02
    9033.226     41.243   3.480  9.25510E-01  9.94367E-01 -6.88572E-02
    9034.293     42.310   3.520  9.34378E-01  9.94401E-01 -6.00230E-02
    9035.372     43.389   3.560  9.42678E-01  9.94498E-01 -5.18194E-02
    9036.463     44.480   3.600  9.50318E-01  9.94636E-01 -4.43180E-02
    9037.567     45.584   3.640  9.57520E-01  9.94815E-01 -3.72956E-02
    9038.682     46.699   3.680  9.64773E-01  9.95034E-01 -3.02610E-02
    9039.810     47.827   3.720  9.72719E-01  9.95294E-01 -2.25756E-02
    9040.950     48.967   3.760  9.82055E-01  9.95592E-01 -1.35377E-02
    9042.102     50.119   3.800  9.93100E-01  9.95931E-01 -2.83006E-03
    9043.266     51.283   3.840  1.00563E+00  9.96308E-01  9.32459E-03
    9044.443     52.460   3.880  1.01900E+00  9.96720E-01  2.22791E-02
    9045.632     53.649   3.920  1.03238E+00  9.97148E-01  3.52355E-02
    9046.833     54.850   3.960  1.04506E+00  9.97634E-01  4.74301E-02
    9048.046     56.063   4.000  1.05641E+00  9.98133E-01  5.82738E-02
    9049.271     57.288   4.040  1.06600E+00  9.98665E-01  6.73331E-02
    9050.509     58.525   4.080  1.07345E+00  9.99231E-01  7.42193E-02
    9051.758     59.775   4.120  1.07839E+00  9.99804E-01  7.85844E-02
    9053.020     61.037   4.160  1.08072E+00  1.00038E+00  8.03378E-02
    9054.294     62.311   4.200  1.08056E+00  1.00099E+00  7.95719E-02
    9055.580     63.597   4.240  1.07821E+00  1.00160E+00  7.66038E-02
    9056.879     64.896   4.280  1.07419E+00  1.00224E+00  7.19498E-02
    9058.189     66.206   4.320  1.06906E+00  1.00286E+00  6.62034E-02
    9059.512     67.529   4.360  1.06345E+00  1.00350E+00  5.99560E-02
    9060.847     68.864   4.400  1.05793E+00  1.00413E+00  5.37961E-02
    9062.194     70.211   4.440  1.05302E+00  1.00475E+00  4.82743E-02
    9063.554     71.571   4.480  1.04901E+00  1.00535E+00  4.36554E-02
    9064.925     72.942   4.520  1.04586E+00  1.00595E+00  3.99022E-02
    9066.309     74.326   4.560  1.04328E+00  1.00655E+00  3.67355E-02
    9067.705     75.722   4.600  1.04088E+00  1.00711E+00  3.37679E-02
    9069.113     77.130   4.640  1.03831E+00  1.00766E+00  3.06455E-02
    9070.534     78.551   4.680  1.03533E+00  1.00818E+00  2.71464E-02
    9071.966     79.983   4.720  1.03188E+00  1.00869E+00  2.31873E-02
    9073.411     81.428   4.760  1.02795E+00  1.00916E+00  1.87859E-02
    9074.868     82.885   4.800  1.02362E+00  1.00959E+00  1.40298E-02
    9076.337     84.354   4.840  1.01901E+00  1.00999E+00  9.02291E-03
    9077.818     85.835   4.880  1.01424E+00  1.01037E+00  3.87315E-03
    9079.312     87.329   4.920  1.00944E+00  1.01071E+00 -1.27255E-03
    9080.818     88.835   4.960  1.00474E+00  1.01099E+00 -6.24461E-03
    9082.336     90.353   5.000  1.00032E+00  1.01124E+00 -1.09224E-02
    9083.866     91.883   5.040  9.96137E-01  1.01146E+00 -1.53215E-02
    9085.408     93.425   5.080  9.91969E-01  1.01161E+00 -1.96416E-02
    9086.962     94.979   5.120  9.87566E-01  1.01174E+00 -2.41760E-02
    9088.529     96.546   5.160  9.82607E-01  1.01183E+00 -2.92234E-02
    9090.108     98.125   5.200  9.76977E-01  1.01185E+00 -3.48781E-02
    9091.699     99.716   5.240  9.70913E-01  1.01186E+00 -4.09457E-02
    9093.302    101.319   5.280  9.64876E-01  1.01180E+00 -4.69217E-02
    9094.918    102.935   5.320  9.59607E-01  1.01172E+00 -5.21101E-02
    9096.545    104.562   5.360  9.55791E-01  1.01157E+00 -5.57799E-02
    9098.185    106.202   5.400  9.54058E-01  1.01138E+00 -5.73236E-02
    9099.837    107.854   5.440  9.54792E-01  1.01118E+00 -5.63837E-02
    9101.501    109.518   5.480  9.57981E-01  1.01091E+00 -5.29269E-02
    9103.178    111.195   5.520  9.63338E-01  1.01062E+00 -4.72828E-02
    9104.866    112.883   5.560  9.70155E-01  1.01027E+00 -4.01172E-02
    9106.567    114.584   5.600  9.77636E-01  1.00991E+00 -3.22715E-02
    9108.280    116.297   5.640  9.84938E-01  1.00951E+00 -2.45682E-02
    9110.005    118.022   5.680  9.91411E-01  1.00907E+00 -1.76537E-02
    9111.743    119.760   5.720  9.96589E-01  1.00859E+00 -1.19983E-02
    9113.492    121.509   5.760  1.00017E+00  1.00808E+00 -7.90539E-03
    9115.254    123.271   5.800  1.00208E+00  1.00756E+00 -5.47655E-03
    9117.028    125.045   5.840  1.00248E+00  1.00703E+00 -4.55490E-03
    9118.814    126.831   5.880  1.00172E+00  1.00648E+00 -4.76335E-03
    9120.612    128.629   5.920  1.00029E+00  1.00590E+00 -5.61045E-03
    9122.423    130.440   5.960  9.98804E-01  1.00533E+00 -6.52092E-03
    9124.245    132.262   6.000  9.97908E-01  1.00471E+00 -6.79765E-03
