# # comment:                                                     FEFF 9.9.1  
# # Source:
# # Structure
# # Reduced
# # space
# # abc:
# # angles:
# # sites:
# # POT  SCF 100  7.0000   0, screened core-hole, AFOLP (folp(0)= 1.150)
# # Abs   Z=29 Rmt= 1.225 Rnm= 1.313 K  shell
# # Pot 1 Z=37 Rmt= 1.831 Rnm= 1.866
# # Pot 2 Z=29 Rmt= 1.225 Rnm= 1.314
# # Pot 3 Z= 8 Rmt= 1.127 Rnm= 1.182
# # Gam_ch=1.729E+00 H-L exch Vi= 0.000E+00 Vr= 0.000E+00
# # Mu=-1.071E+01eV kf=1.896E+00 Vint=-1.465E+01eV Rs_int= 1.912
# FMS rfms= 9.0000
# # PATH  Rmax=-1.000,  Keep_limit= 0.00, Heap_limit 0.00  Pwcrit= 2.50%
#  S02=0.950  Temp=   0.00  Debye_temp=   0.00  Global_sig2= 0.00000
#  Energy zero shift, vr, vi    0.00000E+00   0.00000E+00
#  Curved wave amplitude ratio filter   4.000%
#     file         sig2 tot  cw amp ratio   deg  nlegs   reff  inp sig2
#     0/   0 paths used
#  xsedge+ 50, used to normalize mu           2.4070E-04
#  -----------------------------------------------------------------------
#  omega    e    k    mu    mu0     chi     @#
    8984.778    -14.523  -1.000  3.03186E-02  4.94535E-02 -1.91349E-02
    8985.077    -14.224  -0.960  3.17342E-02  5.26778E-02 -2.09436E-02
    8985.363    -13.938  -0.920  3.32718E-02  5.62173E-02 -2.29455E-02
    8985.638    -13.663  -0.880  3.49504E-02  6.01136E-02 -2.51632E-02
    8985.900    -13.401  -0.840  3.67924E-02  6.44146E-02 -2.76222E-02
    8986.150    -13.151  -0.800  3.88238E-02  6.91750E-02 -3.03511E-02
    8986.387    -12.914  -0.760  4.10756E-02  7.44568E-02 -3.33812E-02
    8986.613    -12.688  -0.720  4.35827E-02  8.03295E-02 -3.67468E-02
    8986.826    -12.475  -0.680  4.63842E-02  8.68683E-02 -4.04840E-02
    8987.027    -12.273  -0.640  4.95220E-02  9.41515E-02 -4.46295E-02
    8987.216    -12.084  -0.600  5.30370E-02  1.02255E-01 -4.92176E-02
    8987.393    -11.908  -0.560  5.69645E-02  1.11240E-01 -5.42754E-02
    8987.558    -11.743  -0.520  6.13248E-02  1.21141E-01 -5.98158E-02
    8987.710    -11.591  -0.480  6.61115E-02  1.31940E-01 -6.58284E-02
    8987.850    -11.450  -0.440  7.12779E-02  1.43546E-01 -7.22678E-02
    8987.978    -11.322  -0.400  7.67260E-02  1.55769E-01 -7.90434E-02
    8988.094    -11.207  -0.360  8.23049E-02  1.68319E-01 -8.60143E-02
    8988.198    -11.103  -0.320  8.78241E-02  1.80816E-01 -9.29922E-02
    8988.289    -11.012  -0.280  9.30799E-02  1.92837E-01 -9.97568E-02
    8988.369    -10.932  -0.240  9.78867E-02  2.03965E-01 -1.06079E-01
    8988.436    -10.865  -0.200  1.02100E-01  2.13844E-01 -1.11744E-01
    8988.491    -10.810  -0.160  1.05621E-01  2.22197E-01 -1.16576E-01
    8988.533    -10.768  -0.120  1.08393E-01  2.28837E-01 -1.20444E-01
    8988.564    -10.737  -0.080  1.10380E-01  2.33644E-01 -1.23264E-01
    8988.588    -10.713   0.000  1.11958E-01  2.37527E-01 -1.25568E-01
    8988.643    -10.658   0.120  1.15879E-01  2.46311E-01 -1.30432E-01
    8988.686    -10.615   0.160  1.18881E-01  2.53200E-01 -1.34319E-01
    8988.740    -10.560   0.200  1.22706E-01  2.62080E-01 -1.39375E-01
    8988.808    -10.493   0.240  1.27330E-01  2.72909E-01 -1.45579E-01
    8988.887    -10.414   0.280  1.32716E-01  2.85581E-01 -1.52866E-01
    8988.978    -10.323   0.320  1.38840E-01  2.99920E-01 -1.61081E-01
    8989.082    -10.219   0.360  1.45737E-01  3.15686E-01 -1.69949E-01
    8989.198    -10.103   0.400  1.53457E-01  3.32616E-01 -1.79159E-01
    8989.326     -9.975   0.440  1.62004E-01  3.50465E-01 -1.88461E-01
    8989.466     -9.835   0.480  1.71050E-01  3.69038E-01 -1.97988E-01
    8989.618     -9.683   0.520  1.79539E-01  3.88207E-01 -2.08668E-01
    8989.783     -9.518   0.560  1.85401E-01  4.07932E-01 -2.22531E-01
    8989.960     -9.341   0.600  1.85967E-01  4.28146E-01 -2.42180E-01
    8990.149     -9.152   0.640  1.79774E-01  4.48912E-01 -2.69138E-01
    8990.350     -8.951   0.680  1.67914E-01  4.70201E-01 -3.02287E-01
    8990.563     -8.738   0.720  1.53716E-01  4.92031E-01 -3.38315E-01
    8990.789     -8.512   0.760  1.40464E-01  5.14431E-01 -3.73967E-01
    8991.026     -8.274   0.800  1.29950E-01  5.37359E-01 -4.07409E-01
    8991.276     -8.025   0.840  1.22618E-01  5.60802E-01 -4.38184E-01
    8991.539     -7.762   0.880  1.18172E-01  5.84693E-01 -4.66522E-01
    8991.813     -7.488   0.920  1.16134E-01  6.08954E-01 -4.92820E-01
    8992.099     -7.202   0.960  1.16119E-01  6.33515E-01 -5.17396E-01
    8992.398     -6.903   1.000  1.17819E-01  6.58277E-01 -5.40458E-01
    8992.709     -6.592   1.040  1.21068E-01  6.83114E-01 -5.62046E-01
    8993.032     -6.269   1.080  1.25820E-01  7.07935E-01 -5.82115E-01
    8993.367     -5.934   1.120  1.32195E-01  7.32624E-01 -6.00429E-01
    8993.715     -5.586   1.160  1.40358E-01  7.57020E-01 -6.16662E-01
    8994.074     -5.227   1.200  1.50772E-01  7.81043E-01 -6.30271E-01
    8994.446     -4.855   1.240  1.64090E-01  8.04512E-01 -6.40422E-01
    8994.830     -4.471   1.280  1.81510E-01  8.27372E-01 -6.45861E-01
    8995.227     -4.074   1.320  2.04815E-01  8.49444E-01 -6.44629E-01
    8995.635     -3.666   1.360  2.36643E-01  8.70702E-01 -6.34058E-01
    8996.056     -3.245   1.400  2.79471E-01  8.90997E-01 -6.11525E-01
    8996.488     -2.813   1.440  3.34895E-01  9.10271E-01 -5.75376E-01
    8996.933     -2.367   1.480  4.05871E-01  9.28452E-01 -5.22582E-01
    8997.391     -1.910   1.520  4.90334E-01  9.45495E-01 -4.55161E-01
    8997.860     -1.441   1.560  5.61497E-01  9.61380E-01 -3.99883E-01
    8998.342     -0.959   1.600  6.02942E-01  9.76036E-01 -3.73094E-01
    8998.835     -0.466   1.640  6.44503E-01  9.89501E-01 -3.44998E-01
    8999.341      0.040   1.680  7.04974E-01  1.00177E+00 -2.96800E-01
    8999.860      0.559   1.720  7.83979E-01  1.01282E+00 -2.28843E-01
    9000.390      1.089   1.760  8.96104E-01  1.02272E+00 -1.26614E-01
    9000.932      1.631   1.800  1.07142E+00  1.03146E+00  3.99640E-02
    9001.487      2.186   1.840  1.32691E+00  1.03913E+00  2.87781E-01
    9002.054      2.753   1.880  1.62684E+00  1.04573E+00  5.81112E-01
    9002.633      3.332   1.920  1.86281E+00  1.05133E+00  8.11476E-01
    9003.224      3.924   1.960  1.97054E+00  1.05600E+00  9.14548E-01
    9003.828      4.527   2.000  1.97389E+00  1.05976E+00  9.14127E-01
    9004.444      5.143   2.040  1.90377E+00  1.06272E+00  8.41046E-01
    9005.072      5.771   2.080  1.80113E+00  1.06492E+00  7.36208E-01
    9005.712      6.411   2.120  1.69676E+00  1.06639E+00  6.30370E-01
    9006.364      7.063   2.160  1.58112E+00  1.06725E+00  5.13876E-01
    9007.028      7.727   2.200  1.44145E+00  1.06750E+00  3.73947E-01
    9007.705      8.404   2.240  1.29608E+00  1.06724E+00  2.28836E-01
    9008.394      9.093   2.280  1.18663E+00  1.06651E+00  1.20121E-01
    9009.095      9.794   2.320  1.13807E+00  1.06537E+00  7.26949E-02
    9009.808     10.507   2.360  1.12524E+00  1.06386E+00  6.13819E-02
    9010.534     11.233   2.400  1.11550E+00  1.06204E+00  5.34608E-02
    9011.271     11.970   2.440  1.09889E+00  1.05994E+00  3.89468E-02
    9012.021     12.720   2.480  1.07887E+00  1.05760E+00  2.12729E-02
    9012.783     13.482   2.520  1.06368E+00  1.05507E+00  8.60476E-03
    9013.557     14.256   2.560  1.05801E+00  1.05241E+00  5.60420E-03
    9014.344     15.043   2.600  1.06026E+00  1.04960E+00  1.06588E-02
    9015.142     15.841   2.640  1.06452E+00  1.04672E+00  1.78048E-02
    9015.953     16.652   2.680  1.06320E+00  1.04375E+00  1.94531E-02
    9016.776     17.475   2.720  1.05164E+00  1.04076E+00  1.08810E-02
    9017.611     18.310   2.760  1.03001E+00  1.03776E+00 -7.74379E-03
    9018.458     19.157   2.800  1.00225E+00  1.03476E+00 -3.25184E-02
    9019.318     20.017   2.840  9.72947E-01  1.03180E+00 -5.88559E-02
    9020.190     20.889   2.880  9.45289E-01  1.02889E+00 -8.35957E-02
    9021.074     21.773   2.920  9.21304E-01  1.02602E+00 -1.04714E-01
    9021.970     22.669   2.960  9.02360E-01  1.02325E+00 -1.20891E-01
    9022.878     23.577   3.000  8.88766E-01  1.02055E+00 -1.31782E-01
    9023.798     24.497   3.040  8.79348E-01  1.01795E+00 -1.38605E-01
    9024.731     25.430   3.080  8.71670E-01  1.01546E+00 -1.43785E-01
    9025.676     26.375   3.120  8.63687E-01  1.01310E+00 -1.49411E-01
    9026.633     27.332   3.160  8.54797E-01  1.01084E+00 -1.56046E-01
    9027.602     28.301   3.200  8.45838E-01  1.00874E+00 -1.62899E-01
    9028.584     29.283   3.240  8.37766E-01  1.00674E+00 -1.68972E-01
    9029.577     30.276   3.280  8.31084E-01  1.00491E+00 -1.73828E-01
    9030.583     31.282   3.320  8.25929E-01  1.00320E+00 -1.77268E-01
    9031.601     32.300   3.360  8.22972E-01  1.00164E+00 -1.78666E-01
    9032.631     33.331   3.400  8.23155E-01  1.00023E+00 -1.77079E-01
    9033.674     34.373   3.440  8.27494E-01  9.98967E-01 -1.71473E-01
    9034.728     35.428   3.480  8.36610E-01  9.97857E-01 -1.61247E-01
    9035.795     36.494   3.520  8.50303E-01  9.96903E-01 -1.46600E-01
    9036.874     37.573   3.560  8.68226E-01  9.96084E-01 -1.27858E-01
    9037.965     38.665   3.600  8.89912E-01  9.95397E-01 -1.05485E-01
    9039.069     39.768   3.640  9.14602E-01  9.94865E-01 -8.02623E-02
    9040.184     40.883   3.680  9.41025E-01  9.94486E-01 -5.34611E-02
    9041.312     42.011   3.720  9.68099E-01  9.94216E-01 -2.61168E-02
    9042.452     43.151   3.760  9.95209E-01  9.94096E-01  1.11265E-03
    9043.604     44.303   3.800  1.02157E+00  9.94106E-01  2.74600E-02
    9044.769     45.468   3.840  1.04599E+00  9.94260E-01  5.17316E-02
    9045.945     46.644   3.880  1.06680E+00  9.94517E-01  7.22813E-02
    9047.134     47.833   3.920  1.08296E+00  9.94894E-01  8.80637E-02
    9048.335     49.034   3.960  1.09480E+00  9.95389E-01  9.94122E-02
    9049.548     50.247   4.000  1.10340E+00  9.95976E-01  1.07427E-01
    9050.773     51.472   4.040  1.10941E+00  9.96677E-01  1.12729E-01
    9052.011     52.710   4.080  1.11291E+00  9.97467E-01  1.15441E-01
    9053.260     53.959   4.120  1.11478E+00  9.98342E-01  1.16438E-01
    9054.522     55.221   4.160  1.11611E+00  9.99321E-01  1.16787E-01
    9055.796     56.495   4.200  1.11698E+00  1.00036E+00  1.16624E-01
    9057.082     57.781   4.240  1.11670E+00  1.00144E+00  1.15255E-01
    9058.381     59.080   4.280  1.11506E+00  1.00263E+00  1.12434E-01
    9059.692     60.391   4.320  1.11250E+00  1.00384E+00  1.08661E-01
    9061.014     61.713   4.360  1.10989E+00  1.00511E+00  1.04781E-01
    9062.349     63.048   4.400  1.10796E+00  1.00640E+00  1.01559E-01
    9063.697     64.396   4.440  1.10685E+00  1.00775E+00  9.90985E-02
    9065.056     65.755   4.480  1.10600E+00  1.00911E+00  9.68919E-02
    9066.428     67.127   4.520  1.10482E+00  1.01050E+00  9.43157E-02
    9067.811     68.510   4.560  1.10275E+00  1.01188E+00  9.08693E-02
    9069.207     69.906   4.600  1.09895E+00  1.01327E+00  8.56759E-02
    9070.615     71.315   4.640  1.09130E+00  1.01467E+00  7.66327E-02
    9072.036     72.735   4.680  1.07669E+00  1.01603E+00  6.06599E-02
    9073.468     74.167   4.720  1.05312E+00  1.01739E+00  3.57302E-02
    9074.913     75.612   4.760  1.02206E+00  1.01873E+00  3.32726E-03
    9076.370     77.069   4.800  9.88440E-01  1.02004E+00 -3.15995E-02
    9077.839     78.538   4.840  9.58456E-01  1.02128E+00 -6.28272E-02
    9079.321     80.020   4.880  9.37610E-01  1.02250E+00 -8.48949E-02
    9080.814     81.513   4.920  9.28977E-01  1.02366E+00 -9.46816E-02
    9082.320     83.019   4.960  9.32914E-01  1.02479E+00 -9.18730E-02
    9083.838     84.537   5.000  9.47169E-01  1.02582E+00 -7.86514E-02
    9085.368     86.067   5.040  9.67933E-01  1.02682E+00 -5.88905E-02
    9086.910     87.609   5.080  9.90540E-01  1.02773E+00 -3.71860E-02
    9088.465     89.164   5.120  1.01005E+00  1.02857E+00 -1.85257E-02
    9090.031     90.730   5.160  1.02137E+00  1.02934E+00 -7.96854E-03
    9091.610     92.309   5.200  1.02108E+00  1.03002E+00 -8.94186E-03
    9093.201     93.900   5.240  1.01001E+00  1.03062E+00 -2.06078E-02
    9094.804     95.503   5.280  9.92797E-01  1.03113E+00 -3.83371E-02
    9096.420     97.119   5.320  9.74648E-01  1.03156E+00 -5.69144E-02
    9098.047     98.746   5.360  9.58851E-01  1.03188E+00 -7.30331E-02
    9099.687    100.386   5.400  9.46511E-01  1.03214E+00 -8.56320E-02
    9101.339    102.038   5.440  9.38256E-01  1.03232E+00 -9.40612E-02
    9103.003    103.702   5.480  9.35852E-01  1.03238E+00 -9.65316E-02
    9104.680    105.379   5.520  9.41219E-01  1.03239E+00 -9.11681E-02
    9106.368    107.067   5.560  9.53915E-01  1.03228E+00 -7.83686E-02
    9108.069    108.768   5.600  9.70727E-01  1.03210E+00 -6.13709E-02
    9109.782    110.481   5.640  9.86986E-01  1.03185E+00 -4.48664E-02
    9111.507    112.206   5.680  9.98445E-01  1.03150E+00 -3.30584E-02
    9113.245    113.944   5.720  1.00305E+00  1.03110E+00 -2.80420E-02
    9114.994    115.693   5.760  1.00200E+00  1.03059E+00 -2.85860E-02
    9116.756    117.455   5.800  9.99375E-01  1.03006E+00 -3.06803E-02
    9118.530    119.229   5.840  9.99063E-01  1.02943E+00 -3.03633E-02
    9120.316    121.015   5.880  1.00286E+00  1.02875E+00 -2.58921E-02
    9122.114    122.813   5.920  1.01105E+00  1.02803E+00 -1.69840E-02
    9123.925    124.624   5.960  1.02393E+00  1.02725E+00 -3.31856E-03
    9125.747    126.447   6.000  1.04231E+00  1.02639E+00  1.59222E-02
