# # comment:                                                     FEFF 9.9.1  
# # Source:
# # Structure
# # Reduced
# # space
# # abc:
# # angles:
# # sites:
# # POT  SCF 100  7.0000   0, screened core-hole, AFOLP (folp(0)= 1.150)
# # Abs   Z=29 Rmt= 1.347 Rnm= 1.413 K  shell
# # Pot 1 Z=71 Rmt= 1.534 Rnm= 1.628
# # Pot 2 Z=29 Rmt= 1.347 Rnm= 1.413
# # Pot 3 Z=74 Rmt= 1.261 Rnm= 1.425
# # Pot 4 Z= 8 Rmt= 0.999 Rnm= 1.081
# # Gam_ch=1.729E+00 H-L exch Vi= 0.000E+00 Vr= 0.000E+00
# # Mu=-5.838E+00eV kf=2.263E+00 Vint=-1.637E+01eV Rs_int= 1.603
# FMS rfms= 9.0000
# # PATH  Rmax=-1.000,  Keep_limit= 0.00, Heap_limit 0.00  Pwcrit= 2.50%
#  S02=0.950  Temp=   0.00  Debye_temp=   0.00  Global_sig2= 0.00000
#  Energy zero shift, vr, vi    0.00000E+00   0.00000E+00
#  Curved wave amplitude ratio filter   4.000%
#     file         sig2 tot  cw amp ratio   deg  nlegs   reff  inp sig2
#     0/   0 paths used
#  xsedge+ 50, used to normalize mu           2.4613E-04
#  -----------------------------------------------------------------------
#  omega    e    k    mu    mu0     chi     @#
    8983.458     -9.648  -1.000  5.21993E-02  5.71304E-02 -4.93108E-03
    8983.757     -9.349  -0.960  5.55415E-02  6.13704E-02 -5.82883E-03
    8984.044     -9.062  -0.920  5.91994E-02  6.60901E-02 -6.89070E-03
    8984.318     -8.788  -0.880  6.32149E-02  7.13611E-02 -8.14614E-03
    8984.580     -8.526  -0.840  6.76370E-02  7.72665E-02 -9.62949E-03
    8984.830     -8.276  -0.800  7.25225E-02  8.39030E-02 -1.13805E-02
    8985.068     -8.038  -0.760  7.79371E-02  9.13815E-02 -1.34444E-02
    8985.293     -7.813  -0.720  8.39552E-02  9.98274E-02 -1.58722E-02
    8985.507     -7.599  -0.680  9.06595E-02  1.09379E-01 -1.87197E-02
    8985.708     -7.398  -0.640  9.81373E-02  1.20183E-01 -2.20457E-02
    8985.897     -7.209  -0.600  1.06474E-01  1.32383E-01 -2.59089E-02
    8986.073     -7.033  -0.560  1.15740E-01  1.46102E-01 -3.03619E-02
    8986.238     -6.868  -0.520  1.25971E-01  1.61414E-01 -3.54427E-02
    8986.390     -6.716  -0.480  1.37139E-01  1.78303E-01 -4.11639E-02
    8986.531     -6.575  -0.440  1.49124E-01  1.96622E-01 -4.74982E-02
    8986.659     -6.447  -0.400  1.61683E-01  2.16049E-01 -5.43658E-02
    8986.775     -6.332  -0.360  1.74453E-01  2.36078E-01 -6.16249E-02
    8986.878     -6.228  -0.320  1.86980E-01  2.56053E-01 -6.90729E-02
    8986.970     -6.136  -0.280  1.98785E-01  2.75244E-01 -7.64586E-02
    8987.049     -6.057  -0.240  2.09445E-01  2.92952E-01 -8.35068E-02
    8987.116     -5.990  -0.200  2.18647E-01  3.08593E-01 -8.99457E-02
    8987.171     -5.935  -0.160  2.26210E-01  3.21742E-01 -9.55324E-02
    8987.213     -5.893  -0.120  2.32059E-01  3.32130E-01 -1.00071E-01
    8987.244     -5.862  -0.080  2.36186E-01  3.39608E-01 -1.03422E-01
    8987.268     -5.838   0.000  2.39392E-01  3.45613E-01 -1.06220E-01
    8987.323     -5.783   0.120  2.46480E-01  3.59164E-01 -1.12685E-01
    8987.366     -5.740   0.160  2.51941E-01  3.69659E-01 -1.17719E-01
    8987.421     -5.685   0.200  2.58805E-01  3.83067E-01 -1.24262E-01
    8987.488     -5.618   0.240  2.66874E-01  3.99170E-01 -1.32296E-01
    8987.567     -5.539   0.280  2.75863E-01  4.17607E-01 -1.41744E-01
    8987.658     -5.448   0.320  2.85534E-01  4.37905E-01 -1.52371E-01
    8987.762     -5.344   0.360  2.95706E-01  4.59432E-01 -1.63726E-01
    8987.878     -5.228   0.400  3.06421E-01  4.81538E-01 -1.75117E-01
    8988.006     -5.100   0.440  3.18027E-01  5.03612E-01 -1.85585E-01
    8988.146     -4.960   0.480  3.31230E-01  5.25219E-01 -1.93989E-01
    8988.299     -4.808   0.520  3.46909E-01  5.46027E-01 -1.99118E-01
    8988.463     -4.643   0.560  3.65956E-01  5.65903E-01 -1.99947E-01
    8988.640     -4.466   0.600  3.88870E-01  5.84835E-01 -1.95965E-01
    8988.829     -4.277   0.640  4.15252E-01  6.02850E-01 -1.87598E-01
    8989.030     -4.076   0.680  4.43701E-01  6.20076E-01 -1.76376E-01
    8989.243     -3.863   0.720  4.72262E-01  6.36619E-01 -1.64357E-01
    8989.469     -3.637   0.760  4.99691E-01  6.52561E-01 -1.52871E-01
    8989.707     -3.399   0.800  5.26587E-01  6.68037E-01 -1.41450E-01
    8989.957     -3.149   0.840  5.55161E-01  6.83086E-01 -1.27925E-01
    8990.219     -2.887   0.880  5.88325E-01  6.97814E-01 -1.09489E-01
    8990.493     -2.613   0.920  6.28251E-01  7.12268E-01 -8.40173E-02
    8990.780     -2.326   0.960  6.75543E-01  7.26464E-01 -5.09208E-02
    8991.078     -2.028   1.000  7.29818E-01  7.40447E-01 -1.06293E-02
    8991.389     -1.717   1.040  7.91045E-01  7.54231E-01  3.68142E-02
    8991.712     -1.394   1.080  8.58233E-01  7.67820E-01  9.04123E-02
    8992.048     -1.058   1.120  9.25547E-01  7.81195E-01  1.44352E-01
    8992.395     -0.711   1.160  9.85730E-01  7.94365E-01  1.91365E-01
    8992.755     -0.351   1.200  1.03886E+00  8.07320E-01  2.31544E-01
    8993.127      0.021   1.240  1.08921E+00  8.20042E-01  2.69167E-01
    8993.511      0.405   1.280  1.13561E+00  8.32512E-01  3.03097E-01
    8993.907      0.801   1.320  1.16696E+00  8.44709E-01  3.22247E-01
    8994.315      1.209   1.360  1.16830E+00  8.56629E-01  3.11675E-01
    8994.736      1.630   1.400  1.13453E+00  8.68228E-01  2.66303E-01
    8995.169      2.063   1.440  1.08047E+00  8.79480E-01  2.00990E-01
    8995.614      2.508   1.480  1.03668E+00  8.90398E-01  1.46279E-01
    8996.071      2.965   1.520  1.02325E+00  9.00919E-01  1.22330E-01
    8996.540      3.434   1.560  1.03800E+00  9.11075E-01  1.26924E-01
    8997.022      3.916   1.600  1.06416E+00  9.20801E-01  1.43364E-01
    8997.516      4.410   1.640  1.08852E+00  9.30133E-01  1.58390E-01
    8998.022      4.916   1.680  1.10974E+00  9.39006E-01  1.70736E-01
    8998.540      5.434   1.720  1.13035E+00  9.47437E-01  1.82914E-01
    8999.070      5.964   1.760  1.15300E+00  9.55423E-01  1.97573E-01
    8999.613      6.507   1.800  1.18218E+00  9.62965E-01  2.19215E-01
    9000.167      7.061   1.840  1.21269E+00  9.70019E-01  2.42671E-01
    9000.734      7.628   1.880  1.23180E+00  9.76628E-01  2.55175E-01
    9001.313      8.207   1.920  1.23498E+00  9.82773E-01  2.52208E-01
    9001.905      8.799   1.960  1.22255E+00  9.88455E-01  2.34094E-01
    9002.508      9.402   2.000  1.19812E+00  9.93678E-01  2.04438E-01
    9003.124     10.018   2.040  1.17088E+00  9.98445E-01  1.72436E-01
    9003.752     10.646   2.080  1.14630E+00  1.00279E+00  1.43518E-01
    9004.392     11.286   2.120  1.12093E+00  1.00670E+00  1.14230E-01
    9005.044     11.938   2.160  1.09304E+00  1.01021E+00  8.28306E-02
    9005.709     12.603   2.200  1.06771E+00  1.01332E+00  5.43857E-02
    9006.385     13.279   2.240  1.04888E+00  1.01603E+00  3.28489E-02
    9007.074     13.968   2.280  1.03585E+00  1.01838E+00  1.74763E-02
    9007.775     14.669   2.320  1.02804E+00  1.02037E+00  7.67166E-03
    9008.488     15.382   2.360  1.01764E+00  1.02203E+00 -4.39219E-03
    9009.214     16.108   2.400  9.90044E-01  1.02337E+00 -3.33267E-02
    9009.951     16.845   2.440  9.45907E-01  1.02441E+00 -7.85036E-02
    9010.701     17.595   2.480  9.01314E-01  1.02516E+00 -1.23849E-01
    9011.463     18.357   2.520  8.69067E-01  1.02564E+00 -1.56570E-01
    9012.237     19.131   2.560  8.53459E-01  1.02589E+00 -1.72428E-01
    9013.024     19.918   2.600  8.53567E-01  1.02590E+00 -1.72329E-01
    9013.822     20.716   2.640  8.65127E-01  1.02570E+00 -1.60571E-01
    9014.633     21.527   2.680  8.82702E-01  1.02532E+00 -1.42620E-01
    9015.456     22.350   2.720  8.96786E-01  1.02478E+00 -1.27990E-01
    9016.291     23.185   2.760  9.08266E-01  1.02405E+00 -1.15783E-01
    9017.139     24.033   2.800  9.18355E-01  1.02321E+00 -1.04854E-01
    9017.998     24.892   2.840  9.27301E-01  1.02225E+00 -9.49444E-02
    9018.870     25.764   2.880  9.34650E-01  1.02116E+00 -8.65148E-02
    9019.754     26.648   2.920  9.40628E-01  1.01997E+00 -7.93461E-02
    9020.650     27.544   2.960  9.46447E-01  1.01872E+00 -7.22769E-02
    9021.558     28.452   3.000  9.52967E-01  1.01742E+00 -6.44532E-02
    9022.479     29.373   3.040  9.60536E-01  1.01605E+00 -5.55145E-02
    9023.411     30.305   3.080  9.69201E-01  1.01466E+00 -4.54595E-02
    9024.356     31.250   3.120  9.78547E-01  1.01323E+00 -3.46872E-02
    9025.313     32.207   3.160  9.87887E-01  1.01178E+00 -2.38918E-02
    9026.283     33.177   3.200  9.96682E-01  1.01034E+00 -1.36601E-02
    9027.264     34.158   3.240  1.00453E+00  1.00890E+00 -4.37185E-03
    9028.258     35.152   3.280  1.01125E+00  1.00747E+00  3.77419E-03
    9029.263     36.157   3.320  1.01676E+00  1.00605E+00  1.07108E-02
    9030.281     37.175   3.360  1.02080E+00  1.00468E+00  1.61176E-02
    9031.312     38.206   3.400  1.02290E+00  1.00333E+00  1.95726E-02
    9032.354     39.248   3.440  1.02297E+00  1.00204E+00  2.09261E-02
    9033.409     40.303   3.480  1.02125E+00  1.00080E+00  2.04531E-02
    9034.476     41.369   3.520  1.01838E+00  9.99602E-01  1.87775E-02
    9035.555     42.448   3.560  1.01519E+00  9.98474E-01  1.67139E-02
    9036.646     43.540   3.600  1.01246E+00  9.97397E-01  1.50656E-02
    9037.749     44.643   3.640  1.01085E+00  9.96394E-01  1.44606E-02
    9038.865     45.759   3.680  1.01074E+00  9.95465E-01  1.52742E-02
    9039.992     46.886   3.720  1.01235E+00  9.94614E-01  1.77400E-02
    9041.132     48.026   3.760  1.01576E+00  9.93819E-01  2.19366E-02
    9042.284     49.178   3.800  1.02087E+00  9.93123E-01  2.77474E-02
    9043.449     50.343   3.840  1.02728E+00  9.92485E-01  3.47902E-02
    9044.625     51.519   3.880  1.03443E+00  9.91947E-01  4.24817E-02
    9045.814     52.708   3.920  1.04159E+00  9.91466E-01  5.01221E-02
    9047.015     53.909   3.960  1.04799E+00  9.91063E-01  5.69273E-02
    9048.228     55.122   4.000  1.05291E+00  9.90740E-01  6.21681E-02
    9049.453     56.347   4.040  1.05576E+00  9.90496E-01  6.52670E-02
    9050.691     57.585   4.080  1.05620E+00  9.90351E-01  6.58522E-02
    9051.940     58.834   4.120  1.05414E+00  9.90242E-01  6.38951E-02
    9053.202     60.096   4.160  1.05002E+00  9.90228E-01  5.97945E-02
    9054.476     61.370   4.200  1.04452E+00  9.90270E-01  5.42491E-02
    9055.763     62.657   4.240  1.03848E+00  9.90406E-01  4.80750E-02
    9057.061     63.955   4.280  1.03242E+00  9.90573E-01  4.18524E-02
    9058.372     65.266   4.320  1.02644E+00  9.90810E-01  3.56278E-02
    9059.695     66.589   4.360  1.02007E+00  9.91116E-01  2.89531E-02
    9061.030     67.924   4.400  1.01274E+00  9.91470E-01  2.12689E-02
    9062.377     69.271   4.440  1.00419E+00  9.91869E-01  1.23255E-02
    9063.736     70.630   4.480  9.94711E-01  9.92332E-01  2.37867E-03
    9065.108     72.002   4.520  9.84931E-01  9.92815E-01 -7.88436E-03
    9066.492     73.386   4.560  9.75691E-01  9.93358E-01 -1.76662E-02
    9067.888     74.782   4.600  9.67574E-01  9.93916E-01 -2.63423E-02
    9069.296     76.190   4.640  9.60965E-01  9.94510E-01 -3.35443E-02
    9070.716     77.610   4.680  9.56087E-01  9.95135E-01 -3.90476E-02
    9072.149     79.043   4.720  9.53157E-01  9.95770E-01 -4.26121E-02
    9073.593     80.487   4.760  9.52460E-01  9.96431E-01 -4.39714E-02
    9075.050     81.944   4.800  9.53971E-01  9.97075E-01 -4.31039E-02
    9076.519     83.413   4.840  9.57240E-01  9.97741E-01 -4.05012E-02
    9078.001     84.895   4.880  9.61326E-01  9.98410E-01 -3.70839E-02
    9079.494     86.388   4.920  9.65154E-01  9.99076E-01 -3.39219E-02
    9081.000     87.894   4.960  9.67890E-01  9.99738E-01 -3.18476E-02
    9082.518     89.412   5.000  9.69161E-01  1.00037E+00 -3.12087E-02
    9084.048     90.942   5.040  9.69093E-01  1.00099E+00 -3.18986E-02
    9085.590     92.484   5.080  9.68135E-01  1.00158E+00 -3.34475E-02
    9087.145     94.039   5.120  9.66986E-01  1.00216E+00 -3.51739E-02
    9088.711     95.605   5.160  9.66368E-01  1.00270E+00 -3.63342E-02
    9090.290     97.184   5.200  9.66923E-01  1.00320E+00 -3.62819E-02
    9091.881     98.775   5.240  9.68996E-01  1.00367E+00 -3.46706E-02
    9093.485    100.379   5.280  9.72517E-01  1.00409E+00 -3.15703E-02
    9095.100    101.994   5.320  9.76970E-01  1.00447E+00 -2.74967E-02
    9096.728    103.622   5.360  9.81596E-01  1.00480E+00 -2.32082E-02
    9098.367    105.261   5.400  9.85735E-01  1.00510E+00 -1.93619E-02
    9100.019    106.913   5.440  9.89137E-01  1.00534E+00 -1.62077E-02
    9101.684    108.578   5.480  9.91996E-01  1.00552E+00 -1.35280E-02
    9103.360    110.254   5.520  9.94895E-01  1.00565E+00 -1.07582E-02
    9105.049    111.943   5.560  9.98527E-01  1.00571E+00 -7.18514E-03
    9106.749    113.643   5.600  1.00357E+00  1.00572E+00 -2.14930E-03
    9108.462    115.356   5.640  1.01049E+00  1.00569E+00  4.80274E-03
    9110.188    117.082   5.680  1.01938E+00  1.00558E+00  1.37947E-02
    9111.925    118.819   5.720  1.02988E+00  1.00543E+00  2.44454E-02
    9113.674    120.568   5.760  1.04097E+00  1.00524E+00  3.57302E-02
    9115.436    122.330   5.800  1.05109E+00  1.00497E+00  4.61188E-02
    9117.210    124.104   5.840  1.05865E+00  1.00463E+00  5.40168E-02
    9118.996    125.890   5.880  1.06254E+00  1.00428E+00  5.82632E-02
    9120.795    127.688   5.920  1.06234E+00  1.00386E+00  5.84834E-02
    9122.605    129.499   5.960  1.05842E+00  1.00340E+00  5.50234E-02
    9124.428    131.322   6.000  1.05138E+00  1.00286E+00  4.85168E-02
