# # comment:                                                     FEFF 9.9.1  
# # Source:
# # Structure
# # Reduced
# # space
# # abc:
# # angles:
# # sites:
# # POT  SCF 100  7.0000   0, screened core-hole, AFOLP (folp(0)= 1.150)
# # Abs   Z=29 Rmt= 1.241 Rnm= 1.358 K  shell
# # Pot 1 Z=29 Rmt= 1.264 Rnm= 1.361
# # Pot 2 Z= 1 Rmt= 0.693 Rnm= 0.838
# # Pot 3 Z=17 Rmt= 1.123 Rnm= 1.405
# # Pot 4 Z= 8 Rmt= 1.034 Rnm= 1.144
# # Gam_ch=1.729E+00 H-L exch Vi= 0.000E+00 Vr= 0.000E+00
# # Mu=-5.927E+00eV kf=2.037E+00 Vint=-1.355E+01eV Rs_int= 1.780
# FMS rfms= 9.0000
# # PATH  Rmax=-1.000,  Keep_limit= 0.00, Heap_limit 0.00  Pwcrit= 2.50%
#  S02=0.950  Temp=   0.00  Debye_temp=   0.00  Global_sig2= 0.00000
#  Energy zero shift, vr, vi    0.00000E+00   0.00000E+00
#  Curved wave amplitude ratio filter   4.000%
#     file         sig2 tot  cw amp ratio   deg  nlegs   reff  inp sig2
#     0/   0 paths used
#  xsedge+ 50, used to normalize mu           2.4308E-04
#  -----------------------------------------------------------------------
#  omega    e    k    mu    mu0     chi     @#
    8983.330     -9.737  -1.000  4.16045E-02  5.87809E-02 -1.71764E-02
    8983.629     -9.438  -0.960  4.37983E-02  6.31547E-02 -1.93564E-02
    8983.916     -9.152  -0.920  4.61444E-02  6.80199E-02 -2.18755E-02
    8984.190     -8.878  -0.880  4.86553E-02  7.34487E-02 -2.47934E-02
    8984.452     -8.615  -0.840  5.13449E-02  7.95255E-02 -2.81805E-02
    8984.702     -8.365  -0.800  5.42279E-02  8.63476E-02 -3.21196E-02
    8984.940     -8.128  -0.760  5.73200E-02  9.40268E-02 -3.67068E-02
    8985.165     -7.902  -0.720  6.06373E-02  1.02689E-01 -4.20521E-02
    8985.379     -7.689  -0.680  6.41960E-02  1.12474E-01 -4.82782E-02
    8985.580     -7.488  -0.640  6.80112E-02  1.23528E-01 -5.55168E-02
    8985.769     -7.299  -0.600  7.20946E-02  1.35995E-01 -6.38999E-02
    8985.946     -7.122  -0.560  7.64521E-02  1.49997E-01 -7.35445E-02
    8986.110     -6.957  -0.520  8.10784E-02  1.65607E-01 -8.45288E-02
    8986.263     -6.805  -0.480  8.59516E-02  1.82810E-01 -9.68583E-02
    8986.403     -6.665  -0.440  9.10263E-02  2.01454E-01 -1.10428E-01
    8986.531     -6.537  -0.400  9.62279E-02  2.21216E-01 -1.24988E-01
    8986.647     -6.421  -0.360  1.01452E-01  2.41586E-01 -1.40134E-01
    8986.750     -6.317  -0.320  1.06569E-01  2.61903E-01 -1.55334E-01
    8986.842     -6.226  -0.280  1.11438E-01  2.81430E-01 -1.69992E-01
    8986.921     -6.147  -0.240  1.15923E-01  2.99461E-01 -1.83538E-01
    8986.988     -6.079  -0.200  1.19903E-01  3.15401E-01 -1.95498E-01
    8987.043     -6.025  -0.160  1.23281E-01  3.28815E-01 -2.05534E-01
    8987.086     -5.982  -0.120  1.25984E-01  3.39422E-01 -2.13437E-01
    8987.116     -5.951  -0.080  1.27959E-01  3.47065E-01 -2.19106E-01
    8987.140     -5.927   0.000  1.29584E-01  3.53207E-01 -2.23622E-01
    8987.195     -5.872   0.120  1.33332E-01  3.67058E-01 -2.33726E-01
    8987.238     -5.830   0.160  1.36229E-01  3.77838E-01 -2.41609E-01
    8987.293     -5.775   0.200  1.39965E-01  3.91595E-01 -2.51630E-01
    8987.360     -5.708   0.240  1.44600E-01  4.08149E-01 -2.63550E-01
    8987.439     -5.628   0.280  1.50175E-01  4.27205E-01 -2.77030E-01
    8987.531     -5.537   0.320  1.56720E-01  4.48229E-01 -2.91509E-01
    8987.634     -5.433   0.360  1.64384E-01  4.70677E-01 -3.06293E-01
    8987.750     -5.317   0.400  1.73319E-01  4.93881E-01 -3.20562E-01
    8987.878     -5.189   0.440  1.83778E-01  5.17269E-01 -3.33491E-01
    8988.018     -5.049   0.480  1.96105E-01  5.40352E-01 -3.44247E-01
    8988.171     -4.897   0.520  2.10784E-01  5.62825E-01 -3.52041E-01
    8988.335     -4.732   0.560  2.28570E-01  5.84571E-01 -3.56002E-01
    8988.512     -4.555   0.600  2.50294E-01  6.05508E-01 -3.55214E-01
    8988.701     -4.366   0.640  2.77027E-01  6.25690E-01 -3.48663E-01
    8988.902     -4.165   0.680  3.09599E-01  6.45169E-01 -3.35569E-01
    8989.116     -3.952   0.720  3.48038E-01  6.64010E-01 -3.15972E-01
    8989.341     -3.726   0.760  3.90877E-01  6.82320E-01 -2.91443E-01
    8989.579     -3.489   0.800  4.35086E-01  7.00151E-01 -2.65064E-01
    8989.829     -3.239   0.840  4.77889E-01  7.17542E-01 -2.39653E-01
    8990.091     -2.977   0.880  5.19521E-01  7.34517E-01 -2.14996E-01
    8990.365     -2.702   0.920  5.63180E-01  7.51126E-01 -1.87947E-01
    8990.652     -2.416   0.960  6.10972E-01  7.67347E-01 -1.56375E-01
    8990.950     -2.117   1.000  6.60076E-01  7.83185E-01 -1.23109E-01
    8991.261     -1.806   1.040  7.02106E-01  7.98638E-01 -9.65317E-02
    8991.584     -1.483   1.080  7.26990E-01  8.13655E-01 -8.66644E-02
    8991.920     -1.148   1.120  7.31491E-01  8.28222E-01 -9.67312E-02
    8992.267     -0.800   1.160  7.18415E-01  8.42321E-01 -1.23906E-01
    8992.627     -0.441   1.200  6.90958E-01  8.55927E-01 -1.64969E-01
    8992.999     -0.069   1.240  6.55748E-01  8.69020E-01 -2.13272E-01
    8993.383      0.315   1.280  6.23788E-01  8.81554E-01 -2.57767E-01
    8993.779      0.711   1.320  6.06200E-01  8.93505E-01 -2.87305E-01
    8994.187      1.120   1.360  6.08419E-01  9.04869E-01 -2.96450E-01
    8994.608      1.541   1.400  6.30217E-01  9.15644E-01 -2.85427E-01
    8995.041      1.973   1.440  6.71317E-01  9.25767E-01 -2.54449E-01
    8995.486      2.418   1.480  7.29964E-01  9.35279E-01 -2.05315E-01
    8995.943      2.876   1.520  7.98740E-01  9.44160E-01 -1.45420E-01
    8996.412      3.345   1.560  8.70817E-01  9.52395E-01 -8.15780E-02
    8996.894      3.826   1.600  9.44410E-01  9.60009E-01 -1.55986E-02
    8997.388      4.320   1.640  1.01727E+00  9.67007E-01  5.02652E-02
    8997.894      4.826   1.680  1.08423E+00  9.73397E-01  1.10837E-01
    8998.412      5.344   1.720  1.14490E+00  9.79211E-01  1.65694E-01
    8998.942      5.875   1.760  1.20529E+00  9.84437E-01  2.20849E-01
    8999.485      6.417   1.800  1.27553E+00  9.89108E-01  2.86423E-01
    9000.039      6.972   1.840  1.36544E+00  9.93238E-01  3.72198E-01
    9000.606      7.539   1.880  1.46976E+00  9.96878E-01  4.72883E-01
    9001.186      8.118   1.920  1.55673E+00  1.00005E+00  5.56681E-01
    9001.777      8.709   1.960  1.57797E+00  1.00275E+00  5.75215E-01
    9002.380      9.313   2.000  1.51754E+00  1.00504E+00  5.12500E-01
    9002.996      9.929   2.040  1.41467E+00  1.00693E+00  4.07733E-01
    9003.624     10.556   2.080  1.31754E+00  1.00846E+00  3.09083E-01
    9004.264     11.197   2.120  1.24878E+00  1.00964E+00  2.39139E-01
    9004.916     11.849   2.160  1.20476E+00  1.01052E+00  1.94236E-01
    9005.581     12.513   2.200  1.16836E+00  1.01111E+00  1.57249E-01
    9006.257     13.190   2.240  1.12939E+00  1.01147E+00  1.17922E-01
    9006.946     13.879   2.280  1.09196E+00  1.01159E+00  8.03777E-02
    9007.647     14.580   2.320  1.06537E+00  1.01150E+00  5.38766E-02
    9008.360     15.293   2.360  1.05528E+00  1.01123E+00  4.40492E-02
    9009.086     16.018   2.400  1.05815E+00  1.01080E+00  4.73548E-02
    9009.824     16.756   2.440  1.06201E+00  1.01024E+00  5.17709E-02
    9010.573     17.506   2.480  1.05520E+00  1.00958E+00  4.56196E-02
    9011.335     18.268   2.520  1.04073E+00  1.00883E+00  3.18962E-02
    9012.110     19.042   2.560  1.02196E+00  1.00798E+00  1.39855E-02
    9012.896     19.828   2.600  1.00241E+00  1.00709E+00 -4.68521E-03
    9013.694     20.627   2.640  9.84769E-01  1.00615E+00 -2.13763E-02
    9014.505     21.438   2.680  9.70128E-01  1.00518E+00 -3.50545E-02
    9015.328     22.261   2.720  9.58332E-01  1.00421E+00 -4.58804E-02
    9016.163     23.096   2.760  9.48283E-01  1.00322E+00 -5.49340E-02
    9017.011     23.943   2.800  9.39140E-01  1.00227E+00 -6.31291E-02
    9017.870     24.803   2.840  9.30294E-01  1.00131E+00 -7.10144E-02
    9018.742     25.674   2.880  9.21391E-01  1.00040E+00 -7.90111E-02
    9019.626     26.558   2.920  9.12395E-01  9.99515E-01 -8.71197E-02
    9020.522     27.454   2.960  9.03844E-01  9.98690E-01 -9.48462E-02
    9021.430     28.363   3.000  8.96254E-01  9.97910E-01 -1.01656E-01
    9022.351     29.283   3.040  8.90238E-01  9.97181E-01 -1.06943E-01
    9023.283     30.216   3.080  8.86534E-01  9.96522E-01 -1.09988E-01
    9024.228     31.161   3.120  8.84985E-01  9.95938E-01 -1.10953E-01
    9025.185     32.118   3.160  8.85087E-01  9.95432E-01 -1.10345E-01
    9026.155     33.087   3.200  8.86308E-01  9.94982E-01 -1.08673E-01
    9027.136     34.069   3.240  8.88320E-01  9.94632E-01 -1.06312E-01
    9028.130     35.062   3.280  8.90947E-01  9.94342E-01 -1.03396E-01
    9029.136     36.068   3.320  8.94379E-01  9.94153E-01 -9.97742E-02
    9030.154     37.086   3.360  8.98846E-01  9.94024E-01 -9.51779E-02
    9031.184     38.116   3.400  9.04327E-01  9.93995E-01 -8.96675E-02
    9032.226     39.159   3.440  9.10620E-01  9.94025E-01 -8.34052E-02
    9033.281     40.213   3.480  9.17491E-01  9.94136E-01 -7.66452E-02
    9034.348     41.280   3.520  9.24691E-01  9.94348E-01 -6.96572E-02
    9035.427     42.359   3.560  9.32006E-01  9.94617E-01 -6.26111E-02
    9036.518     43.450   3.600  9.39517E-01  9.94963E-01 -5.54463E-02
    9037.621     44.554   3.640  9.47365E-01  9.95384E-01 -4.80196E-02
    9038.737     45.669   3.680  9.55644E-01  9.95858E-01 -4.02146E-02
    9039.864     46.797   3.720  9.64520E-01  9.96406E-01 -3.18864E-02
    9041.004     47.937   3.760  9.74181E-01  9.97026E-01 -2.28450E-02
    9042.157     49.089   3.800  9.84748E-01  9.97695E-01 -1.29468E-02
    9043.321     50.253   3.840  9.96353E-01  9.98410E-01 -2.05682E-03
    9044.497     51.430   3.880  1.00915E+00  9.99190E-01  9.96413E-03
    9045.686     52.619   3.920  1.02306E+00  1.00001E+00  2.30500E-02
    9046.887     53.820   3.960  1.03770E+00  1.00085E+00  3.68448E-02
    9048.100     55.033   4.000  1.05256E+00  1.00175E+00  5.08022E-02
    9049.325     56.258   4.040  1.06700E+00  1.00267E+00  6.43305E-02
    9050.563     57.495   4.080  1.08051E+00  1.00361E+00  7.68940E-02
    9051.813     58.745   4.120  1.09273E+00  1.00459E+00  8.81419E-02
    9053.074     60.007   4.160  1.10334E+00  1.00558E+00  9.77634E-02
    9054.349     61.281   4.200  1.11187E+00  1.00656E+00  1.05303E-01
    9055.635     62.567   4.240  1.11780E+00  1.00755E+00  1.10248E-01
    9056.933     63.866   4.280  1.12077E+00  1.00856E+00  1.12210E-01
    9058.244     65.176   4.320  1.12046E+00  1.00955E+00  1.10915E-01
    9059.567     66.499   4.360  1.11674E+00  1.01053E+00  1.06211E-01
    9060.902     67.834   4.400  1.10961E+00  1.01148E+00  9.81333E-02
    9062.249     69.181   4.440  1.09946E+00  1.01244E+00  8.70276E-02
    9063.608     70.541   4.480  1.08700E+00  1.01334E+00  7.36536E-02
    9064.980     71.912   4.520  1.07342E+00  1.01423E+00  5.91924E-02
    9066.364     73.296   4.560  1.06009E+00  1.01508E+00  4.50101E-02
    9067.760     74.692   4.600  1.04818E+00  1.01589E+00  3.22846E-02
    9069.168     76.100   4.640  1.03834E+00  1.01666E+00  2.16788E-02
    9070.588     77.521   4.680  1.03059E+00  1.01739E+00  1.32071E-02
    9072.021     78.953   4.720  1.02440E+00  1.01807E+00  6.33560E-03
    9073.466     80.398   4.760  1.01899E+00  1.01870E+00  2.83999E-04
    9074.922     81.855   4.800  1.01357E+00  1.01927E+00 -5.69490E-03
    9076.392     83.324   4.840  1.00763E+00  1.01978E+00 -1.21524E-02
    9077.873     84.805   4.880  1.00091E+00  1.02022E+00 -1.93086E-02
    9079.366     86.299   4.920  9.93537E-01  1.02063E+00 -2.70977E-02
    9080.872     87.805   4.960  9.85736E-01  1.02095E+00 -3.52173E-02
    9082.390     89.323   5.000  9.78050E-01  1.02122E+00 -4.31703E-02
    9083.920     90.853   5.040  9.71115E-01  1.02143E+00 -5.03196E-02
    9085.462     92.395   5.080  9.65619E-01  1.02157E+00 -5.59556E-02
    9087.017     93.949   5.120  9.62074E-01  1.02164E+00 -5.95653E-02
    9088.584     95.516   5.160  9.60693E-01  1.02165E+00 -6.09606E-02
    9090.162     97.095   5.200  9.61386E-01  1.02162E+00 -6.02310E-02
    9091.753     98.686   5.240  9.63927E-01  1.02151E+00 -5.75788E-02
    9093.357    100.289   5.280  9.68141E-01  1.02132E+00 -5.31801E-02
    9094.972    101.905   5.320  9.73847E-01  1.02109E+00 -4.72393E-02
    9096.600    103.532   5.360  9.80828E-01  1.02080E+00 -3.99742E-02
    9098.240    105.172   5.400  9.88614E-01  1.02045E+00 -3.18358E-02
    9099.892    106.824   5.440  9.96445E-01  1.02005E+00 -2.36045E-02
    9101.556    108.488   5.480  1.00322E+00  1.01961E+00 -1.63883E-02
    9103.232    110.165   5.520  1.00779E+00  1.01912E+00 -1.13284E-02
    9104.921    111.853   5.560  1.00941E+00  1.01859E+00 -9.17674E-03
    9106.622    113.554   5.600  1.00799E+00  1.01799E+00 -9.99970E-03
    9108.334    115.267   5.640  1.00421E+00  1.01738E+00 -1.31738E-02
    9110.060    116.992   5.680  9.99150E-01  1.01673E+00 -1.75791E-02
    9111.797    118.730   5.720  9.94175E-01  1.01604E+00 -2.18700E-02
    9113.547    120.479   5.760  9.90571E-01  1.01535E+00 -2.47776E-02
    9115.308    122.241   5.800  9.89153E-01  1.01460E+00 -2.54443E-02
    9117.082    124.015   5.840  9.90246E-01  1.01386E+00 -2.36188E-02
    9118.868    125.801   5.880  9.93431E-01  1.01311E+00 -1.96764E-02
    9120.667    127.599   5.920  9.97949E-01  1.01233E+00 -1.43803E-02
    9122.477    129.410   5.960  1.00304E+00  1.01159E+00 -8.55068E-03
    9124.300    131.232   6.000  1.00828E+00  1.01081E+00 -2.53418E-03
