# # comment:                                                     FEFF 9.9.1  
# # Source:
# # Structure
# # Reduced
# # space
# # abc:
# # angles:
# # sites:
# # POT  SCF 100  7.0000   0, screened core-hole, AFOLP (folp(0)= 1.150)
# # Abs   Z=29 Rmt= 1.264 Rnm= 1.351 K  shell
# # Pot 1 Z=29 Rmt= 1.259 Rnm= 1.348
# # Pot 2 Z=34 Rmt= 1.094 Rnm= 1.333
# # Pot 3 Z= 8 Rmt= 1.004 Rnm= 1.105
# # Gam_ch=1.729E+00 H-L exch Vi= 0.000E+00 Vr= 0.000E+00
# # Mu=-6.447E+00eV kf=2.225E+00 Vint=-1.520E+01eV Rs_int= 1.630
# FMS rfms= 9.0000
# # PATH  Rmax=-1.000,  Keep_limit= 0.00, Heap_limit 0.00  Pwcrit= 2.50%
#  S02=0.950  Temp=   0.00  Debye_temp=   0.00  Global_sig2= 0.00000
#  Energy zero shift, vr, vi    0.00000E+00   0.00000E+00
#  Curved wave amplitude ratio filter   4.000%
#     file         sig2 tot  cw amp ratio   deg  nlegs   reff  inp sig2
#     0/   0 paths used
#  xsedge+ 50, used to normalize mu           2.4603E-04
#  -----------------------------------------------------------------------
#  omega    e    k    mu    mu0     chi     @#
    8983.333    -10.257  -1.000  3.70065E-02  5.32553E-02 -1.62488E-02
    8983.632     -9.959  -0.960  3.88782E-02  5.71124E-02 -1.82342E-02
    8983.918     -9.672  -0.920  4.08861E-02  6.13975E-02 -2.05115E-02
    8984.193     -9.398  -0.880  4.30447E-02  6.61737E-02 -2.31290E-02
    8984.455     -9.136  -0.840  4.53707E-02  7.15141E-02 -2.61434E-02
    8984.705     -8.886  -0.800  4.78829E-02  7.75036E-02 -2.96207E-02
    8984.942     -8.648  -0.760  5.06024E-02  8.42396E-02 -3.36372E-02
    8985.168     -8.422  -0.720  5.35527E-02  9.18321E-02 -3.82794E-02
    8985.381     -8.209  -0.680  5.67588E-02  1.00402E-01 -4.36433E-02
    8985.583     -8.008  -0.640  6.02465E-02  1.10078E-01 -4.98311E-02
    8985.772     -7.819  -0.600  6.40399E-02  1.20984E-01 -5.69441E-02
    8985.948     -7.642  -0.560  6.81575E-02  1.33228E-01 -6.50709E-02
    8986.113     -7.477  -0.520  7.26065E-02  1.46874E-01 -7.42677E-02
    8986.265     -7.325  -0.480  7.73750E-02  1.61907E-01 -8.45323E-02
    8986.406     -7.185  -0.440  8.24224E-02  1.78196E-01 -9.57732E-02
    8986.534     -7.057  -0.400  8.76722E-02  1.95456E-01 -1.07784E-01
    8986.649     -6.941  -0.360  9.30089E-02  2.13243E-01 -1.20234E-01
    8986.753     -6.837  -0.320  9.82849E-02  2.30979E-01 -1.32694E-01
    8986.844     -6.746  -0.280  1.03336E-01  2.48022E-01 -1.44686E-01
    8986.924     -6.667  -0.240  1.08000E-01  2.63753E-01 -1.55753E-01
    8986.991     -6.600  -0.200  1.12138E-01  2.77656E-01 -1.65518E-01
    8987.046     -6.545  -0.160  1.15643E-01  2.89352E-01 -1.73709E-01
    8987.088     -6.502  -0.120  1.18437E-01  2.98598E-01 -1.80161E-01
    8987.119     -6.472  -0.080  1.20471E-01  3.05259E-01 -1.84788E-01
    8987.143     -6.447   0.000  1.22136E-01  3.10610E-01 -1.88474E-01
    8987.198     -6.392   0.120  1.25861E-01  3.22678E-01 -1.96817E-01
    8987.241     -6.350   0.160  1.28750E-01  3.32060E-01 -2.03309E-01
    8987.296     -6.295   0.200  1.32467E-01  3.44047E-01 -2.11580E-01
    8987.363     -6.228   0.240  1.36977E-01  3.58458E-01 -2.21481E-01
    8987.442     -6.149   0.280  1.42244E-01  3.75009E-01 -2.32765E-01
    8987.533     -6.057   0.320  1.48245E-01  3.93302E-01 -2.45057E-01
    8987.637     -5.953   0.360  1.54848E-01  4.12754E-01 -2.57906E-01
    8987.753     -5.838   0.400  1.62070E-01  4.32876E-01 -2.70806E-01
    8987.881     -5.710   0.440  1.69805E-01  4.53102E-01 -2.83296E-01
    8988.021     -5.569   0.480  1.78134E-01  4.73059E-01 -2.94925E-01
    8988.173     -5.417   0.520  1.87082E-01  4.92459E-01 -3.05378E-01
    8988.338     -5.252   0.560  1.96887E-01  5.11229E-01 -3.14342E-01
    8988.515     -5.076   0.600  2.07719E-01  5.29294E-01 -3.21575E-01
    8988.704     -4.887   0.640  2.19897E-01  5.46710E-01 -3.26814E-01
    8988.905     -4.686   0.680  2.33774E-01  5.63570E-01 -3.29796E-01
    8989.118     -4.472   0.720  2.49602E-01  5.79935E-01 -3.30333E-01
    8989.344     -4.247   0.760  2.67598E-01  5.95908E-01 -3.28310E-01
    8989.582     -4.009   0.800  2.87879E-01  6.11561E-01 -3.23682E-01
    8989.831     -3.759   0.840  3.10444E-01  6.26977E-01 -3.16532E-01
    8990.094     -3.497   0.880  3.34898E-01  6.42160E-01 -3.07262E-01
    8990.368     -3.222   0.920  3.60364E-01  6.57165E-01 -2.96801E-01
    8990.654     -2.936   0.960  3.85570E-01  6.72034E-01 -2.86464E-01
    8990.953     -2.637   1.000  4.09427E-01  6.86739E-01 -2.77311E-01
    8991.264     -2.326   1.040  4.31932E-01  7.01302E-01 -2.69369E-01
    8991.587     -2.003   1.080  4.53868E-01  7.15738E-01 -2.61870E-01
    8991.922     -1.668   1.120  4.75730E-01  7.29979E-01 -2.54249E-01
    8992.270     -1.321   1.160  4.98039E-01  7.44069E-01 -2.46031E-01
    8992.630     -0.961   1.200  5.21927E-01  7.57948E-01 -2.36021E-01
    8993.001     -0.589   1.240  5.49490E-01  7.71613E-01 -2.22123E-01
    8993.385     -0.205   1.280  5.82506E-01  7.85020E-01 -2.02514E-01
    8993.782      0.191   1.320  6.20769E-01  7.98143E-01 -1.77374E-01
    8994.190      0.600   1.360  6.63555E-01  8.10994E-01 -1.47440E-01
    8994.611      1.020   1.400  7.10275E-01  8.23508E-01 -1.13233E-01
    8995.044      1.453   1.440  7.56240E-01  8.35653E-01 -7.94124E-02
    8995.489      1.898   1.480  7.94145E-01  8.47463E-01 -5.33182E-02
    8995.946      2.355   1.520  8.23738E-01  8.58851E-01 -3.51131E-02
    8996.415      2.825   1.560  8.54254E-01  8.69848E-01 -1.55940E-02
    8996.897      3.306   1.600  8.94789E-01  8.80388E-01  1.44011E-02
    8997.390      3.800   1.640  9.49032E-01  8.90509E-01  5.85233E-02
    8997.896      4.306   1.680  1.01745E+00  9.00164E-01  1.17284E-01
    8998.415      4.824   1.720  1.09882E+00  9.09371E-01  1.89449E-01
    8998.945      5.355   1.760  1.18557E+00  9.18107E-01  2.67465E-01
    8999.487      5.897   1.800  1.26362E+00  9.26353E-01  3.37265E-01
    9000.042      6.452   1.840  1.32177E+00  9.34128E-01  3.87639E-01
    9000.609      7.019   1.880  1.35405E+00  9.41435E-01  4.12619E-01
    9001.188      7.598   1.920  1.35984E+00  9.48274E-01  4.11568E-01
    9001.780      8.189   1.960  1.35151E+00  9.54650E-01  3.96857E-01
    9002.383      8.793   2.000  1.34325E+00  9.60548E-01  3.82701E-01
    9002.999      9.408   2.040  1.33392E+00  9.66034E-01  3.67889E-01
    9003.627     10.036   2.080  1.31633E+00  9.71053E-01  3.45280E-01
    9004.267     10.676   2.120  1.29150E+00  9.75673E-01  3.15828E-01
    9004.919     11.329   2.160  1.26006E+00  9.79860E-01  2.80199E-01
    9005.583     11.993   2.200  1.21754E+00  9.83684E-01  2.33860E-01
    9006.260     12.670   2.240  1.16714E+00  9.87113E-01  1.80028E-01
    9006.949     13.359   2.280  1.12129E+00  9.90173E-01  1.31117E-01
    9007.650     14.060   2.320  1.09030E+00  9.92897E-01  9.73992E-02
    9008.363     14.773   2.360  1.07556E+00  9.95313E-01  8.02507E-02
    9009.089     15.498   2.400  1.06989E+00  9.97411E-01  7.24819E-02
    9009.826     16.236   2.440  1.06194E+00  9.99218E-01  6.27219E-02
    9010.576     16.986   2.480  1.04337E+00  1.00074E+00  4.26243E-02
    9011.338     17.748   2.520  1.01558E+00  1.00202E+00  1.35587E-02
    9012.112     18.522   2.560  9.86018E-01  1.00308E+00 -1.70576E-02
    9012.899     19.308   2.600  9.60864E-01  1.00390E+00 -4.30341E-02
    9013.697     20.107   2.640  9.45609E-01  1.00454E+00 -5.89297E-02
    9014.508     20.918   2.680  9.36923E-01  1.00498E+00 -6.80616E-02
    9015.331     21.741   2.720  9.29616E-01  1.00528E+00 -7.56676E-02
    9016.166     22.576   2.760  9.21975E-01  1.00540E+00 -8.34291E-02
    9017.013     23.423   2.800  9.13867E-01  1.00541E+00 -9.15470E-02
    9017.873     24.283   2.840  9.05788E-01  1.00528E+00 -9.94945E-02
    9018.745     25.154   2.880  8.98557E-01  1.00505E+00 -1.06498E-01
    9019.629     26.038   2.920  8.92707E-01  1.00474E+00 -1.12032E-01
    9020.525     26.934   2.960  8.88653E-01  1.00434E+00 -1.15686E-01
    9021.433     27.843   3.000  8.86345E-01  1.00386E+00 -1.17519E-01
    9022.353     28.763   3.040  8.85524E-01  1.00334E+00 -1.17815E-01
    9023.286     29.696   3.080  8.86096E-01  1.00277E+00 -1.16673E-01
    9024.231     30.641   3.120  8.88067E-01  1.00216E+00 -1.14091E-01
    9025.188     31.598   3.160  8.91225E-01  1.00151E+00 -1.10287E-01
    9026.157     32.567   3.200  8.95370E-01  1.00086E+00 -1.05485E-01
    9027.139     33.548   3.240  9.00367E-01  1.00019E+00 -9.98242E-02
    9028.132     34.542   3.280  9.05762E-01  9.99504E-01 -9.37417E-02
    9029.138     35.548   3.320  9.11361E-01  9.98838E-01 -8.74776E-02
    9030.156     36.566   3.360  9.17088E-01  9.98178E-01 -8.10897E-02
    9031.187     37.596   3.400  9.23124E-01  9.97545E-01 -7.44209E-02
    9032.229     38.639   3.440  9.29693E-01  9.96921E-01 -6.72281E-02
    9033.284     39.693   3.480  9.37155E-01  9.96329E-01 -5.91744E-02
    9034.350     40.760   3.520  9.45760E-01  9.95750E-01 -4.99905E-02
    9035.429     41.839   3.560  9.55558E-01  9.95228E-01 -3.96698E-02
    9036.521     42.930   3.600  9.66365E-01  9.94725E-01 -2.83591E-02
    9037.624     44.034   3.640  9.77933E-01  9.94279E-01 -1.63462E-02
    9038.739     45.149   3.680  9.89758E-01  9.93853E-01 -4.09424E-03
    9039.867     46.277   3.720  1.00136E+00  9.93467E-01  7.89641E-03
    9041.007     47.417   3.760  1.01236E+00  9.93145E-01  1.92111E-02
    9042.159     48.569   3.800  1.02240E+00  9.92865E-01  2.95394E-02
    9043.324     49.733   3.840  1.03134E+00  9.92628E-01  3.87091E-02
    9044.500     50.910   3.880  1.03917E+00  9.92432E-01  4.67374E-02
    9045.689     52.098   3.920  1.04597E+00  9.92279E-01  5.36935E-02
    9046.890     53.299   3.960  1.05168E+00  9.92190E-01  5.94951E-02
    9048.103     54.512   4.000  1.05609E+00  9.92123E-01  6.39652E-02
    9049.328     55.738   4.040  1.05896E+00  9.92118E-01  6.68413E-02
    9050.566     56.975   4.080  1.06001E+00  9.92155E-01  6.78551E-02
    9051.815     58.225   4.120  1.05913E+00  9.92234E-01  6.69010E-02
    9053.077     59.487   4.160  1.05652E+00  9.92352E-01  6.41698E-02
    9054.351     60.761   4.200  1.05260E+00  9.92509E-01  6.00941E-02
    9055.638     62.047   4.240  1.04798E+00  9.92704E-01  5.52804E-02
    9056.936     63.346   4.280  1.04335E+00  9.92914E-01  5.04337E-02
    9058.247     64.656   4.320  1.03934E+00  9.93184E-01  4.61555E-02
    9059.569     65.979   4.360  1.03630E+00  9.93490E-01  4.28081E-02
    9060.904     67.314   4.400  1.03429E+00  9.93808E-01  4.04773E-02
    9062.252     68.661   4.440  1.03310E+00  9.94137E-01  3.89652E-02
    9063.611     70.021   4.480  1.03230E+00  9.94517E-01  3.77866E-02
    9064.983     71.392   4.520  1.03121E+00  9.94909E-01  3.63016E-02
    9066.366     72.776   4.560  1.02925E+00  9.95308E-01  3.39388E-02
    9067.762     74.172   4.600  1.02605E+00  9.95734E-01  3.03188E-02
    9069.171     75.580   4.640  1.02152E+00  9.96165E-01  2.53602E-02
    9070.591     77.001   4.680  1.01588E+00  9.96597E-01  1.92788E-02
    9072.023     78.433   4.720  1.00954E+00  9.97032E-01  1.25118E-02
    9073.468     79.878   4.760  1.00314E+00  9.97491E-01  5.65313E-03
    9074.925     81.335   4.800  9.97247E-01  9.97928E-01 -6.80475E-04
    9076.394     82.804   4.840  9.92334E-01  9.98383E-01 -6.04897E-03
    9077.876     84.285   4.880  9.88499E-01  9.98814E-01 -1.03154E-02
    9079.369     85.779   4.920  9.85539E-01  9.99240E-01 -1.37005E-02
    9080.875     87.284   4.960  9.82969E-01  9.99659E-01 -1.66899E-02
    9082.393     88.802   5.000  9.80262E-01  1.00005E+00 -1.97864E-02
    9083.923     90.332   5.040  9.77117E-01  1.00043E+00 -2.33140E-02
    9085.465     91.875   5.080  9.73627E-01  1.00080E+00 -2.71767E-02
    9087.020     93.429   5.120  9.70247E-01  1.00114E+00 -3.08963E-02
    9088.586     94.996   5.160  9.67621E-01  1.00145E+00 -3.38284E-02
    9090.165     96.575   5.200  9.66320E-01  1.00174E+00 -3.54227E-02
    9091.756     98.166   5.240  9.66536E-01  1.00200E+00 -3.54663E-02
    9093.359     99.769   5.280  9.68145E-01  1.00225E+00 -3.41030E-02
    9094.975    101.384   5.320  9.70616E-01  1.00243E+00 -3.18185E-02
    9096.602    103.012   5.360  9.73357E-01  1.00261E+00 -2.92483E-02
    9098.242    104.652   5.400  9.75738E-01  1.00274E+00 -2.70031E-02
    9099.894    106.304   5.440  9.77308E-01  1.00286E+00 -2.55526E-02
    9101.558    107.968   5.480  9.77673E-01  1.00292E+00 -2.52468E-02
    9103.235    109.644   5.520  9.76747E-01  1.00296E+00 -2.62141E-02
    9104.923    111.333   5.560  9.74766E-01  1.00294E+00 -2.81754E-02
    9106.624    113.034   5.600  9.72527E-01  1.00291E+00 -3.03782E-02
    9108.337    114.747   5.640  9.70975E-01  1.00283E+00 -3.18553E-02
    9110.062    116.472   5.680  9.70938E-01  1.00272E+00 -3.17796E-02
    9111.800    118.209   5.720  9.72850E-01  1.00257E+00 -2.97158E-02
    9113.549    119.959   5.760  9.76725E-01  1.00237E+00 -2.56485E-02
    9115.311    121.721   5.800  9.82227E-01  1.00215E+00 -1.99196E-02
    9117.085    123.495   5.840  9.88807E-01  1.00191E+00 -1.31005E-02
    9118.871    125.281   5.880  9.95755E-01  1.00163E+00 -5.87784E-03
    9120.669    127.079   5.920  1.00239E+00  1.00130E+00  1.08804E-03
    9122.480    128.889   5.960  1.00822E+00  1.00096E+00  7.26718E-03
    9124.303    130.712   6.000  1.01297E+00  1.00059E+00  1.23866E-02
