# # comment:                                                     FEFF 9.9.1  
# # Source:
# # Structure
# # Reduced
# # space
# # abc:
# # angles:111.188249
# # sites:
# # POT  SCF 100  7.0000   0, screened core-hole, AFOLP (folp(0)= 1.150)
# # Abs   Z=29 Rmt= 1.281 Rnm= 1.344 K  shell
# # Pot 1 Z= 3 Rmt= 1.347 Rnm= 1.401
# # Pot 2 Z=29 Rmt= 1.281 Rnm= 1.346
# # Pot 3 Z= 6 Rmt= 0.708 Rnm= 0.924
# # Pot 4 Z= 8 Rmt= 0.837 Rnm= 1.014
# # Gam_ch=1.729E+00 H-L exch Vi= 0.000E+00 Vr= 0.000E+00
# # Mu=-7.189E+00eV kf=2.635E+00 Vint=-1.806E+01eV Rs_int= 1.376
# FMS rfms= 9.0000
# # PATH  Rmax=-1.000,  Keep_limit= 0.00, Heap_limit 0.00  Pwcrit= 2.50%
#  S02=0.950  Temp=   0.00  Debye_temp=   0.00  Global_sig2= 0.00000
#  Energy zero shift, vr, vi    0.00000E+00   0.00000E+00
#  Curved wave amplitude ratio filter   4.000%
#     file         sig2 tot  cw amp ratio   deg  nlegs   reff  inp sig2
#     0/   0 paths used
#  xsedge+ 50, used to normalize mu           2.5008E-04
#  -----------------------------------------------------------------------
#  omega    e    k    mu    mu0     chi     @#
    8983.434    -10.999  -1.000  3.75879E-02  5.00840E-02 -1.24961E-02
    8983.733    -10.700  -0.960  3.94468E-02  5.36741E-02 -1.42272E-02
    8984.019    -10.414  -0.920  4.14226E-02  5.76630E-02 -1.62404E-02
    8984.293    -10.139  -0.880  4.35237E-02  6.21098E-02 -1.85861E-02
    8984.555     -9.877  -0.840  4.57594E-02  6.70833E-02 -2.13239E-02
    8984.805     -9.627  -0.800  4.81393E-02  7.26631E-02 -2.45237E-02
    8985.043     -9.390  -0.760  5.06736E-02  7.89409E-02 -2.82673E-02
    8985.269     -9.164  -0.720  5.33724E-02  8.60202E-02 -3.26478E-02
    8985.482     -8.951  -0.680  5.62457E-02  9.40153E-02 -3.77696E-02
    8985.683     -8.750  -0.640  5.93020E-02  1.03047E-01 -4.37446E-02
    8985.872     -8.561  -0.600  6.25478E-02  1.13233E-01 -5.06852E-02
    8986.049     -8.384  -0.560  6.59847E-02  1.24676E-01 -5.86908E-02
    8986.214     -8.219  -0.520  6.96071E-02  1.37435E-01 -6.78277E-02
    8986.366     -8.067  -0.480  7.33984E-02  1.51498E-01 -7.80996E-02
    8986.506     -7.927  -0.440  7.73266E-02  1.66741E-01 -8.94147E-02
    8986.634     -7.799  -0.400  8.13410E-02  1.82898E-01 -1.01557E-01
    8986.750     -7.683  -0.360  8.53707E-02  1.99550E-01 -1.14179E-01
    8986.854     -7.579  -0.320  8.93273E-02  2.16152E-01 -1.26824E-01
    8986.945     -7.488  -0.280  9.31115E-02  2.32101E-01 -1.38989E-01
    8987.024     -7.408  -0.240  9.66219E-02  2.46816E-01 -1.50194E-01
    8987.091     -7.341  -0.200  9.97637E-02  2.59815E-01 -1.60051E-01
    8987.146     -7.287  -0.160  1.02454E-01  2.70744E-01 -1.68289E-01
    8987.189     -7.244  -0.120  1.04626E-01  2.79378E-01 -1.74752E-01
    8987.219     -7.213  -0.080  1.06226E-01  2.85595E-01 -1.79369E-01
    8987.244     -7.189   0.000  1.07558E-01  2.90588E-01 -1.83029E-01
    8987.299     -7.134   0.120  1.10594E-01  3.01851E-01 -1.91256E-01
    8987.341     -7.091   0.160  1.12948E-01  3.10585E-01 -1.97637E-01
    8987.396     -7.037   0.200  1.16022E-01  3.21746E-01 -2.05724E-01
    8987.463     -6.970   0.240  1.19853E-01  3.35135E-01 -2.15282E-01
    8987.543     -6.890   0.280  1.24499E-01  3.50490E-01 -2.25991E-01
    8987.634     -6.799   0.320  1.30035E-01  3.67404E-01 -2.37368E-01
    8987.738     -6.695   0.360  1.36572E-01  3.85374E-01 -2.48802E-01
    8987.853     -6.579   0.400  1.44226E-01  4.03847E-01 -2.59621E-01
    8987.981     -6.451   0.440  1.53211E-01  4.22356E-01 -2.69145E-01
    8988.122     -6.311   0.480  1.63759E-01  4.40486E-01 -2.76726E-01
    8988.274     -6.159   0.520  1.76262E-01  4.58039E-01 -2.81778E-01
    8988.439     -5.994   0.560  1.91077E-01  4.74849E-01 -2.83773E-01
    8988.615     -5.817   0.600  2.08581E-01  4.90950E-01 -2.82369E-01
    8988.804     -5.628   0.640  2.28957E-01  5.06380E-01 -2.77423E-01
    8989.006     -5.427   0.680  2.51954E-01  5.21210E-01 -2.69256E-01
    8989.219     -5.214   0.720  2.76915E-01  5.35548E-01 -2.58633E-01
    8989.444     -4.988   0.760  3.02766E-01  5.49499E-01 -2.46734E-01
    8989.682     -4.751   0.800  3.28220E-01  5.63143E-01 -2.34923E-01
    8989.932     -4.501   0.840  3.51963E-01  5.76545E-01 -2.24581E-01
    8990.194     -4.239   0.880  3.73320E-01  5.89798E-01 -2.16478E-01
    8990.469     -3.964   0.920  3.93275E-01  6.02923E-01 -2.09647E-01
    8990.755     -3.678   0.960  4.14663E-01  6.15969E-01 -2.01306E-01
    8991.054     -3.379   1.000  4.39781E-01  6.28979E-01 -1.89198E-01
    8991.365     -3.068   1.040  4.69412E-01  6.41943E-01 -1.72531E-01
    8991.688     -2.745   1.080  5.05558E-01  6.54883E-01 -1.49325E-01
    8992.023     -2.410   1.120  5.51601E-01  6.67821E-01 -1.16219E-01
    8992.371     -2.062   1.160  6.07897E-01  6.80726E-01 -7.28289E-02
    8992.730     -1.703   1.200  6.71868E-01  6.93626E-01 -2.17579E-02
    8993.102     -1.331   1.240  7.39928E-01  7.06468E-01  3.34602E-02
    8993.486     -0.947   1.280  8.03142E-01  7.19272E-01  8.38700E-02
    8993.882     -0.551   1.320  8.46307E-01  7.32017E-01  1.14289E-01
    8994.291     -0.142   1.360  8.64502E-01  7.44681E-01  1.19821E-01
    8994.711      0.279   1.400  8.73339E-01  7.57238E-01  1.16101E-01
    8995.144      0.711   1.440  8.91359E-01  7.69662E-01  1.21697E-01
    8995.589      1.156   1.480  9.22918E-01  7.81966E-01  1.40952E-01
    8996.046      1.614   1.520  9.60527E-01  7.94081E-01  1.66446E-01
    8996.516      2.083   1.560  9.95455E-01  8.06020E-01  1.89434E-01
    8996.997      2.565   1.600  1.02289E+00  8.17735E-01  2.05159E-01
    8997.491      3.058   1.640  1.04093E+00  8.29215E-01  2.11718E-01
    8997.997      3.564   1.680  1.05062E+00  8.40452E-01  2.10166E-01
    8998.515      4.082   1.720  1.05684E+00  8.51397E-01  2.05443E-01
    8999.046      4.613   1.760  1.06123E+00  8.62063E-01  1.99168E-01
    8999.588      5.155   1.800  1.06249E+00  8.72421E-01  1.90064E-01
    9000.143      5.710   1.840  1.05773E+00  8.82424E-01  1.75304E-01
    9000.710      6.277   1.880  1.04538E+00  8.92104E-01  1.53279E-01
    9001.289      6.856   1.920  1.03489E+00  9.01396E-01  1.33499E-01
    9001.880      7.447   1.960  1.04153E+00  9.10334E-01  1.31200E-01
    9002.484      8.051   2.000  1.07192E+00  9.18892E-01  1.53024E-01
    9003.099      8.667   2.040  1.11637E+00  9.27049E-01  1.89318E-01
    9003.727      9.294   2.080  1.15326E+00  9.34800E-01  2.18463E-01
    9004.367      9.935   2.120  1.16993E+00  9.42165E-01  2.27769E-01
    9005.020     10.587   2.160  1.17155E+00  9.49119E-01  2.22429E-01
    9005.684     11.251   2.200  1.16557E+00  9.55644E-01  2.09929E-01
    9006.361     11.928   2.240  1.15247E+00  9.61758E-01  1.90709E-01
    9007.050     12.617   2.280  1.13132E+00  9.67484E-01  1.63839E-01
    9007.751     13.318   2.320  1.10514E+00  9.72784E-01  1.32353E-01
    9008.464     14.031   2.360  1.07615E+00  9.77700E-01  9.84545E-02
    9009.189     14.756   2.400  1.04574E+00  9.82214E-01  6.35272E-02
    9009.927     15.494   2.440  1.01848E+00  9.86331E-01  3.21493E-02
    9010.677     16.244   2.480  9.98407E-01  9.90074E-01  8.33291E-03
    9011.439     17.006   2.520  9.86940E-01  9.93429E-01 -6.48879E-03
    9012.213     17.780   2.560  9.82971E-01  9.96443E-01 -1.34724E-02
    9012.999     18.566   2.600  9.84634E-01  9.99122E-01 -1.44881E-02
    9013.798     19.365   2.640  9.89834E-01  1.00145E+00 -1.16163E-02
    9014.609     20.176   2.680  9.93893E-01  1.00346E+00 -9.56313E-03
    9015.432     20.999   2.720  9.90605E-01  1.00516E+00 -1.45595E-02
    9016.267     21.834   2.760  9.77879E-01  1.00656E+00 -2.86848E-02
    9017.114     22.681   2.800  9.59988E-01  1.00768E+00 -4.76938E-02
    9017.974     23.541   2.840  9.43894E-01  1.00855E+00 -6.46520E-02
    9018.845     24.413   2.880  9.33621E-01  1.00917E+00 -7.55452E-02
    9019.729     25.296   2.920  9.27794E-01  1.00955E+00 -8.17545E-02
    9020.625     26.193   2.960  9.23744E-01  1.00972E+00 -8.59765E-02
    9021.534     27.101   3.000  9.21334E-01  1.00969E+00 -8.83554E-02
    9022.454     28.021   3.040  9.19848E-01  1.00946E+00 -8.96145E-02
    9023.387     28.954   3.080  9.17219E-01  1.00907E+00 -9.18477E-02
    9024.332     29.899   3.120  9.14431E-01  1.00851E+00 -9.40797E-02
    9025.289     30.856   3.160  9.12510E-01  1.00780E+00 -9.52927E-02
    9026.258     31.825   3.200  9.11781E-01  1.00699E+00 -9.52088E-02
    9027.240     32.807   3.240  9.12130E-01  1.00604E+00 -9.39064E-02
    9028.233     33.800   3.280  9.13594E-01  1.00499E+00 -9.13974E-02
    9029.239     34.806   3.320  9.16069E-01  1.00386E+00 -8.77944E-02
    9030.257     35.824   3.360  9.19402E-01  1.00268E+00 -8.32758E-02
    9031.287     36.854   3.400  9.23612E-01  1.00140E+00 -7.77862E-02
    9032.330     37.897   3.440  9.28974E-01  1.00009E+00 -7.11177E-02
    9033.384     38.951   3.480  9.35478E-01  9.98722E-01 -6.32441E-02
    9034.451     40.018   3.520  9.43294E-01  9.97338E-01 -5.40436E-02
    9035.530     41.097   3.560  9.52291E-01  9.95921E-01 -4.36295E-02
    9036.621     42.188   3.600  9.62063E-01  9.94498E-01 -3.24350E-02
    9037.725     43.292   3.640  9.72194E-01  9.93075E-01 -2.08803E-02
    9038.840     44.407   3.680  9.82368E-01  9.91673E-01 -9.30502E-03
    9039.968     45.535   3.720  9.92211E-01  9.90258E-01  1.95299E-03
    9041.108     46.675   3.760  1.00151E+00  9.88893E-01  1.26159E-02
    9042.260     47.827   3.800  1.00999E+00  9.87540E-01  2.24534E-02
    9043.424     48.991   3.840  1.01745E+00  9.86201E-01  3.12459E-02
    9044.601     50.168   3.880  1.02378E+00  9.84923E-01  3.88615E-02
    9045.790     51.357   3.920  1.02884E+00  9.83688E-01  4.51535E-02
    9046.990     52.558   3.960  1.03245E+00  9.82518E-01  4.99336E-02
    9048.204     53.771   4.000  1.03449E+00  9.81395E-01  5.30979E-02
    9049.429     54.996   4.040  1.03515E+00  9.80318E-01  5.48268E-02
    9050.666     56.233   4.080  1.03475E+00  9.79310E-01  5.54440E-02
    9051.916     57.483   4.120  1.03362E+00  9.78353E-01  5.52703E-02
    9053.178     58.745   4.160  1.03200E+00  9.77470E-01  5.45324E-02
    9054.452     60.019   4.200  1.02994E+00  9.76660E-01  5.32834E-02
    9055.738     61.305   4.240  1.02738E+00  9.75925E-01  5.14552E-02
    9057.037     62.604   4.280  1.02424E+00  9.75245E-01  4.89924E-02
    9058.347     63.914   4.320  1.02063E+00  9.74661E-01  4.59658E-02
    9059.670     65.237   4.360  1.01667E+00  9.74132E-01  4.25380E-02
    9061.005     66.572   4.400  1.01261E+00  9.73677E-01  3.89349E-02
    9062.352     67.919   4.440  1.00863E+00  9.73276E-01  3.53578E-02
    9063.712     69.279   4.480  1.00485E+00  9.72971E-01  3.18800E-02
    9065.083     70.650   4.520  1.00117E+00  9.72721E-01  2.84463E-02
    9066.467     72.034   4.560  9.97469E-01  9.72545E-01  2.49234E-02
    9067.863     73.430   4.600  9.93594E-01  9.72444E-01  2.11503E-02
    9069.271     74.838   4.640  9.89440E-01  9.72417E-01  1.70237E-02
    9070.692     76.259   4.680  9.84997E-01  9.72438E-01  1.25582E-02
    9072.124     77.691   4.720  9.80338E-01  9.72508E-01  7.83072E-03
    9073.569     79.136   4.760  9.75559E-01  9.72647E-01  2.91142E-03
    9075.026     80.593   4.800  9.70712E-01  9.72857E-01 -2.14473E-03
    9076.495     82.062   4.840  9.65862E-01  9.73111E-01 -7.24892E-03
    9077.976     83.543   4.880  9.61216E-01  9.73407E-01 -1.21909E-02
    9079.470     85.037   4.920  9.57084E-01  9.73745E-01 -1.66604E-02
    9080.976     86.543   4.960  9.53761E-01  9.74122E-01 -2.03608E-02
    9082.493     88.061   5.000  9.51433E-01  9.74538E-01 -2.31050E-02
    9084.024     89.591   5.040  9.50130E-01  9.74992E-01 -2.48614E-02
    9085.566     91.133   5.080  9.49772E-01  9.75481E-01 -2.57086E-02
    9087.120     92.687   5.120  9.50178E-01  9.75982E-01 -2.58047E-02
    9088.687     94.254   5.160  9.51138E-01  9.76537E-01 -2.53993E-02
    9090.266     95.833   5.200  9.52285E-01  9.77078E-01 -2.47926E-02
    9091.857     97.424   5.240  9.53353E-01  9.77644E-01 -2.42908E-02
    9093.460     99.027   5.280  9.54106E-01  9.78215E-01 -2.41091E-02
    9095.076    100.643   5.320  9.54464E-01  9.78786E-01 -2.43219E-02
    9096.703    102.270   5.360  9.54536E-01  9.79356E-01 -2.48203E-02
    9098.343    103.910   5.400  9.54553E-01  9.79925E-01 -2.53717E-02
    9099.995    105.562   5.440  9.54788E-01  9.80489E-01 -2.57006E-02
    9101.659    107.226   5.480  9.55450E-01  9.81025E-01 -2.55748E-02
    9103.336    108.903   5.520  9.56717E-01  9.81553E-01 -2.48356E-02
    9105.024    110.591   5.560  9.58612E-01  9.82073E-01 -2.34612E-02
    9106.725    112.292   5.600  9.60973E-01  9.82560E-01 -2.15867E-02
    9108.438    114.005   5.640  9.63527E-01  9.83011E-01 -1.94846E-02
    9110.163    115.730   5.680  9.66014E-01  9.83448E-01 -1.74339E-02
    9111.900    117.468   5.720  9.68232E-01  9.83826E-01 -1.55935E-02
    9113.650    119.217   5.760  9.70271E-01  9.84187E-01 -1.39166E-02
    9115.412    120.979   5.800  9.72328E-01  9.84508E-01 -1.21797E-02
    9117.186    122.753   5.840  9.74694E-01  9.84763E-01 -1.00691E-02
    9118.972    124.539   5.880  9.77704E-01  9.84999E-01 -7.29518E-03
    9120.770    126.337   5.920  9.81461E-01  9.85166E-01 -3.70436E-03
    9122.581    128.148   5.960  9.85911E-01  9.85281E-01  6.30111E-04
    9124.403    129.970   6.000  9.90825E-01  9.85326E-01  5.49898E-03
