# # comment:                                                     FEFF 9.9.1  
# # Source:
# # Structure
# # Reduced
# # space
# # abc:
# # angles:
# # sites:
# # POT  SCF 100  7.0000   0, screened core-hole, AFOLP (folp(0)= 1.150)
# # Abs   Z=29 Rmt= 1.131 Rnm= 1.286 K  shell
# # Pot 1 Z=56 Rmt= 1.954 Rnm= 2.014
# # Pot 2 Z=39 Rmt= 1.639 Rnm= 1.715
# # Pot 3 Z=29 Rmt= 1.131 Rnm= 1.286
# # Pot 4 Z= 8 Rmt= 1.079 Rnm= 1.135
# # Gam_ch=1.729E+00 H-L exch Vi= 0.000E+00 Vr= 0.000E+00
# # Mu=-8.799E+00eV kf=1.987E+00 Vint=-1.721E+01eV Rs_int= 1.826
# FMS rfms= 9.0000
# # PATH  Rmax=-1.000,  Keep_limit= 0.00, Heap_limit 0.00  Pwcrit= 2.50%
#  S02=0.950  Temp=   0.00  Debye_temp=   0.00  Global_sig2= 0.00000
#  Energy zero shift, vr, vi    0.00000E+00   0.00000E+00
#  Curved wave amplitude ratio filter   4.000%
#     file         sig2 tot  cw amp ratio   deg  nlegs   reff  inp sig2
#     0/   0 paths used
#  xsedge+ 50, used to normalize mu           2.4503E-04
#  -----------------------------------------------------------------------
#  omega    e    k    mu    mu0     chi     @#
    8984.881    -12.609  -1.000  3.68374E-02  5.56784E-02 -1.88410E-02
    8985.180    -12.310  -0.960  3.87672E-02  5.97346E-02 -2.09674E-02
    8985.467    -12.024  -0.920  4.08573E-02  6.42409E-02 -2.33836E-02
    8985.741    -11.749  -0.880  4.31290E-02  6.92634E-02 -2.61344E-02
    8986.003    -11.487  -0.840  4.56071E-02  7.48790E-02 -2.92718E-02
    8986.253    -11.237  -0.800  4.83208E-02  8.11765E-02 -3.28557E-02
    8986.491    -11.000  -0.760  5.13038E-02  8.82580E-02 -3.69542E-02
    8986.716    -10.774  -0.720  5.45947E-02  9.62388E-02 -4.16442E-02
    8986.930    -10.561  -0.680  5.82363E-02  1.05246E-01 -4.70095E-02
    8987.131    -10.359  -0.640  6.22741E-02  1.15413E-01 -5.31385E-02
    8987.320    -10.171  -0.600  6.67530E-02  1.26871E-01 -6.01178E-02
    8987.497     -9.994  -0.560  7.17103E-02  1.39732E-01 -6.80218E-02
    8987.661     -9.829  -0.520  7.71663E-02  1.54063E-01 -7.68967E-02
    8987.814     -9.677  -0.480  8.31098E-02  1.69848E-01 -8.67385E-02
    8987.954     -9.537  -0.440  8.94817E-02  1.86949E-01 -9.74677E-02
    8988.082     -9.409  -0.400  9.61626E-02  2.05070E-01 -1.08907E-01
    8988.198     -9.293  -0.360  1.02970E-01  2.23742E-01 -1.20772E-01
    8988.301     -9.189  -0.320  1.09672E-01  2.42362E-01 -1.32689E-01
    8988.393     -9.098  -0.280  1.16023E-01  2.60255E-01 -1.44232E-01
    8988.472     -9.018  -0.240  1.21795E-01  2.76774E-01 -1.54979E-01
    8988.539     -8.951  -0.200  1.26816E-01  2.91375E-01 -1.64559E-01
    8988.594     -8.896  -0.160  1.30973E-01  3.03661E-01 -1.72688E-01
    8988.637     -8.854  -0.120  1.34204E-01  3.13375E-01 -1.79171E-01
    8988.667     -8.823  -0.080  1.36481E-01  3.20376E-01 -1.83895E-01
    8988.691     -8.799   0.000  1.38215E-01  3.26002E-01 -1.87787E-01
    8988.746     -8.744   0.120  1.42590E-01  3.38677E-01 -1.96087E-01
    8988.789     -8.701   0.160  1.45952E-01  3.48543E-01 -2.02591E-01
    8988.844     -8.647   0.200  1.50178E-01  3.61138E-01 -2.10960E-01
    8988.911     -8.579   0.240  1.55189E-01  3.76319E-01 -2.21129E-01
    8988.990     -8.500   0.280  1.60774E-01  3.93748E-01 -2.32974E-01
    8989.082     -8.409   0.320  1.66715E-01  4.12993E-01 -2.46277E-01
    8989.185     -8.305   0.360  1.72837E-01  4.33535E-01 -2.60698E-01
    8989.301     -8.189   0.400  1.78939E-01  4.54779E-01 -2.75840E-01
    8989.429     -8.061   0.440  1.84884E-01  4.76179E-01 -2.91295E-01
    8989.569     -7.921   0.480  1.90566E-01  4.97329E-01 -3.06762E-01
    8989.722     -7.769   0.520  1.95901E-01  5.17947E-01 -3.22046E-01
    8989.886     -7.604   0.560  2.00824E-01  5.37914E-01 -3.37090E-01
    8990.063     -7.427   0.600  2.05386E-01  5.57176E-01 -3.51790E-01
    8990.252     -7.238   0.640  2.09887E-01  5.75808E-01 -3.65921E-01
    8990.453     -7.037   0.680  2.14910E-01  5.93863E-01 -3.78953E-01
    8990.667     -6.824   0.720  2.21251E-01  6.11447E-01 -3.90196E-01
    8990.892     -6.598   0.760  2.29663E-01  6.28621E-01 -3.98958E-01
    8991.130     -6.361   0.800  2.40908E-01  6.45461E-01 -4.04553E-01
    8991.380     -6.111   0.840  2.55659E-01  6.62027E-01 -4.06368E-01
    8991.642     -5.848   0.880  2.74432E-01  6.78385E-01 -4.03953E-01
    8991.916     -5.574   0.920  2.97328E-01  6.94527E-01 -3.97199E-01
    8992.203     -5.288   0.960  3.23885E-01  7.10493E-01 -3.86609E-01
    8992.501     -4.989   1.000  3.52658E-01  7.26273E-01 -3.73615E-01
    8992.812     -4.678   1.040  3.82246E-01  7.41887E-01 -3.59640E-01
    8993.135     -4.355   1.080  4.14374E-01  7.57286E-01 -3.42912E-01
    8993.471     -4.020   1.120  4.55136E-01  7.72459E-01 -3.17322E-01
    8993.818     -3.672   1.160  5.12040E-01  7.87405E-01 -2.75365E-01
    8994.178     -3.313   1.200  5.86846E-01  8.02083E-01 -2.15237E-01
    8994.550     -2.941   1.240  6.64897E-01  8.16467E-01 -1.51570E-01
    8994.934     -2.557   1.280  7.14774E-01  8.30509E-01 -1.15735E-01
    8995.330     -2.160   1.320  7.20930E-01  8.44203E-01 -1.23272E-01
    8995.738     -1.752   1.360  7.08153E-01  8.57497E-01 -1.49344E-01
    8996.159     -1.331   1.400  7.07469E-01  8.70381E-01 -1.62912E-01
    8996.592     -0.899   1.440  7.34486E-01  8.82807E-01 -1.48320E-01
    8997.037     -0.454   1.480  7.84458E-01  8.94763E-01 -1.10305E-01
    8997.494      0.004   1.520  8.22553E-01  9.06224E-01 -8.36704E-02
    8997.963      0.473   1.560  8.20546E-01  9.17160E-01 -9.66135E-02
    8998.445      0.955   1.600  8.04879E-01  9.27586E-01 -1.22708E-01
    8998.939      1.448   1.640  8.01072E-01  9.37440E-01 -1.36368E-01
    8999.445      1.954   1.680  8.03296E-01  9.46776E-01 -1.43481E-01
    8999.963      2.473   1.720  8.11173E-01  9.55513E-01 -1.44340E-01
    9000.493      3.003   1.760  8.39510E-01  9.63712E-01 -1.24202E-01
    9001.036      3.545   1.800  9.03970E-01  9.71354E-01 -6.73834E-02
    9001.591      4.100   1.840  1.00951E+00  9.78419E-01  3.10921E-02
    9002.157      4.667   1.880  1.13062E+00  9.84935E-01  1.45684E-01
    9002.737      5.246   1.920  1.22204E+00  9.90907E-01  2.31131E-01
    9003.328      5.838   1.960  1.25771E+00  9.96359E-01  2.61353E-01
    9003.931      6.441   2.000  1.24667E+00  1.00128E+00  2.45389E-01
    9004.547      7.057   2.040  1.21266E+00  1.00570E+00  2.06960E-01
    9005.175      7.685   2.080  1.18532E+00  1.00965E+00  1.75669E-01
    9005.815      8.325   2.120  1.18303E+00  1.01311E+00  1.69921E-01
    9006.467      8.977   2.160  1.19867E+00  1.01614E+00  1.82525E-01
    9007.132      9.641   2.200  1.20815E+00  1.01874E+00  1.89416E-01
    9007.808     10.318   2.240  1.19705E+00  1.02094E+00  1.76109E-01
    9008.497     11.007   2.280  1.17472E+00  1.02276E+00  1.51954E-01
    9009.198     11.708   2.320  1.16072E+00  1.02422E+00  1.36498E-01
    9009.912     12.421   2.360  1.16589E+00  1.02535E+00  1.40549E-01
    9010.637     13.147   2.400  1.19059E+00  1.02615E+00  1.64446E-01
    9011.375     13.884   2.440  1.22207E+00  1.02668E+00  1.95391E-01
    9012.124     14.634   2.480  1.24387E+00  1.02693E+00  2.16941E-01
    9012.886     15.396   2.520  1.24703E+00  1.02693E+00  2.20091E-01
    9013.661     16.170   2.560  1.22797E+00  1.02672E+00  2.01252E-01
    9014.447     16.957   2.600  1.19230E+00  1.02628E+00  1.66019E-01
    9015.246     17.755   2.640  1.15003E+00  1.02569E+00  1.24336E-01
    9016.056     18.566   2.680  1.10924E+00  1.02493E+00  8.43075E-02
    9016.879     19.389   2.720  1.07464E+00  1.02402E+00  5.06237E-02
    9017.714     20.224   2.760  1.04772E+00  1.02298E+00  2.47371E-02
    9018.562     21.071   2.800  1.02802E+00  1.02184E+00  6.17871E-03
    9019.421     21.931   2.840  1.01465E+00  1.02060E+00 -5.95206E-03
    9020.293     22.803   2.880  1.00617E+00  1.01929E+00 -1.31265E-02
    9021.177     23.687   2.920  1.00027E+00  1.01791E+00 -1.76431E-02
    9022.073     24.583   2.960  9.95040E-01  1.01649E+00 -2.14460E-02
    9022.981     25.491   3.000  9.89408E-01  1.01502E+00 -2.56104E-02
    9023.902     26.411   3.040  9.83176E-01  1.01352E+00 -3.03416E-02
    9024.834     27.344   3.080  9.76746E-01  1.01203E+00 -3.52847E-02
    9025.779     28.289   3.120  9.70648E-01  1.01052E+00 -3.98733E-02
    9026.736     29.246   3.160  9.65176E-01  1.00904E+00 -4.38597E-02
    9027.706     30.215   3.200  9.59940E-01  1.00756E+00 -4.76175E-02
    9028.687     31.197   3.240  9.54166E-01  1.00611E+00 -5.19443E-02
    9029.681     32.190   3.280  9.46863E-01  1.00468E+00 -5.78155E-02
    9030.687     33.196   3.320  9.37467E-01  1.00331E+00 -6.58404E-02
    9031.705     34.214   3.360  9.26130E-01  1.00198E+00 -7.58499E-02
    9032.735     35.244   3.400  9.13895E-01  1.00070E+00 -8.68014E-02
    9033.777     36.287   3.440  9.02236E-01  9.99482E-01 -9.72456E-02
    9034.832     37.342   3.480  8.92677E-01  9.98317E-01 -1.05640E-01
    9035.899     38.408   3.520  8.86360E-01  9.97203E-01 -1.10842E-01
    9036.978     39.487   3.560  8.83760E-01  9.96184E-01 -1.12425E-01
    9038.069     40.578   3.600  8.84573E-01  9.95223E-01 -1.10650E-01
    9039.172     41.682   3.640  8.88244E-01  9.94340E-01 -1.06095E-01
    9040.288     42.797   3.680  8.94175E-01  9.93556E-01 -9.93811E-02
    9041.416     43.925   3.720  9.01575E-01  9.92830E-01 -9.12548E-02
    9042.555     45.065   3.760  9.09753E-01  9.92183E-01 -8.24296E-02
    9043.708     46.217   3.800  9.18007E-01  9.91615E-01 -7.36088E-02
    9044.872     47.382   3.840  9.25857E-01  9.91127E-01 -6.52704E-02
    9046.048     48.558   3.880  9.33300E-01  9.90717E-01 -5.74174E-02
    9047.237     49.747   3.920  9.40926E-01  9.90366E-01 -4.94395E-02
    9048.438     50.948   3.960  9.49661E-01  9.90117E-01 -4.04557E-02
    9049.651     52.161   4.000  9.60206E-01  9.89948E-01 -2.97419E-02
    9050.876     53.386   4.040  9.72804E-01  9.89857E-01 -1.70531E-02
    9052.114     54.624   4.080  9.86867E-01  9.89825E-01 -2.95780E-03
    9053.364     55.873   4.120  1.00090E+00  9.89889E-01  1.10101E-02
    9054.626     57.135   4.160  1.01275E+00  9.90008E-01  2.27453E-02
    9055.900     58.409   4.200  1.02065E+00  9.90201E-01  3.04482E-02
    9057.186     59.695   4.240  1.02394E+00  9.90445E-01  3.34929E-02
    9058.484     60.994   4.280  1.02346E+00  9.90762E-01  3.26976E-02
    9059.795     62.305   4.320  1.02097E+00  9.91150E-01  2.98176E-02
    9061.118     63.627   4.360  1.01835E+00  9.91586E-01  2.67649E-02
    9062.453     64.962   4.400  1.01723E+00  9.92066E-01  2.51674E-02
    9063.800     66.310   4.440  1.01874E+00  9.92590E-01  2.61516E-02
    9065.159     67.669   4.480  1.02346E+00  9.93177E-01  3.02827E-02
    9066.531     69.041   4.520  1.03125E+00  9.93784E-01  3.74674E-02
    9067.915     70.424   4.560  1.04140E+00  9.94451E-01  4.69457E-02
    9069.311     71.820   4.600  1.05241E+00  9.95133E-01  5.72752E-02
    9070.719     73.229   4.640  1.06239E+00  9.95848E-01  6.65392E-02
    9072.139     74.649   4.680  1.06945E+00  9.96574E-01  7.28798E-02
    9073.572     76.081   4.720  1.07241E+00  9.97330E-01  7.50821E-02
    9075.017     77.526   4.760  1.07107E+00  9.98117E-01  7.29571E-02
    9076.473     78.983   4.800  1.06627E+00  9.98909E-01  6.73632E-02
    9077.943     80.452   4.840  1.05924E+00  9.99701E-01  5.95434E-02
    9079.424     81.934   4.880  1.05083E+00  1.00047E+00  5.03545E-02
    9080.917     83.427   4.920  1.04147E+00  1.00126E+00  4.02086E-02
    9082.423     84.933   4.960  1.03161E+00  1.00205E+00  2.95623E-02
    9083.941     86.451   5.000  1.02210E+00  1.00283E+00  1.92629E-02
    9085.471     87.981   5.040  1.01413E+00  1.00359E+00  1.05394E-02
    9087.013     89.523   5.080  1.00899E+00  1.00431E+00  4.68661E-03
    9088.568     91.078   5.120  1.00771E+00  1.00502E+00  2.69559E-03
    9090.135     92.644   5.160  1.01045E+00  1.00571E+00  4.73170E-03
    9091.713     94.223   5.200  1.01610E+00  1.00638E+00  9.72960E-03
    9093.304     95.814   5.240  1.02241E+00  1.00697E+00  1.54381E-02
    9094.908     97.417   5.280  1.02680E+00  1.00756E+00  1.92448E-02
    9096.523     99.033   5.320  1.02749E+00  1.00810E+00  1.93926E-02
    9098.151    100.660   5.360  1.02415E+00  1.00860E+00  1.55481E-02
    9099.791    102.300   5.400  1.01826E+00  1.00906E+00  9.19795E-03
    9101.443    103.952   5.440  1.01165E+00  1.00947E+00  2.18163E-03
    9103.107    105.616   5.480  1.00554E+00  1.00982E+00 -4.27854E-03
    9104.783    107.293   5.520  1.00014E+00  1.01011E+00 -9.96932E-03
    9106.472    108.981   5.560  9.95074E-01  1.01036E+00 -1.52892E-02
    9108.173    110.682   5.600  9.90014E-01  1.01054E+00 -2.05300E-02
    9109.886    112.395   5.640  9.85093E-01  1.01068E+00 -2.55847E-02
    9111.611    114.120   5.680  9.80738E-01  1.01076E+00 -3.00253E-02
    9113.348    115.858   5.720  9.76855E-01  1.01078E+00 -3.39218E-02
    9115.098    117.607   5.760  9.73117E-01  1.01072E+00 -3.76025E-02
    9116.859    119.369   5.800  9.69328E-01  1.01064E+00 -4.13104E-02
    9118.633    121.143   5.840  9.65660E-01  1.01049E+00 -4.48297E-02
    9120.419    122.929   5.880  9.62699E-01  1.01027E+00 -4.75699E-02
    9122.218    124.727   5.920  9.61039E-01  1.01000E+00 -4.89637E-02
    9124.028    126.538   5.960  9.61062E-01  1.00969E+00 -4.86241E-02
    9125.851    128.361   6.000  9.62990E-01  1.00925E+00 -4.62642E-02
