# # comment:                                                     FEFF 9.9.1  
# # Source:
# # Structure
# # Reduced
# # space
# # abc:
# # angles:119.937653
# # sites:
# # POT  SCF 100  7.0000   0, screened core-hole, AFOLP (folp(0)= 1.150)
# # Abs   Z=29 Rmt= 1.226 Rnm= 1.283 K  shell
# # Pot 1 Z= 3 Rmt= 1.253 Rnm= 1.296
# # Pot 2 Z=24 Rmt= 1.291 Rnm= 1.395
# # Pot 3 Z=29 Rmt= 1.226 Rnm= 1.283
# # Pot 4 Z= 8 Rmt= 1.054 Rnm= 1.105
# # Gam_ch=1.729E+00 H-L exch Vi= 0.000E+00 Vr= 0.000E+00
# # Mu=-1.015E+01eV kf=2.115E+00 Vint=-1.839E+01eV Rs_int= 1.715
# FMS rfms= 9.0000
# # PATH  Rmax=-1.000,  Keep_limit= 0.00, Heap_limit 0.00  Pwcrit= 2.50%
#  S02=0.950  Temp=   0.00  Debye_temp=   0.00  Global_sig2= 0.00000
#  Energy zero shift, vr, vi    0.00000E+00   0.00000E+00
#  Curved wave amplitude ratio filter   4.000%
#     file         sig2 tot  cw amp ratio   deg  nlegs   reff  inp sig2
#     0/   0 paths used
#  xsedge+ 50, used to normalize mu           2.4651E-04
#  -----------------------------------------------------------------------
#  omega    e    k    mu    mu0     chi     @#
    8985.121    -13.958  -1.000  2.93401E-02  5.02740E-02 -2.09339E-02
    8985.420    -13.659  -0.960  3.05067E-02  5.38337E-02 -2.33270E-02
    8985.706    -13.373  -0.920  3.17378E-02  5.77821E-02 -2.60443E-02
    8985.980    -13.099  -0.880  3.30407E-02  6.21758E-02 -2.91350E-02
    8986.243    -12.836  -0.840  3.44245E-02  6.70805E-02 -3.26560E-02
    8986.493    -12.587  -0.800  3.58999E-02  7.25725E-02 -3.66726E-02
    8986.730    -12.349  -0.760  3.74799E-02  7.87392E-02 -4.12592E-02
    8986.956    -12.123  -0.720  3.91798E-02  8.56793E-02 -4.64994E-02
    8987.169    -11.910  -0.680  4.10170E-02  9.35012E-02 -5.24842E-02
    8987.370    -11.709  -0.640  4.30103E-02  1.02319E-01 -5.93092E-02
    8987.559    -11.520  -0.600  4.51786E-02  1.12246E-01 -6.70677E-02
    8987.736    -11.343  -0.560  4.75376E-02  1.23377E-01 -7.58396E-02
    8987.901    -11.178  -0.520  5.00949E-02  1.35768E-01 -8.56736E-02
    8988.053    -11.026  -0.480  5.28427E-02  1.49406E-01 -9.65637E-02
    8988.193    -10.886  -0.440  5.57503E-02  1.64172E-01 -1.08421E-01
    8988.321    -10.758  -0.400  5.87576E-02  1.79809E-01 -1.21051E-01
    8988.437    -10.642  -0.360  6.17748E-02  1.95917E-01 -1.34142E-01
    8988.541    -10.538  -0.320  6.46915E-02  2.11976E-01 -1.47284E-01
    8988.632    -10.447  -0.280  6.73952E-02  2.27407E-01 -1.60012E-01
    8988.711    -10.368  -0.240  6.97917E-02  2.41653E-01 -1.71861E-01
    8988.779    -10.301  -0.200  7.18201E-02  2.54247E-01 -1.82427E-01
    8988.833    -10.246  -0.160  7.34553E-02  2.64845E-01 -1.91390E-01
    8988.876    -10.203  -0.120  7.47000E-02  2.73227E-01 -1.98527E-01
    8988.907    -10.173  -0.080  7.55704E-02  2.79267E-01 -2.03697E-01
    8988.931    -10.148   0.000  7.62544E-02  2.84122E-01 -2.07868E-01
    8988.986    -10.093   0.120  7.77255E-02  2.95064E-01 -2.17338E-01
    8989.028    -10.051   0.160  7.88078E-02  3.03589E-01 -2.24781E-01
    8989.083     -9.996   0.200  8.00817E-02  3.14471E-01 -2.34389E-01
    8989.150     -9.929   0.240  8.14828E-02  3.27588E-01 -2.46105E-01
    8989.230     -9.849   0.280  8.28917E-02  3.42670E-01 -2.59779E-01
    8989.321     -9.758   0.320  8.42360E-02  3.59353E-01 -2.75117E-01
    8989.425     -9.654   0.360  8.54465E-02  3.77156E-01 -2.91709E-01
    8989.541     -9.539   0.400  8.65802E-02  3.95629E-01 -3.09049E-01
    8989.669     -9.411   0.440  8.76722E-02  4.14268E-01 -3.26596E-01
    8989.809     -9.270   0.480  8.89578E-02  4.32767E-01 -3.43810E-01
    8989.961     -9.118   0.520  9.05706E-02  4.50865E-01 -3.60294E-01
    8990.126     -8.953   0.560  9.27201E-02  4.68462E-01 -3.75742E-01
    8990.303     -8.777   0.600  9.55026E-02  4.85530E-01 -3.90027E-01
    8990.491     -8.588   0.640  9.89883E-02  5.02137E-01 -4.03148E-01
    8990.693     -8.386   0.680  1.03054E-01  5.18323E-01 -4.15269E-01
    8990.906     -8.173   0.720  1.07397E-01  5.34163E-01 -4.26766E-01
    8991.132     -7.947   0.760  1.11737E-01  5.49746E-01 -4.38009E-01
    8991.369     -7.710   0.800  1.16102E-01  5.65154E-01 -4.49052E-01
    8991.619     -7.460   0.840  1.20973E-01  5.80419E-01 -4.59446E-01
    8991.881     -7.198   0.880  1.27162E-01  5.95578E-01 -4.68416E-01
    8992.156     -6.923   0.920  1.35587E-01  6.10659E-01 -4.75072E-01
    8992.442     -6.637   0.960  1.47161E-01  6.25697E-01 -4.78536E-01
    8992.741     -6.338   1.000  1.63077E-01  6.40700E-01 -4.77623E-01
    8993.052     -6.027   1.040  1.84865E-01  6.55626E-01 -4.70761E-01
    8993.375     -5.704   1.080  2.14620E-01  6.70526E-01 -4.55906E-01
    8993.710     -5.369   1.120  2.54192E-01  6.85325E-01 -4.31133E-01
    8994.058     -5.021   1.160  3.03830E-01  7.00048E-01 -3.96218E-01
    8994.417     -4.662   1.200  3.57120E-01  7.14650E-01 -3.57530E-01
    8994.789     -4.290   1.240  3.98957E-01  7.29107E-01 -3.30150E-01
    8995.173     -3.906   1.280  4.21488E-01  7.43390E-01 -3.21901E-01
    8995.569     -3.510   1.320  4.37810E-01  7.57450E-01 -3.19640E-01
    8995.978     -3.101   1.360  4.62604E-01  7.71300E-01 -3.08696E-01
    8996.398     -2.681   1.400  4.95866E-01  7.84885E-01 -2.89019E-01
    8996.831     -2.248   1.440  5.28697E-01  7.98176E-01 -2.69479E-01
    8997.276     -1.803   1.480  5.52206E-01  8.11142E-01 -2.58936E-01
    8997.734     -1.346   1.520  5.68259E-01  8.23751E-01 -2.55492E-01
    8998.203     -0.876   1.560  5.95129E-01  8.36014E-01 -2.40884E-01
    8998.684     -0.395   1.600  6.49283E-01  8.47861E-01 -1.98578E-01
    8999.178      0.099   1.640  7.36546E-01  8.59302E-01 -1.22756E-01
    8999.684      0.605   1.680  8.65317E-01  8.70292E-01 -4.97561E-03
    9000.202      1.123   1.720  1.05193E+00  8.80845E-01  1.71090E-01
    9000.733      1.654   1.760  1.27761E+00  8.90953E-01  3.86655E-01
    9001.275      2.196   1.800  1.48285E+00  9.00574E-01  5.82276E-01
    9001.830      2.751   1.840  1.65774E+00  9.09725E-01  7.48014E-01
    9002.397      3.318   1.880  1.78867E+00  9.18384E-01  8.70287E-01
    9002.976      3.897   1.920  1.82379E+00  9.26570E-01  8.97215E-01
    9003.567      4.488   1.960  1.77561E+00  9.34266E-01  8.41342E-01
    9004.171      5.092   2.000  1.72901E+00  9.41473E-01  7.87539E-01
    9004.787      5.707   2.040  1.70285E+00  9.48214E-01  7.54638E-01
    9005.414      6.335   2.080  1.63821E+00  9.54494E-01  6.83721E-01
    9006.055      6.975   2.120  1.50275E+00  9.60319E-01  5.42432E-01
    9006.707      7.628   2.160  1.33480E+00  9.65691E-01  3.69110E-01
    9007.371      8.292   2.200  1.18785E+00  9.70620E-01  2.17232E-01
    9008.048      8.969   2.240  1.07824E+00  9.75132E-01  1.03104E-01
    9008.737      9.658   2.280  9.96283E-01  9.79255E-01  1.70276E-02
    9009.438     10.359   2.320  9.32146E-01  9.82957E-01 -5.08114E-02
    9010.151     11.072   2.360  8.82689E-01  9.86309E-01 -1.03620E-01
    9010.876     11.797   2.400  8.48043E-01  9.89296E-01 -1.41253E-01
    9011.614     12.535   2.440  8.26025E-01  9.91949E-01 -1.65924E-01
    9012.364     13.285   2.480  8.15705E-01  9.94298E-01 -1.78593E-01
    9013.126     14.047   2.520  8.28589E-01  9.96312E-01 -1.67723E-01
    9013.900     14.821   2.560  8.71983E-01  9.98059E-01 -1.26076E-01
    9014.686     15.607   2.600  9.26012E-01  9.99549E-01 -7.35362E-02
    9015.485     16.406   2.640  9.76887E-01  1.00077E+00 -2.38841E-02
    9016.296     17.217   2.680  1.01500E+00  1.00178E+00  1.32280E-02
    9017.119     18.040   2.720  1.03534E+00  1.00257E+00  3.27671E-02
    9017.954     18.875   2.760  1.03871E+00  1.00314E+00  3.55696E-02
    9018.801     19.722   2.800  1.02767E+00  1.00356E+00  2.41137E-02
    9019.661     20.582   2.840  1.00469E+00  1.00382E+00  8.75700E-04
    9020.532     21.453   2.880  9.73672E-01  1.00392E+00 -3.02434E-02
    9021.416     22.337   2.920  9.37647E-01  1.00388E+00 -6.62380E-02
    9022.312     23.233   2.960  8.99985E-01  1.00371E+00 -1.03727E-01
    9023.221     24.142   3.000  8.64178E-01  1.00347E+00 -1.39287E-01
    9024.141     25.062   3.040  8.33148E-01  1.00311E+00 -1.69964E-01
    9025.074     25.995   3.080  8.09538E-01  1.00270E+00 -1.93158E-01
    9026.019     26.940   3.120  7.95064E-01  1.00218E+00 -2.07119E-01
    9026.976     27.897   3.160  7.89545E-01  1.00164E+00 -2.12096E-01
    9027.945     28.866   3.200  7.92369E-01  1.00103E+00 -2.08666E-01
    9028.927     29.848   3.240  8.02927E-01  1.00039E+00 -1.97461E-01
    9029.920     30.841   3.280  8.19897E-01  9.99728E-01 -1.79831E-01
    9030.926     31.847   3.320  8.41011E-01  9.99058E-01 -1.58047E-01
    9031.944     32.865   3.360  8.62618E-01  9.98360E-01 -1.35742E-01
    9032.974     33.895   3.400  8.80510E-01  9.97659E-01 -1.17149E-01
    9034.017     34.938   3.440  8.92087E-01  9.96958E-01 -1.04871E-01
    9035.071     35.992   3.480  8.97931E-01  9.96281E-01 -9.83502E-02
    9036.138     37.059   3.520  9.00719E-01  9.95612E-01 -9.48923E-02
    9037.217     38.138   3.560  9.03579E-01  9.94950E-01 -9.13709E-02
    9038.308     39.229   3.600  9.09165E-01  9.94321E-01 -8.51563E-02
    9039.412     40.333   3.640  9.19223E-01  9.93726E-01 -7.45035E-02
    9040.527     41.448   3.680  9.34575E-01  9.93168E-01 -5.85932E-02
    9041.655     42.576   3.720  9.55271E-01  9.92649E-01 -3.73774E-02
    9042.795     43.716   3.760  9.80885E-01  9.92167E-01 -1.12824E-02
    9043.947     44.868   3.800  1.01058E+00  9.91703E-01  1.88800E-02
    9045.111     46.032   3.840  1.04321E+00  9.91300E-01  5.19138E-02
    9046.288     47.209   3.880  1.07724E+00  9.90940E-01  8.62988E-02
    9047.477     48.398   3.920  1.11081E+00  9.90621E-01  1.20189E-01
    9048.678     49.599   3.960  1.14200E+00  9.90346E-01  1.51657E-01
    9049.891     50.812   4.000  1.16915E+00  9.90133E-01  1.79013E-01
    9051.116     52.037   4.040  1.19071E+00  9.89943E-01  2.00765E-01
    9052.353     53.274   4.080  1.20527E+00  9.89816E-01  2.15451E-01
    9053.603     54.524   4.120  1.21122E+00  9.89734E-01  2.21490E-01
    9054.865     55.786   4.160  1.20726E+00  9.89693E-01  2.17566E-01
    9056.139     57.060   4.200  1.19268E+00  9.89716E-01  2.02969E-01
    9057.425     58.346   4.240  1.16843E+00  9.89757E-01  1.78669E-01
    9058.724     59.645   4.280  1.13736E+00  9.89840E-01  1.47519E-01
    9060.034     60.955   4.320  1.10342E+00  9.89983E-01  1.13434E-01
    9061.357     62.278   4.360  1.07032E+00  9.90144E-01  8.01806E-02
    9062.692     63.613   4.400  1.04085E+00  9.90343E-01  5.05114E-02
    9064.039     64.960   4.440  1.01642E+00  9.90601E-01  2.58201E-02
    9065.399     66.320   4.480  9.97007E-01  9.90873E-01  6.13402E-03
    9066.770     67.691   4.520  9.81657E-01  9.91158E-01 -9.50041E-03
    9068.154     69.075   4.560  9.69027E-01  9.91497E-01 -2.24707E-02
    9069.550     70.471   4.600  9.57916E-01  9.91848E-01 -3.39321E-02
    9070.958     71.879   4.640  9.47882E-01  9.92209E-01 -4.43267E-02
    9072.379     73.300   4.680  9.39272E-01  9.92621E-01 -5.33486E-02
    9073.811     74.732   4.720  9.32631E-01  9.93018E-01 -6.03873E-02
    9075.256     76.177   4.760  9.28430E-01  9.93441E-01 -6.50116E-02
    9076.713     77.634   4.800  9.26583E-01  9.93868E-01 -6.72847E-02
    9078.182     79.103   4.840  9.26452E-01  9.94297E-01 -6.78455E-02
    9079.663     80.584   4.880  9.27170E-01  9.94728E-01 -6.75578E-02
    9081.157     82.078   4.920  9.28177E-01  9.95180E-01 -6.70031E-02
    9082.663     83.584   4.960  9.29534E-01  9.95610E-01 -6.60756E-02
    9084.181     85.101   5.000  9.32032E-01  9.96036E-01 -6.40039E-02
    9085.711     86.632   5.040  9.36430E-01  9.96459E-01 -6.00291E-02
    9087.253     88.174   5.080  9.42685E-01  9.96878E-01 -5.41928E-02
    9088.807     89.728   5.120  9.49846E-01  9.97291E-01 -4.74452E-02
    9090.374     91.295   5.160  9.56975E-01  9.97675E-01 -4.06995E-02
    9091.953     92.874   5.200  9.64220E-01  9.98048E-01 -3.38272E-02
    9093.544     94.465   5.240  9.72340E-01  9.98387E-01 -2.60464E-02
    9095.147     96.068   5.280  9.81597E-01  9.98692E-01 -1.70947E-02
    9096.763     97.684   5.320  9.90699E-01  9.98987E-01 -8.28843E-03
    9098.390     99.311   5.360  9.97169E-01  9.99271E-01 -2.10164E-03
    9100.030    100.951   5.400  9.99224E-01  9.99496E-01 -2.72043E-04
    9101.682    102.603   5.440  9.97662E-01  9.99706E-01 -2.04427E-03
    9103.346    104.267   5.480  9.95246E-01  9.99881E-01 -4.63498E-03
    9105.023    105.944   5.520  9.94675E-01  1.00004E+00 -5.36538E-03
    9106.711    107.632   5.560  9.96796E-01  1.00014E+00 -3.34570E-03
    9108.412    109.333   5.600  1.00061E+00  1.00022E+00  3.83439E-04
    9110.125    111.046   5.640  1.00380E+00  1.00024E+00  3.55693E-03
    9111.850    112.771   5.680  1.00384E+00  1.00025E+00  3.58936E-03
    9113.588    114.508   5.720  9.98567E-01  1.00022E+00 -1.64886E-03
    9115.337    116.258   5.760  9.87230E-01  1.00014E+00 -1.29141E-02
    9117.099    118.020   5.800  9.71180E-01  1.00003E+00 -2.88530E-02
    9118.873    119.794   5.840  9.53501E-01  9.99884E-01 -4.63830E-02
    9120.659    121.580   5.880  9.37598E-01  9.99697E-01 -6.20985E-02
    9122.457    123.378   5.920  9.26260E-01  9.99474E-01 -7.32137E-02
    9124.268    125.189   5.960  9.22013E-01  9.99240E-01 -7.72264E-02
    9126.090    127.011   6.000  9.27959E-01  9.98919E-01 -7.09597E-02
