# # comment:                                                     FEFF 9.9.1  
# # Source:
# # Structure
# # Reduced
# # space
# # abc:
# # angles:101.625707
# # sites:
# # POT  SCF 100  7.0000   0, screened core-hole, AFOLP (folp(0)= 1.150)
# # Abs   Z=29 Rmt= 1.349 Rnm= 1.403 K  shell
# # Pot 1 Z=24 Rmt= 1.332 Rnm= 1.436
# # Pot 2 Z=29 Rmt= 1.349 Rnm= 1.403
# # Pot 3 Z=74 Rmt= 1.268 Rnm= 1.425
# # Pot 4 Z= 8 Rmt= 0.999 Rnm= 1.075
# # Gam_ch=1.729E+00 H-L exch Vi= 0.000E+00 Vr= 0.000E+00
# # Mu=-7.242E+00eV kf=2.294E+00 Vint=-1.684E+01eV Rs_int= 1.581
# FMS rfms= 9.0000
# # PATH  Rmax=-1.000,  Keep_limit= 0.00, Heap_limit 0.00  Pwcrit= 2.50%
#  S02=0.950  Temp=   0.00  Debye_temp=   0.00  Global_sig2= 0.00000
#  Energy zero shift, vr, vi    0.00000E+00   0.00000E+00
#  Curved wave amplitude ratio filter   4.000%
#     file         sig2 tot  cw amp ratio   deg  nlegs   reff  inp sig2
#     0/   0 paths used
#  xsedge+ 50, used to normalize mu           2.4710E-04
#  -----------------------------------------------------------------------
#  omega    e    k    mu    mu0     chi     @#
    8983.676    -11.052  -1.000  4.04620E-02  5.11073E-02 -1.06453E-02
    8983.975    -10.753  -0.960  4.26135E-02  5.47452E-02 -1.21316E-02
    8984.261    -10.467  -0.920  4.49306E-02  5.87830E-02 -1.38524E-02
    8984.536    -10.193  -0.880  4.74322E-02  6.32793E-02 -1.58471E-02
    8984.798     -9.931  -0.840  5.01405E-02  6.83025E-02 -1.81620E-02
    8985.048     -9.681  -0.800  5.30807E-02  7.39316E-02 -2.08509E-02
    8985.285     -9.443  -0.760  5.62817E-02  8.02574E-02 -2.39757E-02
    8985.511     -9.217  -0.720  5.97758E-02  8.73824E-02 -2.76066E-02
    8985.724     -9.004  -0.680  6.35982E-02  9.54196E-02 -3.18213E-02
    8985.925     -8.803  -0.640  6.77859E-02  1.04488E-01 -3.67021E-02
    8986.114     -8.614  -0.600  7.23746E-02  1.14705E-01 -4.23303E-02
    8986.291     -8.437  -0.560  7.73938E-02  1.26170E-01 -4.87759E-02
    8986.456     -8.272  -0.520  8.28599E-02  1.38942E-01 -5.60820E-02
    8986.608     -8.120  -0.480  8.87653E-02  1.53008E-01 -6.42423E-02
    8986.748     -7.980  -0.440  9.50672E-02  1.68243E-01 -7.31763E-02
    8986.876     -7.852  -0.400  1.01676E-01  1.84385E-01 -8.27084E-02
    8986.992     -7.736  -0.360  1.08452E-01  2.01015E-01 -9.25633E-02
    8987.096     -7.632  -0.320  1.15208E-01  2.17595E-01 -1.02387E-01
    8987.187     -7.541  -0.280  1.21730E-01  2.33525E-01 -1.11795E-01
    8987.267     -7.462  -0.240  1.27799E-01  2.48227E-01 -1.20428E-01
    8987.334     -7.395  -0.200  1.33218E-01  2.61219E-01 -1.28000E-01
    8987.388     -7.340  -0.160  1.37829E-01  2.72147E-01 -1.34317E-01
    8987.431     -7.297  -0.120  1.41517E-01  2.80786E-01 -1.39268E-01
    8987.462     -7.267  -0.080  1.44206E-01  2.87009E-01 -1.42803E-01
    8987.486     -7.242   0.000  1.46406E-01  2.92010E-01 -1.45604E-01
    8987.541     -7.187   0.120  1.51212E-01  3.03278E-01 -1.52065E-01
    8987.584     -7.145   0.160  1.54975E-01  3.12037E-01 -1.57062E-01
    8987.638     -7.090   0.200  1.59820E-01  3.23240E-01 -1.63420E-01
    8987.705     -7.023   0.240  1.65681E-01  3.36696E-01 -1.71015E-01
    8987.785     -6.943   0.280  1.72434E-01  3.52155E-01 -1.79721E-01
    8987.876     -6.852   0.320  1.79849E-01  3.69204E-01 -1.89355E-01
    8987.980     -6.748   0.360  1.87620E-01  3.87398E-01 -1.99778E-01
    8988.096     -6.633   0.400  1.95217E-01  4.06157E-01 -2.10941E-01
    8988.224     -6.505   0.440  2.02125E-01  4.25049E-01 -2.22924E-01
    8988.364     -6.364   0.480  2.07825E-01  4.43669E-01 -2.35844E-01
    8988.516     -6.212   0.520  2.12171E-01  4.61805E-01 -2.49634E-01
    8988.681     -6.047   0.560  2.15576E-01  4.79334E-01 -2.63758E-01
    8988.858     -5.871   0.600  2.19174E-01  4.96249E-01 -2.77075E-01
    8989.047     -5.682   0.640  2.24600E-01  5.12604E-01 -2.88004E-01
    8989.248     -5.480   0.680  2.33438E-01  5.28446E-01 -2.95008E-01
    8989.461     -5.267   0.720  2.46617E-01  5.43880E-01 -2.97263E-01
    8989.687     -5.042   0.760  2.63917E-01  5.59027E-01 -2.95110E-01
    8989.924     -4.804   0.800  2.84419E-01  5.73937E-01 -2.89518E-01
    8990.174     -4.554   0.840  3.08012E-01  5.88670E-01 -2.80658E-01
    8990.436     -4.292   0.880  3.36127E-01  6.03296E-01 -2.67169E-01
    8990.711     -4.017   0.920  3.70072E-01  6.17867E-01 -2.47796E-01
    8990.997     -3.731   0.960  4.09280E-01  6.32369E-01 -2.23089E-01
    8991.296     -3.432   1.000  4.51138E-01  6.46878E-01 -1.95740E-01
    8991.607     -3.121   1.040  4.90679E-01  6.61356E-01 -1.70677E-01
    8991.930     -2.798   1.080  5.23523E-01  6.75822E-01 -1.52300E-01
    8992.265     -2.463   1.120  5.51594E-01  6.90289E-01 -1.38696E-01
    8992.613     -2.115   1.160  5.81227E-01  7.04702E-01 -1.23475E-01
    8992.972     -1.756   1.200  6.17594E-01  7.19064E-01 -1.01470E-01
    8993.344     -1.384   1.240  6.65789E-01  7.33374E-01 -6.75846E-02
    8993.728     -1.000   1.280  7.35207E-01  7.47587E-01 -1.23800E-02
    8994.125     -0.604   1.320  8.34911E-01  7.61676E-01  7.32348E-02
    8994.533     -0.195   1.360  9.56497E-01  7.75613E-01  1.80884E-01
    8994.954      0.225   1.400  1.06821E+00  7.89388E-01  2.78821E-01
    8995.386      0.658   1.440  1.14466E+00  8.02949E-01  3.41711E-01
    8995.831      1.103   1.480  1.19026E+00  8.16267E-01  3.73996E-01
    8996.289      1.560   1.520  1.21229E+00  8.29326E-01  3.82965E-01
    8996.758      2.030   1.560  1.20660E+00  8.42097E-01  3.64499E-01
    8997.240      2.511   1.600  1.17999E+00  8.54526E-01  3.25467E-01
    8997.733      3.005   1.640  1.15031E+00  8.66623E-01  2.83687E-01
    8998.239      3.511   1.680  1.13317E+00  8.78337E-01  2.54830E-01
    8998.757      4.029   1.720  1.14145E+00  8.89656E-01  2.51793E-01
    8999.288      4.560   1.760  1.16311E+00  9.00552E-01  2.62555E-01
    8999.830      5.102   1.800  1.16897E+00  9.11015E-01  2.57957E-01
    9000.385      5.657   1.840  1.16688E+00  9.21018E-01  2.45864E-01
    9000.952      6.224   1.880  1.18077E+00  9.30556E-01  2.50212E-01
    9001.531      6.803   1.920  1.21894E+00  9.39602E-01  2.79336E-01
    9002.122      7.394   1.960  1.27619E+00  9.48153E-01  3.28038E-01
    9002.726      7.998   2.000  1.33243E+00  9.56224E-01  3.76203E-01
    9003.342      8.613   2.040  1.36595E+00  9.63778E-01  4.02176E-01
    9003.970      9.241   2.080  1.36273E+00  9.70831E-01  3.91898E-01
    9004.610      9.881   2.120  1.31744E+00  9.77386E-01  3.40050E-01
    9005.262     10.534   2.160  1.23782E+00  9.83446E-01  2.54378E-01
    9005.926     11.198   2.200  1.13903E+00  9.89013E-01  1.50015E-01
    9006.603     11.875   2.240  1.04001E+00  9.94092E-01  4.59142E-02
    9007.292     12.564   2.280  9.59490E-01  9.98707E-01 -3.92169E-02
    9007.993     13.265   2.320  9.07299E-01  1.00287E+00 -9.55669E-02
    9008.706     13.978   2.360  8.78561E-01  1.00655E+00 -1.27993E-01
    9009.432     14.703   2.400  8.62145E-01  1.00982E+00 -1.47675E-01
    9010.169     15.441   2.440  8.55415E-01  1.01267E+00 -1.57258E-01
    9010.919     16.191   2.480  8.59406E-01  1.01512E+00 -1.55714E-01
    9011.681     16.953   2.520  8.67943E-01  1.01719E+00 -1.49250E-01
    9012.455     17.727   2.560  8.71315E-01  1.01890E+00 -1.47584E-01
    9013.241     18.513   2.600  8.62261E-01  1.02027E+00 -1.58008E-01
    9014.040     19.312   2.640  8.43256E-01  1.02129E+00 -1.78036E-01
    9014.851     20.123   2.680  8.28731E-01  1.02204E+00 -1.93310E-01
    9015.674     20.946   2.720  8.29932E-01  1.02248E+00 -1.92551E-01
    9016.509     21.781   2.760  8.34394E-01  1.02267E+00 -1.88276E-01
    9017.356     22.628   2.800  8.39991E-01  1.02261E+00 -1.82622E-01
    9018.216     23.488   2.840  8.47672E-01  1.02234E+00 -1.74670E-01
    9019.088     24.359   2.880  8.57689E-01  1.02185E+00 -1.64158E-01
    9019.971     25.243   2.920  8.69446E-01  1.02120E+00 -1.51751E-01
    9020.868     26.139   2.960  8.82280E-01  1.02036E+00 -1.38083E-01
    9021.776     27.048   3.000  8.95333E-01  1.01939E+00 -1.24060E-01
    9022.696     27.968   3.040  9.07906E-01  1.01827E+00 -1.10369E-01
    9023.629     28.901   3.080  9.20165E-01  1.01706E+00 -9.68954E-02
    9024.574     29.846   3.120  9.32624E-01  1.01576E+00 -8.31333E-02
    9025.531     30.803   3.160  9.45772E-01  1.01437E+00 -6.86013E-02
    9026.500     31.772   3.200  9.60062E-01  1.01292E+00 -5.28534E-02
    9027.482     32.753   3.240  9.75649E-01  1.01141E+00 -3.57622E-02
    9028.475     33.747   3.280  9.92354E-01  1.00987E+00 -1.75141E-02
    9029.481     34.753   3.320  1.01014E+00  1.00831E+00  1.82823E-03
    9030.499     35.771   3.360  1.02858E+00  1.00675E+00  2.18316E-02
    9031.529     36.801   3.400  1.04686E+00  1.00517E+00  4.16973E-02
    9032.572     37.844   3.440  1.06415E+00  1.00361E+00  6.05406E-02
    9033.626     38.898   3.480  1.07968E+00  1.00208E+00  7.76021E-02
    9034.693     39.965   3.520  1.09278E+00  1.00057E+00  9.22161E-02
    9035.772     41.044   3.560  1.10316E+00  9.99090E-01  1.04069E-01
    9036.863     42.135   3.600  1.11086E+00  9.97677E-01  1.13181E-01
    9037.967     43.239   3.640  1.11580E+00  9.96309E-01  1.19490E-01
    9039.082     44.354   3.680  1.11791E+00  9.94990E-01  1.22918E-01
    9040.210     45.482   3.720  1.11738E+00  9.93740E-01  1.23638E-01
    9041.350     46.622   3.760  1.11435E+00  9.92545E-01  1.21803E-01
    9042.502     47.774   3.800  1.10898E+00  9.91448E-01  1.17532E-01
    9043.666     48.938   3.840  1.10136E+00  9.90408E-01  1.10955E-01
    9044.843     50.115   3.880  1.09170E+00  9.89469E-01  1.02235E-01
    9046.032     51.304   3.920  1.08002E+00  9.88591E-01  9.14312E-02
    9047.233     52.504   3.960  1.06645E+00  9.87817E-01  7.86290E-02
    9048.446     53.718   4.000  1.05130E+00  9.87126E-01  6.41726E-02
    9049.671     54.943   4.040  1.03525E+00  9.86518E-01  4.87271E-02
    9050.909     56.180   4.080  1.01934E+00  9.85993E-01  3.33444E-02
    9052.158     57.430   4.120  1.00478E+00  9.85572E-01  1.92065E-02
    9053.420     58.692   4.160  9.92422E-01  9.85214E-01  7.20764E-03
    9054.694     59.966   4.200  9.82633E-01  9.84960E-01 -2.32697E-03
    9055.980     61.252   4.240  9.75064E-01  9.84789E-01 -9.72439E-03
    9057.279     62.551   4.280  9.68868E-01  9.84698E-01 -1.58296E-02
    9058.589     63.861   4.320  9.63010E-01  9.84687E-01 -2.16768E-02
    9059.912     65.184   4.360  9.56629E-01  9.84754E-01 -2.81258E-02
    9061.247     66.519   4.400  9.49331E-01  9.84878E-01 -3.55470E-02
    9062.594     67.866   4.440  9.41433E-01  9.85098E-01 -4.36650E-02
    9063.954     69.226   4.480  9.33699E-01  9.85374E-01 -5.16755E-02
    9065.325     70.597   4.520  9.27146E-01  9.85723E-01 -5.85771E-02
    9066.709     71.981   4.560  9.22452E-01  9.86145E-01 -6.36929E-02
    9068.105     73.377   4.600  9.19839E-01  9.86613E-01 -6.67739E-02
    9069.513     74.785   4.640  9.19302E-01  9.87125E-01 -6.78227E-02
    9070.934     76.206   4.680  9.20745E-01  9.87678E-01 -6.69322E-02
    9072.366     77.638   4.720  9.24063E-01  9.88273E-01 -6.42101E-02
    9073.811     79.083   4.760  9.29144E-01  9.88929E-01 -5.97857E-02
    9075.268     80.540   4.800  9.35648E-01  9.89600E-01 -5.39521E-02
    9076.737     82.009   4.840  9.43174E-01  9.90303E-01 -4.71293E-02
    9078.218     83.490   4.880  9.51257E-01  9.91013E-01 -3.97568E-02
    9079.712     84.984   4.920  9.59489E-01  9.91730E-01 -3.22411E-02
    9081.218     86.490   4.960  9.67602E-01  9.92472E-01 -2.48704E-02
    9082.736     88.007   5.000  9.75435E-01  9.93218E-01 -1.77836E-02
    9084.266     89.537   5.040  9.82955E-01  9.93965E-01 -1.10100E-02
    9085.808     91.080   5.080  9.90224E-01  9.94708E-01 -4.48376E-03
    9087.362     92.634   5.120  9.97207E-01  9.95444E-01  1.76296E-03
    9088.929     94.201   5.160  1.00359E+00  9.96148E-01  7.43769E-03
    9090.508     95.780   5.200  1.00881E+00  9.96819E-01  1.19882E-02
    9092.099     97.371   5.240  1.01238E+00  9.97477E-01  1.49003E-02
    9093.702     98.974   5.280  1.01409E+00  9.98097E-01  1.59926E-02
    9095.318    100.589   5.320  1.01425E+00  9.98679E-01  1.55726E-02
    9096.945    102.217   5.360  1.01358E+00  9.99221E-01  1.43612E-02
    9098.585    103.857   5.400  1.01293E+00  9.99720E-01  1.32126E-02
    9100.237    105.509   5.440  1.01290E+00  1.00018E+00  1.27278E-02
    9101.901    107.173   5.480  1.01353E+00  1.00059E+00  1.29437E-02
    9103.578    108.850   5.520  1.01423E+00  1.00093E+00  1.33023E-02
    9105.266    110.538   5.560  1.01428E+00  1.00122E+00  1.30589E-02
    9106.967    112.239   5.600  1.01332E+00  1.00144E+00  1.18769E-02
    9108.680    113.952   5.640  1.01189E+00  1.00161E+00  1.02817E-02
    9110.405    115.677   5.680  1.01116E+00  1.00171E+00  9.44948E-03
    9112.143    117.414   5.720  1.01230E+00  1.00175E+00  1.05482E-02
    9113.892    119.164   5.760  1.01576E+00  1.00173E+00  1.40358E-02
    9115.654    120.926   5.800  1.02105E+00  1.00163E+00  1.94210E-02
    9117.428    122.700   5.840  1.02699E+00  1.00148E+00  2.55103E-02
    9119.214    124.486   5.880  1.03226E+00  1.00126E+00  3.09978E-02
    9121.012    126.284   5.920  1.03598E+00  1.00100E+00  3.49841E-02
    9122.823    128.095   5.960  1.03776E+00  1.00065E+00  3.71020E-02
    9124.645    129.917   6.000  1.03756E+00  1.00023E+00  3.73333E-02
