# # comment:                                                     FEFF 9.9.1  
# # Source:
# # Structure
# # Reduced
# # space
# # abc:
# # angles:104.014726
# # sites:
# # POT  SCF 100  7.0000   0, screened core-hole, AFOLP (folp(0)= 1.150)
# # Abs   Z=29 Rmt= 1.233 Rnm= 1.323 K  shell
# # Pot 1 Z=12 Rmt= 1.334 Rnm= 1.440
# # Pot 2 Z=23 Rmt= 1.094 Rnm= 1.307
# # Pot 3 Z=29 Rmt= 1.221 Rnm= 1.316
# # Pot 4 Z= 8 Rmt= 0.927 Rnm= 1.093
# # Gam_ch=1.729E+00 H-L exch Vi= 0.000E+00 Vr= 0.000E+00
# # Mu=-8.901E+00eV kf=2.257E+00 Vint=-1.723E+01eV Rs_int= 1.607
# FMS rfms= 9.0000
# # PATH  Rmax=-1.000,  Keep_limit= 0.00, Heap_limit 0.00  Pwcrit= 2.50%
#  S02=0.950  Temp=   0.00  Debye_temp=   0.00  Global_sig2= 0.00000
#  Energy zero shift, vr, vi    0.00000E+00   0.00000E+00
#  Curved wave amplitude ratio filter   4.000%
#     file         sig2 tot  cw amp ratio   deg  nlegs   reff  inp sig2
#     0/   0 paths used
#  xsedge+ 50, used to normalize mu           2.4836E-04
#  -----------------------------------------------------------------------
#  omega    e    k    mu    mu0     chi     @#
    8983.905    -12.711  -1.000  3.52987E-02  4.93784E-02 -1.40798E-02
    8984.203    -12.412  -0.960  3.71950E-02  5.28513E-02 -1.56563E-02
    8984.490    -12.125  -0.920  3.92563E-02  5.67016E-02 -1.74453E-02
    8984.764    -11.851  -0.880  4.15046E-02  6.09843E-02 -1.94797E-02
    8985.026    -11.589  -0.840  4.39657E-02  6.57633E-02 -2.17976E-02
    8985.276    -11.339  -0.800  4.66691E-02  7.11125E-02 -2.44434E-02
    8985.514    -11.101  -0.760  4.96487E-02  7.71166E-02 -2.74679E-02
    8985.739    -10.876  -0.720  5.29426E-02  8.38712E-02 -3.09286E-02
    8985.953    -10.662  -0.680  5.65925E-02  9.14815E-02 -3.48890E-02
    8986.154    -10.461  -0.640  6.06424E-02  1.00059E-01 -3.94162E-02
    8986.343    -10.272  -0.600  6.51348E-02  1.09711E-01 -4.45762E-02
    8986.520    -10.095  -0.560  7.01061E-02  1.20531E-01 -5.04254E-02
    8986.684     -9.931  -0.520  7.55771E-02  1.32574E-01 -5.69972E-02
    8986.837     -9.778  -0.480  8.15421E-02  1.45826E-01 -6.42840E-02
    8986.977     -9.638  -0.440  8.79549E-02  1.60171E-01 -7.22160E-02
    8987.105     -9.510  -0.400  9.47168E-02  1.75361E-01 -8.06440E-02
    8987.221     -9.394  -0.360  1.01671E-01  1.91007E-01 -8.93355E-02
    8987.324     -9.291  -0.320  1.08612E-01  2.06604E-01 -9.79918E-02
    8987.416     -9.199  -0.280  1.15304E-01  2.21591E-01 -1.06287E-01
    8987.495     -9.120  -0.240  1.21513E-01  2.35427E-01 -1.13914E-01
    8987.562     -9.053  -0.200  1.27034E-01  2.47659E-01 -1.20625E-01
    8987.617     -8.998  -0.160  1.31709E-01  2.57952E-01 -1.26244E-01
    8987.660     -8.956  -0.120  1.35430E-01  2.66093E-01 -1.30663E-01
    8987.690     -8.925  -0.080  1.38132E-01  2.71961E-01 -1.33829E-01
    8987.715     -8.901   0.000  1.40333E-01  2.76678E-01 -1.36345E-01
    8987.769     -8.846   0.120  1.45157E-01  2.87318E-01 -1.42161E-01
    8987.812     -8.803   0.160  1.48894E-01  2.95582E-01 -1.46688E-01
    8987.867     -8.748   0.200  1.53697E-01  3.06159E-01 -1.52463E-01
    8987.934     -8.681   0.240  1.59463E-01  3.18896E-01 -1.59433E-01
    8988.013     -8.602   0.280  1.66117E-01  3.33549E-01 -1.67432E-01
    8988.105     -8.511   0.320  1.73483E-01  3.49764E-01 -1.76280E-01
    8988.208     -8.407   0.360  1.81365E-01  3.67076E-01 -1.85711E-01
    8988.324     -8.291   0.400  1.89632E-01  3.85031E-01 -1.95399E-01
    8988.452     -8.163   0.440  1.98253E-01  4.03198E-01 -2.04944E-01
    8988.592     -8.023   0.480  2.07290E-01  4.21202E-01 -2.13912E-01
    8988.745     -7.870   0.520  2.16939E-01  4.38829E-01 -2.21890E-01
    8988.909     -7.706   0.560  2.27297E-01  4.55985E-01 -2.28688E-01
    8989.086     -7.529   0.600  2.38146E-01  4.72681E-01 -2.34535E-01
    8989.275     -7.340   0.640  2.48731E-01  4.88906E-01 -2.40175E-01
    8989.476     -7.139   0.680  2.57990E-01  5.04738E-01 -2.46748E-01
    8989.690     -6.926   0.720  2.65107E-01  5.20290E-01 -2.55183E-01
    8989.915     -6.700   0.760  2.69831E-01  5.35609E-01 -2.65777E-01
    8990.153     -6.462   0.800  2.72478E-01  5.50757E-01 -2.78279E-01
    8990.403     -6.212   0.840  2.73581E-01  5.65803E-01 -2.92222E-01
    8990.665     -5.950   0.880  2.74051E-01  5.80786E-01 -3.06735E-01
    8990.939     -5.676   0.920  2.75179E-01  5.95732E-01 -3.20553E-01
    8991.226     -5.389   0.960  2.77907E-01  6.10656E-01 -3.32750E-01
    8991.525     -5.091   1.000  2.82837E-01  6.25587E-01 -3.42750E-01
    8991.835     -4.780   1.040  2.90964E-01  6.40481E-01 -3.49516E-01
    8992.159     -4.457   1.080  3.04016E-01  6.55371E-01 -3.51355E-01
    8992.494     -4.121   1.120  3.22888E-01  6.70224E-01 -3.47337E-01
    8992.841     -3.774   1.160  3.46683E-01  6.85023E-01 -3.38340E-01
    8993.201     -3.414   1.200  3.74711E-01  6.99764E-01 -3.25053E-01
    8993.573     -3.042   1.240  4.08272E-01  7.14382E-01 -3.06110E-01
    8993.957     -2.658   1.280  4.47889E-01  7.28872E-01 -2.80983E-01
    8994.353     -2.262   1.320  4.90219E-01  7.43202E-01 -2.52983E-01
    8994.762     -1.854   1.360  5.32794E-01  7.57343E-01 -2.24549E-01
    8995.182     -1.433   1.400  5.78012E-01  7.71284E-01 -1.93272E-01
    8995.615     -1.000   1.440  6.26163E-01  7.84952E-01 -1.58789E-01
    8996.060     -0.555   1.480  6.72443E-01  7.98337E-01 -1.25894E-01
    8996.517     -0.098   1.520  7.16542E-01  8.11406E-01 -9.48634E-02
    8996.987      0.371   1.560  7.67304E-01  8.24147E-01 -5.68426E-02
    8997.468      0.853   1.600  8.32162E-01  8.36531E-01 -4.36866E-03
    8997.962      1.347   1.640  9.06817E-01  8.48527E-01  5.82900E-02
    8998.468      1.853   1.680  9.75505E-01  8.60106E-01  1.15399E-01
    8998.986      2.371   1.720  1.02893E+00  8.71259E-01  1.57671E-01
    8999.516      2.901   1.760  1.07066E+00  8.81981E-01  1.88677E-01
    9000.059      3.444   1.800  1.10256E+00  8.92246E-01  2.10317E-01
    9000.614      3.998   1.840  1.12477E+00  9.02047E-01  2.22720E-01
    9001.181      4.565   1.880  1.13824E+00  9.11362E-01  2.26877E-01
    9001.760      5.144   1.920  1.15045E+00  9.20209E-01  2.30243E-01
    9002.351      5.736   1.960  1.17483E+00  9.28568E-01  2.46258E-01
    9002.955      6.339   2.000  1.21560E+00  9.36437E-01  2.79166E-01
    9003.570      6.955   2.040  1.26228E+00  9.43839E-01  3.18440E-01
    9004.198      7.583   2.080  1.30143E+00  9.50756E-01  3.50674E-01
    9004.838      8.223   2.120  1.32093E+00  9.57191E-01  3.63741E-01
    9005.490      8.875   2.160  1.31459E+00  9.63168E-01  3.51427E-01
    9006.155      9.540   2.200  1.29074E+00  9.68692E-01  3.22052E-01
    9006.832     10.216   2.240  1.26044E+00  9.73769E-01  2.86672E-01
    9007.520     10.905   2.280  1.22800E+00  9.78427E-01  2.49577E-01
    9008.221     11.606   2.320  1.19483E+00  9.82651E-01  2.12175E-01
    9008.935     12.319   2.360  1.16348E+00  9.86469E-01  1.77010E-01
    9009.660     13.045   2.400  1.13600E+00  9.89911E-01  1.46089E-01
    9010.398     13.782   2.440  1.11036E+00  9.92982E-01  1.17381E-01
    9011.147     14.532   2.480  1.08370E+00  9.95695E-01  8.80089E-02
    9011.909     15.294   2.520  1.05458E+00  9.98078E-01  5.65069E-02
    9012.684     16.068   2.560  1.02435E+00  1.00016E+00  2.41879E-02
    9013.470     16.855   2.600  9.95992E-01  1.00190E+00 -5.91138E-03
    9014.269     17.653   2.640  9.70082E-01  1.00339E+00 -3.33038E-02
    9015.079     18.464   2.680  9.53487E-01  1.00461E+00 -5.11267E-02
    9015.902     19.287   2.720  9.43371E-01  1.00557E+00 -6.22029E-02
    9016.738     20.122   2.760  9.36440E-01  1.00632E+00 -6.98755E-02
    9017.585     20.970   2.800  9.32176E-01  1.00683E+00 -7.46542E-02
    9018.444     21.829   2.840  9.30218E-01  1.00716E+00 -7.69461E-02
    9019.316     22.701   2.880  9.29572E-01  1.00731E+00 -7.77351E-02
    9020.200     23.585   2.920  9.29264E-01  1.00731E+00 -7.80421E-02
    9021.096     24.481   2.960  9.28693E-01  1.00715E+00 -7.84545E-02
    9022.004     25.389   3.000  9.27600E-01  1.00684E+00 -7.92405E-02
    9022.925     26.310   3.040  9.26078E-01  1.00641E+00 -8.03321E-02
    9023.858     27.242   3.080  9.24604E-01  1.00589E+00 -8.12830E-02
    9024.802     28.187   3.120  9.23363E-01  1.00528E+00 -8.19128E-02
    9025.760     29.144   3.160  9.22442E-01  1.00458E+00 -8.21416E-02
    9026.729     30.114   3.200  9.21838E-01  1.00381E+00 -8.19767E-02
    9027.710     31.095   3.240  9.21355E-01  1.00300E+00 -8.16397E-02
    9028.704     32.089   3.280  9.20645E-01  1.00211E+00 -8.14646E-02
    9029.710     33.095   3.320  9.19582E-01  1.00121E+00 -8.16227E-02
    9030.728     34.113   3.360  9.18362E-01  1.00026E+00 -8.19019E-02
    9031.758     35.143   3.400  9.17224E-01  9.99291E-01 -8.20668E-02
    9032.800     36.185   3.440  9.16622E-01  9.98333E-01 -8.17113E-02
    9033.855     37.240   3.480  9.16891E-01  9.97352E-01 -8.04615E-02
    9034.922     38.307   3.520  9.18291E-01  9.96371E-01 -7.80799E-02
    9036.001     39.386   3.560  9.20951E-01  9.95414E-01 -7.44629E-02
    9037.092     40.477   3.600  9.24910E-01  9.94465E-01 -6.95544E-02
    9038.195     41.580   3.640  9.30190E-01  9.93544E-01 -6.33542E-02
    9039.311     42.696   3.680  9.36698E-01  9.92635E-01 -5.59369E-02
    9040.439     43.823   3.720  9.44424E-01  9.91761E-01 -4.73365E-02
    9041.579     44.963   3.760  9.53388E-01  9.90921E-01 -3.75335E-02
    9042.731     46.116   3.800  9.63493E-01  9.90121E-01 -2.66275E-02
    9043.895     47.280   3.840  9.74494E-01  9.89360E-01 -1.48662E-02
    9045.072     48.456   3.880  9.86057E-01  9.88638E-01 -2.58120E-03
    9046.260     49.645   3.920  9.97721E-01  9.87958E-01  9.76269E-03
    9047.461     50.846   3.960  1.00895E+00  9.87320E-01  2.16314E-02
    9048.674     52.059   4.000  1.01935E+00  9.86747E-01  3.26001E-02
    9049.900     53.284   4.040  1.02858E+00  9.86197E-01  4.23865E-02
    9051.137     54.522   4.080  1.03649E+00  9.85735E-01  5.07538E-02
    9052.387     55.772   4.120  1.04286E+00  9.85297E-01  5.75595E-02
    9053.649     57.033   4.160  1.04772E+00  9.84923E-01  6.28000E-02
    9054.923     58.307   4.200  1.05113E+00  9.84592E-01  6.65379E-02
    9056.209     59.594   4.240  1.05310E+00  9.84305E-01  6.87963E-02
    9057.507     60.892   4.280  1.05361E+00  9.84063E-01  6.95452E-02
    9058.818     62.203   4.320  1.05253E+00  9.83887E-01  6.86400E-02
    9060.141     63.526   4.360  1.04972E+00  9.83753E-01  6.59665E-02
    9061.476     64.861   4.400  1.04529E+00  9.83663E-01  6.16303E-02
    9062.823     66.208   4.440  1.03963E+00  9.83615E-01  5.60155E-02
    9064.182     67.567   4.480  1.03337E+00  9.83630E-01  4.97375E-02
    9065.554     68.939   4.520  1.02724E+00  9.83665E-01  4.35780E-02
    9066.938     70.323   4.560  1.02208E+00  9.83761E-01  3.83168E-02
    9068.334     71.719   4.600  1.01841E+00  9.83874E-01  3.45377E-02
    9069.742     73.127   4.640  1.01651E+00  9.84046E-01  3.24666E-02
    9071.162     74.547   4.680  1.01610E+00  9.84231E-01  3.18730E-02
    9072.595     75.980   4.720  1.01655E+00  9.84451E-01  3.20971E-02
    9074.040     77.424   4.760  1.01698E+00  9.84684E-01  3.22965E-02
    9075.497     78.881   4.800  1.01670E+00  9.84970E-01  3.17285E-02
    9076.966     80.351   4.840  1.01516E+00  9.85245E-01  2.99109E-02
    9078.447     81.832   4.880  1.01225E+00  9.85571E-01  2.66800E-02
    9079.941     83.325   4.920  1.00800E+00  9.85884E-01  2.21195E-02
    9081.446     84.831   4.960  1.00269E+00  9.86246E-01  1.64422E-02
    9082.964     86.349   5.000  9.96499E-01  9.86592E-01  9.90648E-03
    9084.494     87.879   5.040  9.89690E-01  9.86960E-01  2.72978E-03
    9086.037     89.421   5.080  9.82349E-01  9.87308E-01 -4.95935E-03
    9087.591     90.976   5.120  9.74584E-01  9.87679E-01 -1.30946E-02
    9089.158     92.542   5.160  9.66447E-01  9.88048E-01 -2.16011E-02
    9090.737     94.121   5.200  9.58106E-01  9.88393E-01 -3.02877E-02
    9092.328     95.712   5.240  9.49962E-01  9.88758E-01 -3.87960E-02
    9093.931     97.316   5.280  9.42561E-01  9.89096E-01 -4.65352E-02
    9095.546     98.931   5.320  9.36653E-01  9.89428E-01 -5.27756E-02
    9097.174    100.559   5.360  9.32973E-01  9.89754E-01 -5.67816E-02
    9098.814    102.198   5.400  9.31904E-01  9.90050E-01 -5.81468E-02
    9100.466    103.850   5.440  9.33341E-01  9.90337E-01 -5.69955E-02
    9102.130    105.515   5.480  9.36644E-01  9.90592E-01 -5.39480E-02
    9103.806    107.191   5.520  9.41046E-01  9.90836E-01 -4.97894E-02
    9105.495    108.880   5.560  9.45854E-01  9.91045E-01 -4.51911E-02
    9107.196    110.580   5.600  9.50796E-01  9.91221E-01 -4.04250E-02
    9108.909    112.293   5.640  9.56116E-01  9.91383E-01 -3.52665E-02
    9110.634    114.019   5.680  9.62256E-01  9.91509E-01 -2.92538E-02
    9112.371    115.756   5.720  9.69363E-01  9.91600E-01 -2.22367E-02
    9114.121    117.505   5.760  9.76968E-01  9.91652E-01 -1.46837E-02
    9115.882    119.267   5.800  9.84143E-01  9.91690E-01 -7.54714E-03
    9117.656    121.041   5.840  9.89860E-01  9.91670E-01 -1.80966E-03
    9119.442    122.827   5.880  9.93477E-01  9.91634E-01  1.84267E-03
    9121.241    124.626   5.920  9.94695E-01  9.91560E-01  3.13484E-03
    9123.051    126.436   5.960  9.93607E-01  9.91421E-01  2.18594E-03
    9124.874    128.259   6.000  9.90738E-01  9.91278E-01 -5.40148E-04
