# # comment:                                                     FEFF 9.9.1  
# # Source:
# # Structure
# # Reduced
# # space
# # abc:
# # angles:109.918481
# # sites:
# # POT  SCF 100  7.0000   0, screened core-hole, AFOLP (folp(0)= 1.150)
# # Abs   Z=29 Rmt= 1.344 Rnm= 1.402 K  shell
# # Pot 1 Z= 3 Rmt= 1.256 Rnm= 1.319
# # Pot 2 Z=29 Rmt= 1.393 Rnm= 1.454
# # Pot 3 Z=15 Rmt= 0.940 Rnm= 1.155
# # Pot 4 Z= 8 Rmt= 0.936 Rnm= 1.042
# # Gam_ch=1.729E+00 H-L exch Vi= 0.000E+00 Vr= 0.000E+00
# # Mu=-7.644E+00eV kf=2.394E+00 Vint=-1.805E+01eV Rs_int= 1.515
# FMS rfms= 9.0000
# # PATH  Rmax=-1.000,  Keep_limit= 0.00, Heap_limit 0.00  Pwcrit= 2.50%
#  S02=0.950  Temp=   0.00  Debye_temp=   0.00  Global_sig2= 0.00000
#  Energy zero shift, vr, vi    0.00000E+00   0.00000E+00
#  Curved wave amplitude ratio filter   4.000%
#     file         sig2 tot  cw amp ratio   deg  nlegs   reff  inp sig2
#     0/   0 paths used
#  xsedge+ 50, used to normalize mu           2.4732E-04
#  -----------------------------------------------------------------------
#  omega    e    k    mu    mu0     chi     @#
    8984.090    -11.453  -1.000  4.21695E-02  5.17988E-02 -9.62935E-03
    8984.388    -11.155  -0.960  4.45820E-02  5.55128E-02 -1.09308E-02
    8984.675    -10.868  -0.920  4.72028E-02  5.96378E-02 -1.24351E-02
    8984.949    -10.594  -0.880  5.00575E-02  6.42346E-02 -1.41771E-02
    8985.211    -10.332  -0.840  5.31757E-02  6.93736E-02 -1.61979E-02
    8985.461    -10.082  -0.800  5.65913E-02  7.51366E-02 -1.85453E-02
    8985.699     -9.844  -0.760  6.03423E-02  8.16176E-02 -2.12753E-02
    8985.925     -9.619  -0.720  6.44714E-02  8.89227E-02 -2.44513E-02
    8986.138     -9.405  -0.680  6.90245E-02  9.71688E-02 -2.81443E-02
    8986.339     -9.204  -0.640  7.40493E-02  1.06479E-01 -3.24302E-02
    8986.528     -9.015  -0.600  7.95912E-02  1.16976E-01 -3.73849E-02
    8986.705     -8.838  -0.560  8.56868E-02  1.28762E-01 -4.30753E-02
    8986.869     -8.674  -0.520  9.23544E-02  1.41899E-01 -4.95448E-02
    8987.022     -8.521  -0.480  9.95803E-02  1.56374E-01 -5.67937E-02
    8987.162     -8.381  -0.440  1.07303E-01  1.72059E-01 -6.47558E-02
    8987.290     -8.253  -0.400  1.15401E-01  1.88681E-01 -7.32793E-02
    8987.406     -8.137  -0.360  1.23689E-01  2.05809E-01 -8.21208E-02
    8987.509     -8.034  -0.320  1.31924E-01  2.22887E-01 -9.09625E-02
    8987.601     -7.942  -0.280  1.39840E-01  2.39293E-01 -9.94536E-02
    8987.680     -7.863  -0.240  1.47171E-01  2.54433E-01 -1.07262E-01
    8987.747     -7.796  -0.200  1.53690E-01  2.67810E-01 -1.14120E-01
    8987.802     -7.741  -0.160  1.59215E-01  2.79059E-01 -1.19844E-01
    8987.845     -7.698  -0.120  1.63617E-01  2.87948E-01 -1.24332E-01
    8987.875     -7.668  -0.080  1.66809E-01  2.94352E-01 -1.27543E-01
    8987.900     -7.644   0.000  1.69393E-01  2.99496E-01 -1.30103E-01
    8987.954     -7.589   0.120  1.75495E-01  3.11093E-01 -1.35598E-01
    8987.997     -7.546   0.160  1.80212E-01  3.20090E-01 -1.39878E-01
    8988.052     -7.491   0.200  1.86313E-01  3.31588E-01 -1.45275E-01
    8988.119     -7.424   0.240  1.93778E-01  3.45406E-01 -1.51628E-01
    8988.198     -7.345   0.280  2.02568E-01  3.61261E-01 -1.58693E-01
    8988.290     -7.253   0.320  2.12611E-01  3.78739E-01 -1.66128E-01
    8988.393     -7.150   0.360  2.23812E-01  3.97331E-01 -1.73519E-01
    8988.509     -7.034   0.400  2.36055E-01  4.16474E-01 -1.80419E-01
    8988.637     -6.906   0.440  2.49286E-01  4.35695E-01 -1.86409E-01
    8988.777     -6.766   0.480  2.63402E-01  4.54591E-01 -1.91189E-01
    8988.930     -6.613   0.520  2.78308E-01  4.72920E-01 -1.94613E-01
    8989.094     -6.449   0.560  2.93712E-01  4.90556E-01 -1.96844E-01
    8989.271     -6.272   0.600  3.09013E-01  5.07510E-01 -1.98497E-01
    8989.460     -6.083   0.640  3.23132E-01  5.23799E-01 -2.00667E-01
    8989.661     -5.882   0.680  3.34847E-01  5.39541E-01 -2.04693E-01
    8989.875     -5.668   0.720  3.43438E-01  5.54820E-01 -2.11382E-01
    8990.100     -5.443   0.760  3.49478E-01  5.69723E-01 -2.20245E-01
    8990.338     -5.205   0.800  3.54926E-01  5.84348E-01 -2.29422E-01
    8990.588     -4.955   0.840  3.62269E-01  5.98782E-01 -2.36513E-01
    8990.850     -4.693   0.880  3.73308E-01  6.13057E-01 -2.39749E-01
    8991.124     -4.419   0.920  3.88654E-01  6.27232E-01 -2.38578E-01
    8991.411     -4.132   0.960  4.07814E-01  6.41337E-01 -2.33523E-01
    8991.710     -3.834   1.000  4.30046E-01  6.55409E-01 -2.25362E-01
    8992.020     -3.523   1.040  4.55215E-01  6.69457E-01 -2.14242E-01
    8992.344     -3.200   1.080  4.84008E-01  6.83482E-01 -1.99474E-01
    8992.679     -2.864   1.120  5.17291E-01  6.97480E-01 -1.80188E-01
    8993.026     -2.517   1.160  5.56539E-01  7.11440E-01 -1.54902E-01
    8993.386     -2.157   1.200  6.05622E-01  7.25367E-01 -1.19744E-01
    8993.758     -1.785   1.240  6.70031E-01  7.39221E-01 -6.91899E-02
    8994.142     -1.401   1.280  7.52450E-01  7.53003E-01 -5.52570E-04
    8994.538     -1.005   1.320  8.47973E-01  7.66686E-01  8.12868E-02
    8994.947     -0.597   1.360  9.37853E-01  7.80244E-01  1.57609E-01
    8995.367     -0.176   1.400  9.91692E-01  7.93648E-01  1.98043E-01
    8995.800      0.257   1.440  9.98527E-01  8.06870E-01  1.91657E-01
    8996.245      0.702   1.480  9.81185E-01  8.19876E-01  1.61308E-01
    8996.702      1.159   1.520  9.71192E-01  8.32637E-01  1.38555E-01
    8997.172      1.628   1.560  9.86635E-01  8.45123E-01  1.41512E-01
    8997.653      2.110   1.600  1.01874E+00  8.57341E-01  1.61401E-01
    8998.147      2.604   1.640  1.05159E+00  8.69220E-01  1.82367E-01
    8998.653      3.110   1.680  1.08522E+00  8.80749E-01  2.04472E-01
    8999.171      3.628   1.720  1.12064E+00  8.91917E-01  2.28727E-01
    8999.701      4.158   1.760  1.14880E+00  9.02696E-01  2.46105E-01
    9000.244      4.701   1.800  1.15474E+00  9.13075E-01  2.41664E-01
    9000.799      5.256   1.840  1.14595E+00  9.23006E-01  2.22943E-01
    9001.366      5.822   1.880  1.14655E+00  9.32484E-01  2.14065E-01
    9001.945      6.402   1.920  1.16377E+00  9.41521E-01  2.22245E-01
    9002.536      6.993   1.960  1.18668E+00  9.50073E-01  2.36609E-01
    9003.140      7.596   2.000  1.20188E+00  9.58156E-01  2.43726E-01
    9003.755      8.212   2.040  1.20267E+00  9.65747E-01  2.36928E-01
    9004.383      8.840   2.080  1.19133E+00  9.72845E-01  2.18488E-01
    9005.023      9.480   2.120  1.17249E+00  9.79470E-01  1.93018E-01
    9005.675     10.132   2.160  1.14715E+00  9.85583E-01  1.61565E-01
    9006.340     10.797   2.200  1.11774E+00  9.91227E-01  1.26512E-01
    9007.017     11.473   2.240  1.08955E+00  9.96383E-01  9.31635E-02
    9007.705     12.162   2.280  1.06472E+00  1.00108E+00  6.36434E-02
    9008.406     12.863   2.320  1.04537E+00  1.00529E+00  4.00728E-02
    9009.120     13.577   2.360  1.03555E+00  1.00906E+00  2.64960E-02
    9009.845     14.302   2.400  1.03513E+00  1.01240E+00  2.27332E-02
    9010.583     15.040   2.440  1.03817E+00  1.01530E+00  2.28701E-02
    9011.333     15.789   2.480  1.03579E+00  1.01782E+00  1.79703E-02
    9012.095     16.551   2.520  1.02073E+00  1.01994E+00  7.90974E-04
    9012.869     17.326   2.560  9.94127E-01  1.02168E+00 -2.75544E-02
    9013.655     18.112   2.600  9.63545E-01  1.02306E+00 -5.95190E-02
    9014.454     18.911   2.640  9.35981E-01  1.02411E+00 -8.81339E-02
    9015.264     19.721   2.680  9.14755E-01  1.02485E+00 -1.10090E-01
    9016.087     20.544   2.720  9.00739E-01  1.02530E+00 -1.24565E-01
    9016.923     21.379   2.760  8.90359E-01  1.02546E+00 -1.35103E-01
    9017.770     22.227   2.800  8.81794E-01  1.02537E+00 -1.43576E-01
    9018.629     23.086   2.840  8.73055E-01  1.02506E+00 -1.52003E-01
    9019.501     23.958   2.880  8.64737E-01  1.02452E+00 -1.59780E-01
    9020.385     24.842   2.920  8.58578E-01  1.02379E+00 -1.65216E-01
    9021.281     25.738   2.960  8.55909E-01  1.02288E+00 -1.66973E-01
    9022.189     26.646   3.000  8.57642E-01  1.02183E+00 -1.64189E-01
    9023.110     27.567   3.040  8.63833E-01  1.02063E+00 -1.56795E-01
    9024.043     28.500   3.080  8.74094E-01  1.01933E+00 -1.45232E-01
    9024.988     29.444   3.120  8.88011E-01  1.01791E+00 -1.29898E-01
    9025.945     30.401   3.160  9.05160E-01  1.01641E+00 -1.11245E-01
    9026.914     31.371   3.200  9.24815E-01  1.01483E+00 -9.00115E-02
    9027.895     32.352   3.240  9.46475E-01  1.01320E+00 -6.67226E-02
    9028.889     33.346   3.280  9.69457E-01  1.01153E+00 -4.20690E-02
    9029.895     34.352   3.320  9.92786E-01  1.00982E+00 -1.70330E-02
    9030.913     35.370   3.360  1.01511E+00  1.00810E+00  7.01076E-03
    9031.943     36.400   3.400  1.03514E+00  1.00639E+00  2.87578E-02
    9032.985     37.442   3.440  1.05182E+00  1.00467E+00  4.71446E-02
    9034.040     38.497   3.480  1.06462E+00  1.00299E+00  6.16255E-02
    9035.107     39.564   3.520  1.07349E+00  1.00134E+00  7.21486E-02
    9036.186     40.643   3.560  1.07851E+00  9.99708E-01  7.88012E-02
    9037.277     41.734   3.600  1.07997E+00  9.98140E-01  8.18312E-02
    9038.380     42.837   3.640  1.07829E+00  9.96619E-01  8.16714E-02
    9039.496     43.953   3.680  1.07414E+00  9.95169E-01  7.89674E-02
    9040.624     45.081   3.720  1.06827E+00  9.93792E-01  7.44784E-02
    9041.764     46.221   3.760  1.06150E+00  9.92470E-01  6.90343E-02
    9042.916     47.373   3.800  1.05447E+00  9.91226E-01  6.32482E-02
    9044.080     48.537   3.840  1.04761E+00  9.90063E-01  5.75493E-02
    9045.257     49.714   3.880  1.04127E+00  9.89003E-01  5.22693E-02
    9046.445     50.902   3.920  1.03570E+00  9.88030E-01  4.76688E-02
    9047.646     52.103   3.960  1.03103E+00  9.87140E-01  4.38906E-02
    9048.859     53.316   4.000  1.02726E+00  9.86335E-01  4.09285E-02
    9050.085     54.542   4.040  1.02433E+00  9.85638E-01  3.86948E-02
    9051.322     55.779   4.080  1.02199E+00  9.85028E-01  3.69582E-02
    9052.572     57.029   4.120  1.01987E+00  9.84503E-01  3.53630E-02
    9053.834     58.291   4.160  1.01764E+00  9.84087E-01  3.35538E-02
    9055.108     59.565   4.200  1.01507E+00  9.83757E-01  3.13123E-02
    9056.394     60.851   4.240  1.01208E+00  9.83512E-01  2.85676E-02
    9057.692     62.149   4.280  1.00872E+00  9.83374E-01  2.53412E-02
    9059.003     63.460   4.320  1.00499E+00  9.83322E-01  2.16684E-02
    9060.326     64.783   4.360  1.00087E+00  9.83351E-01  1.75221E-02
    9061.661     66.118   4.400  9.96331E-01  9.83462E-01  1.28688E-02
    9063.008     67.465   4.440  9.91396E-01  9.83652E-01  7.74352E-03
    9064.368     68.824   4.480  9.86144E-01  9.83922E-01  2.22209E-03
    9065.739     70.196   4.520  9.80636E-01  9.84269E-01 -3.63292E-03
    9067.123     71.580   4.560  9.74876E-01  9.84690E-01 -9.81342E-03
    9068.519     72.976   4.600  9.68768E-01  9.85160E-01 -1.63918E-02
    9069.927     74.384   4.640  9.62266E-01  9.85679E-01 -2.34129E-02
    9071.347     75.804   4.680  9.55552E-01  9.86267E-01 -3.07142E-02
    9072.780     77.237   4.720  9.48957E-01  9.86920E-01 -3.79632E-02
    9074.225     78.682   4.760  9.42950E-01  9.87593E-01 -4.46426E-02
    9075.682     80.139   4.800  9.38177E-01  9.88302E-01 -5.01258E-02
    9077.151     81.608   4.840  9.35228E-01  9.89047E-01 -5.38191E-02
    9078.632     83.089   4.880  9.34538E-01  9.89803E-01 -5.52649E-02
    9080.126     84.582   4.920  9.36353E-01  9.90590E-01 -5.42368E-02
    9081.631     86.088   4.960  9.40574E-01  9.91404E-01 -5.08301E-02
    9083.149     87.606   5.000  9.46873E-01  9.92201E-01 -4.53279E-02
    9084.679     89.136   5.040  9.54828E-01  9.93018E-01 -3.81893E-02
    9086.222     90.678   5.080  9.63837E-01  9.93812E-01 -2.99751E-02
    9087.776     92.233   5.120  9.73346E-01  9.94622E-01 -2.12759E-02
    9089.343     93.800   5.160  9.82774E-01  9.95381E-01 -1.26074E-02
    9090.922     95.378   5.200  9.91858E-01  9.96150E-01 -4.29186E-03
    9092.513     96.970   5.240  1.00033E+00  9.96862E-01  3.47190E-03
    9094.116     98.573   5.280  1.00800E+00  9.97560E-01  1.04385E-02
    9095.731    100.188   5.320  1.01433E+00  9.98219E-01  1.61081E-02
    9097.359    101.816   5.360  1.01859E+00  9.98835E-01  1.97589E-02
    9098.999    103.456   5.400  1.02016E+00  9.99385E-01  2.07772E-02
    9100.651    105.108   5.440  1.01897E+00  9.99913E-01  1.90547E-02
    9102.315    106.772   5.480  1.01553E+00  1.00037E+00  1.51633E-02
    9103.991    108.448   5.520  1.01089E+00  1.00076E+00  1.01260E-02
    9105.680    110.137   5.560  1.00609E+00  1.00112E+00  4.96946E-03
    9107.381    111.838   5.600  1.00182E+00  1.00138E+00  4.37205E-04
    9109.094    113.551   5.640  9.98577E-01  1.00160E+00 -3.01955E-03
    9110.819    115.276   5.680  9.96611E-01  1.00174E+00 -5.12389E-03
    9112.556    117.013   5.720  9.96088E-01  1.00182E+00 -5.73154E-03
    9114.306    118.763   5.760  9.96934E-01  1.00181E+00 -4.87209E-03
    9116.067    120.524   5.800  9.98976E-01  1.00174E+00 -2.76477E-03
    9117.841    122.298   5.840  1.00186E+00  1.00162E+00  2.35660E-04
    9119.628    124.084   5.880  1.00512E+00  1.00141E+00  3.70796E-03
    9121.426    125.883   5.920  1.00839E+00  1.00115E+00  7.24185E-03
    9123.236    127.693   5.960  1.01133E+00  1.00080E+00  1.05210E-02
    9125.059    129.516   6.000  1.01383E+00  1.00037E+00  1.34650E-02
