# # comment:                                                     FEFF 9.9.1  
# # Source:
# # Structure
# # Reduced
# # space
# # abc:
# # angles:
# # sites:
# # POT  SCF 100  7.0000   0, screened core-hole, AFOLP (folp(0)= 1.150)
# # Abs   Z=29 Rmt= 1.360 Rnm= 1.410 K  shell
# # Pot 1 Z=26 Rmt= 1.291 Rnm= 1.389
# # Pot 2 Z=29 Rmt= 1.251 Rnm= 1.312
# # Pot 3 Z=15 Rmt= 0.931 Rnm= 1.150
# # Pot 4 Z= 8 Rmt= 0.926 Rnm= 1.045
# # Gam_ch=1.729E+00 H-L exch Vi= 0.000E+00 Vr= 0.000E+00
# # Mu=-8.215E+00eV kf=2.498E+00 Vint=-1.841E+01eV Rs_int= 1.452
# FMS rfms= 9.0000
# # PATH  Rmax=-1.000,  Keep_limit= 0.00, Heap_limit 0.00  Pwcrit= 2.50%
#  S02=0.950  Temp=   0.00  Debye_temp=   0.00  Global_sig2= 0.00000
#  Energy zero shift, vr, vi    0.00000E+00   0.00000E+00
#  Curved wave amplitude ratio filter   4.000%
#     file         sig2 tot  cw amp ratio   deg  nlegs   reff  inp sig2
#     0/   0 paths used
#  xsedge+ 50, used to normalize mu           2.4946E-04
#  -----------------------------------------------------------------------
#  omega    e    k    mu    mu0     chi     @#
    8983.603    -12.025  -1.000  3.54458E-02  4.54217E-02 -9.97589E-03
    8983.901    -11.727  -0.960  3.71666E-02  4.85195E-02 -1.13529E-02
    8984.188    -11.440  -0.920  3.90004E-02  5.19495E-02 -1.29491E-02
    8984.462    -11.166  -0.880  4.09574E-02  5.57600E-02 -1.48026E-02
    8984.724    -10.904  -0.840  4.30488E-02  6.00072E-02 -1.69584E-02
    8984.974    -10.654  -0.800  4.52869E-02  6.47562E-02 -1.94693E-02
    8985.212    -10.416  -0.760  4.76853E-02  7.00817E-02 -2.23964E-02
    8985.437    -10.190  -0.720  5.02584E-02  7.60681E-02 -2.58097E-02
    8985.651     -9.977  -0.680  5.30209E-02  8.28082E-02 -2.97873E-02
    8985.852     -9.776  -0.640  5.59873E-02  9.04000E-02 -3.44127E-02
    8986.041     -9.587  -0.600  5.91703E-02  9.89396E-02 -3.97693E-02
    8986.218     -9.410  -0.560  6.25783E-02  1.08509E-01 -4.59303E-02
    8986.382     -9.245  -0.520  6.62122E-02  1.19156E-01 -5.29433E-02
    8986.535     -9.093  -0.480  7.00609E-02  1.30868E-01 -6.08073E-02
    8986.675     -8.953  -0.440  7.40958E-02  1.43544E-01 -6.94482E-02
    8986.803     -8.825  -0.400  7.82665E-02  1.56964E-01 -7.86970E-02
    8986.919     -8.709  -0.360  8.24986E-02  1.70783E-01 -8.82842E-02
    8987.022     -8.605  -0.320  8.66950E-02  1.84555E-01 -9.78600E-02
    8987.114     -8.514  -0.280  9.07433E-02  1.97784E-01 -1.07041E-01
    8987.193     -8.435  -0.240  9.45255E-02  2.09993E-01 -1.15467E-01
    8987.260     -8.368  -0.200  9.79290E-02  2.20782E-01 -1.22853E-01
    8987.315     -8.313  -0.160  1.00854E-01  2.29858E-01 -1.29003E-01
    8987.358     -8.270  -0.120  1.03220E-01  2.37033E-01 -1.33812E-01
    8987.388     -8.240  -0.080  1.04966E-01  2.42203E-01 -1.37237E-01
    8987.413     -8.215   0.000  1.06421E-01  2.46358E-01 -1.39937E-01
    8987.467     -8.160   0.120  1.09678E-01  2.55725E-01 -1.46047E-01
    8987.510     -8.118   0.160  1.12207E-01  2.63003E-01 -1.50795E-01
    8987.565     -8.063   0.200  1.15546E-01  2.72320E-01 -1.56775E-01
    8987.632     -7.996   0.240  1.19658E-01  2.83515E-01 -1.63857E-01
    8987.711     -7.917   0.280  1.24605E-01  2.96385E-01 -1.71780E-01
    8987.803     -7.825   0.320  1.30324E-01  3.10588E-01 -1.80264E-01
    8987.906     -7.721   0.360  1.36817E-01  3.25765E-01 -1.88948E-01
    8988.022     -7.606   0.400  1.43896E-01  3.41450E-01 -1.97553E-01
    8988.150     -7.478   0.440  1.51467E-01  3.57276E-01 -2.05809E-01
    8988.290     -7.337   0.480  1.59457E-01  3.72945E-01 -2.13488E-01
    8988.443     -7.185   0.520  1.68059E-01  3.88249E-01 -2.20190E-01
    8988.607     -7.020   0.560  1.77847E-01  4.03125E-01 -2.25278E-01
    8988.784     -6.844   0.600  1.89593E-01  4.17552E-01 -2.27959E-01
    8988.973     -6.655   0.640  2.03788E-01  4.31578E-01 -2.27790E-01
    8989.174     -6.454   0.680  2.20061E-01  4.45282E-01 -2.25222E-01
    8989.388     -6.240   0.720  2.37090E-01  4.58752E-01 -2.21662E-01
    8989.613     -6.015   0.760  2.53799E-01  4.72055E-01 -2.18257E-01
    8989.851     -5.777   0.800  2.70710E-01  4.85294E-01 -2.14584E-01
    8990.101     -5.527   0.840  2.89559E-01  4.98499E-01 -2.08940E-01
    8990.363     -5.265   0.880  3.11878E-01  5.11772E-01 -1.99894E-01
    8990.637     -4.990   0.920  3.37166E-01  5.25121E-01 -1.87955E-01
    8990.924     -4.704   0.960  3.62006E-01  5.38590E-01 -1.76584E-01
    8991.223     -4.405   1.000  3.82584E-01  5.52193E-01 -1.69610E-01
    8991.533     -4.094   1.040  4.02038E-01  5.65975E-01 -1.63938E-01
    8991.856     -3.771   1.080  4.29718E-01  5.79934E-01 -1.50217E-01
    8992.192     -3.436   1.120  4.69773E-01  5.94047E-01 -1.24274E-01
    8992.539     -3.089   1.160  5.16359E-01  6.08342E-01 -9.19839E-02
    8992.899     -2.729   1.200  5.60347E-01  6.22804E-01 -6.24568E-02
    8993.271     -2.357   1.240  5.93978E-01  6.37414E-01 -4.34356E-02
    8993.655     -1.973   1.280  6.12320E-01  6.52151E-01 -3.98310E-02
    8994.051     -1.577   1.320  6.23009E-01  6.67031E-01 -4.40214E-02
    8994.459     -1.168   1.360  6.43122E-01  6.81987E-01 -3.88654E-02
    8994.880     -0.748   1.400  6.76691E-01  6.97010E-01 -2.03194E-02
    8995.313     -0.315   1.440  7.08351E-01  7.12091E-01 -3.73932E-03
    8995.758      0.130   1.480  7.27686E-01  7.27176E-01  5.09891E-04
    8996.215      0.587   1.520  7.42300E-01  7.42230E-01  6.97990E-05
    8996.685      1.057   1.560  7.64451E-01  7.57240E-01  7.21132E-03
    8997.166      1.538   1.600  8.09227E-01  7.72149E-01  3.70779E-02
    8997.660      2.032   1.640  8.83046E-01  7.86941E-01  9.61046E-02
    8998.166      2.538   1.680  9.79273E-01  8.01558E-01  1.77714E-01
    8998.684      3.056   1.720  1.10681E+00  8.15965E-01  2.90845E-01
    8999.214      3.587   1.760  1.29278E+00  8.30142E-01  4.62634E-01
    8999.757      4.129   1.800  1.52452E+00  8.44052E-01  6.80472E-01
    9000.312      4.684   1.840  1.69840E+00  8.57637E-01  8.40761E-01
    9000.879      5.251   1.880  1.70896E+00  8.70880E-01  8.38078E-01
    9001.458      5.830   1.920  1.58440E+00  8.83724E-01  7.00677E-01
    9002.049      6.421   1.960  1.42275E+00  8.96173E-01  5.26572E-01
    9002.652      7.025   2.000  1.27848E+00  9.08154E-01  3.70321E-01
    9003.268      7.640   2.040  1.15484E+00  9.19671E-01  2.35172E-01
    9003.896      8.268   2.080  1.04896E+00  9.30692E-01  1.18269E-01
    9004.536      8.908   2.120  9.79030E-01  9.41166E-01  3.78644E-02
    9005.188      9.561   2.160  9.54319E-01  9.51123E-01  3.19594E-03
    9005.853     10.225   2.200  9.61277E-01  9.60494E-01  7.82363E-04
    9006.530     10.902   2.240  9.83271E-01  9.69295E-01  1.39761E-02
    9007.218     11.591   2.280  1.00843E+00  9.77519E-01  3.09082E-02
    9007.919     12.292   2.320  1.02800E+00  9.85143E-01  4.28570E-02
    9008.633     13.005   2.360  1.03891E+00  9.92185E-01  4.67216E-02
    9009.358     13.730   2.400  1.03784E+00  9.98626E-01  3.92157E-02
    9010.096     14.468   2.440  1.01807E+00  1.00446E+00  1.36066E-02
    9010.845     15.218   2.480  9.81888E-01  1.00971E+00 -2.78180E-02
    9011.607     15.980   2.520  9.36865E-01  1.01438E+00 -7.75097E-02
    9012.382     16.754   2.560  8.87166E-01  1.01850E+00 -1.31332E-01
    9013.168     17.540   2.600  8.37388E-01  1.02204E+00 -1.84654E-01
    9013.967     18.339   2.640  7.97045E-01  1.02505E+00 -2.28010E-01
    9014.777     19.150   2.680  7.71818E-01  1.02757E+00 -2.55749E-01
    9015.600     19.973   2.720  7.57367E-01  1.02957E+00 -2.72201E-01
    9016.435     20.808   2.760  7.49813E-01  1.03109E+00 -2.81278E-01
    9017.283     21.655   2.800  7.57044E-01  1.03219E+00 -2.75144E-01
    9018.142     22.515   2.840  7.92842E-01  1.03285E+00 -2.40009E-01
    9019.014     23.386   2.880  8.56681E-01  1.03311E+00 -1.76431E-01
    9019.898     24.270   2.920  9.10655E-01  1.03300E+00 -1.22350E-01
    9020.794     25.166   2.960  9.32909E-01  1.03254E+00 -9.96341E-02
    9021.702     26.075   3.000  9.34725E-01  1.03178E+00 -9.70569E-02
    9022.623     26.995   3.040  9.30285E-01  1.03071E+00 -1.00428E-01
    9023.556     27.928   3.080  9.28791E-01  1.02939E+00 -1.00603E-01
    9024.500     28.873   3.120  9.34069E-01  1.02783E+00 -9.37652E-02
    9025.458     29.830   3.160  9.46136E-01  1.02609E+00 -7.99549E-02
    9026.427     30.799   3.200  9.62775E-01  1.02414E+00 -6.13608E-02
    9027.408     31.780   3.240  9.81526E-01  1.02204E+00 -4.05146E-02
    9028.402     32.774   3.280  1.00001E+00  1.01982E+00 -1.98030E-02
    9029.408     33.780   3.320  1.01662E+00  1.01748E+00 -8.54715E-04
    9030.426     34.798   3.360  1.03062E+00  1.01503E+00  1.55886E-02
    9031.456     35.828   3.400  1.04181E+00  1.01255E+00  2.92608E-02
    9032.498     36.871   3.440  1.05019E+00  1.01001E+00  4.01743E-02
    9033.553     37.925   3.480  1.05618E+00  1.00743E+00  4.87413E-02
    9034.620     38.992   3.520  1.06059E+00  1.00487E+00  5.57153E-02
    9035.699     40.071   3.560  1.06422E+00  1.00229E+00  6.19265E-02
    9036.790     41.162   3.600  1.06799E+00  9.99767E-01  6.82241E-02
    9037.893     42.266   3.640  1.07240E+00  9.97259E-01  7.51375E-02
    9039.009     43.381   3.680  1.07764E+00  9.94818E-01  8.28200E-02
    9040.137     44.509   3.720  1.08360E+00  9.92428E-01  9.11703E-02
    9041.277     45.649   3.760  1.09006E+00  9.90135E-01  9.99257E-02
    9042.429     46.801   3.800  1.09646E+00  9.87905E-01  1.08554E-01
    9043.593     47.965   3.840  1.10192E+00  9.85782E-01  1.16135E-01
    9044.770     49.142   3.880  1.10532E+00  9.83770E-01  1.21548E-01
    9045.958     50.330   3.920  1.10534E+00  9.81855E-01  1.23481E-01
    9047.159     51.531   3.960  1.10090E+00  9.80078E-01  1.20822E-01
    9048.372     52.744   4.000  1.09170E+00  9.78402E-01  1.13301E-01
    9049.598     53.970   4.040  1.07870E+00  9.76870E-01  1.01826E-01
    9050.835     55.207   4.080  1.06350E+00  9.75464E-01  8.80379E-02
    9052.085     56.457   4.120  1.04782E+00  9.74206E-01  7.36088E-02
    9053.347     57.719   4.160  1.03260E+00  9.73075E-01  5.95261E-02
    9054.621     58.993   4.200  1.01780E+00  9.72071E-01  4.57302E-02
    9055.907     60.279   4.240  1.00277E+00  9.71216E-01  3.15532E-02
    9057.205     61.578   4.280  9.86857E-01  9.70490E-01  1.63674E-02
    9058.516     62.888   4.320  9.69889E-01  9.69913E-01 -2.35269E-05
    9059.839     64.211   4.360  9.52134E-01  9.69464E-01 -1.73300E-02
    9061.174     65.546   4.400  9.34324E-01  9.69164E-01 -3.48405E-02
    9062.521     66.893   4.440  9.17187E-01  9.68989E-01 -5.18023E-02
    9063.880     68.253   4.480  9.01451E-01  9.68938E-01 -6.74861E-02
    9065.252     69.624   4.520  8.87818E-01  9.69008E-01 -8.11896E-02
    9066.636     71.008   4.560  8.76919E-01  9.69220E-01 -9.23006E-02
    9068.032     72.404   4.600  8.69250E-01  9.69529E-01 -1.00278E-01
    9069.440     73.812   4.640  8.65305E-01  9.69952E-01 -1.04648E-01
    9070.860     75.233   4.680  8.65336E-01  9.70489E-01 -1.05153E-01
    9072.293     76.665   4.720  8.69366E-01  9.71113E-01 -1.01747E-01
    9073.738     78.110   4.760  8.77329E-01  9.71819E-01 -9.44903E-02
    9075.195     79.567   4.800  8.88959E-01  9.72608E-01 -8.36494E-02
    9076.664     81.036   4.840  9.03688E-01  9.73499E-01 -6.98115E-02
    9078.145     82.517   4.880  9.20451E-01  9.74444E-01 -5.39922E-02
    9079.639     84.011   4.920  9.37815E-01  9.75457E-01 -3.76419E-02
    9081.144     85.516   4.960  9.54105E-01  9.76495E-01 -2.23899E-02
    9082.662     87.034   5.000  9.67915E-01  9.77616E-01 -9.70038E-03
    9084.192     88.564   5.040  9.78226E-01  9.78732E-01 -5.05980E-04
    9085.734     90.107   5.080  9.84948E-01  9.79904E-01  5.04318E-03
    9087.289     91.661   5.120  9.88589E-01  9.81085E-01  7.50433E-03
    9088.856     93.228   5.160  9.90092E-01  9.82269E-01  7.82288E-03
    9090.434     94.807   5.200  9.90492E-01  9.83476E-01  7.01629E-03
    9092.026     96.398   5.240  9.90819E-01  9.84655E-01  6.16440E-03
    9093.629     98.001   5.280  9.92239E-01  9.85802E-01  6.43644E-03
    9095.244     99.616   5.320  9.95807E-01  9.86937E-01  8.86955E-03
    9096.872    101.244   5.360  1.00191E+00  9.88036E-01  1.38760E-02
    9098.512    102.884   5.400  1.00996E+00  9.89094E-01  2.08685E-02
    9100.164    104.536   5.440  1.01853E+00  9.90108E-01  2.84180E-02
    9101.828    106.200   5.480  1.02588E+00  9.91051E-01  3.48284E-02
    9103.504    107.876   5.520  1.03077E+00  9.91943E-01  3.88255E-02
    9105.193    109.565   5.560  1.03272E+00  9.92762E-01  3.99615E-02
    9106.894    111.266   5.600  1.03207E+00  9.93502E-01  3.85698E-02
    9108.607    112.979   5.640  1.02966E+00  9.94183E-01  3.54750E-02
    9110.332    114.704   5.680  1.02634E+00  9.94737E-01  3.16048E-02
    9112.069    116.441   5.720  1.02298E+00  9.95229E-01  2.77539E-02
    9113.819    118.191   5.760  1.02006E+00  9.95635E-01  2.44285E-02
    9115.580    119.953   5.800  1.01765E+00  9.95911E-01  2.17407E-02
    9117.354    121.727   5.840  1.01559E+00  9.96121E-01  1.94660E-02
    9119.140    123.513   5.880  1.01359E+00  9.96222E-01  1.73708E-02
    9120.939    125.311   5.920  1.01177E+00  9.96232E-01  1.55359E-02
    9122.749    127.121   5.960  1.01042E+00  9.96114E-01  1.43061E-02
    9124.572    128.944   6.000  1.00977E+00  9.95815E-01  1.39579E-02
