# # comment:                                                     FEFF 9.9.1  
# # Source:
# # Structure
# # Reduced
# # space
# # abc:
# # angles:
# # sites:
# # POT  SCF 100  7.0000   0, screened core-hole, AFOLP (folp(0)= 1.150)
# # Abs   Z=29 Rmt= 1.295 Rnm= 1.361 K  shell
# # Pot 1 Z=29 Rmt= 1.239 Rnm= 1.407
# # Pot 2 Z=83 Rmt= 1.672 Rnm= 1.738
# # Pot 3 Z=51 Rmt= 1.314 Rnm= 1.466
# # Pot 4 Z= 8 Rmt= 1.045 Rnm= 1.111
# # Gam_ch=1.729E+00 H-L exch Vi= 0.000E+00 Vr= 0.000E+00
# # Mu=-5.237E+00eV kf=2.119E+00 Vint=-1.467E+01eV Rs_int= 1.711
# FMS rfms= 9.0000
# # PATH  Rmax=-1.000,  Keep_limit= 0.00, Heap_limit 0.00  Pwcrit= 2.50%
#  S02=0.950  Temp=   0.00  Debye_temp=   0.00  Global_sig2= 0.00000
#  Energy zero shift, vr, vi    0.00000E+00   0.00000E+00
#  Curved wave amplitude ratio filter   4.000%
#     file         sig2 tot  cw amp ratio   deg  nlegs   reff  inp sig2
#     0/   0 paths used
#  xsedge+ 50, used to normalize mu           2.4510E-04
#  -----------------------------------------------------------------------
#  omega    e    k    mu    mu0     chi     @#
    8983.279     -9.047  -1.000  3.87105E-02  5.70072E-02 -1.82967E-02
    8983.577     -8.749  -0.960  4.06284E-02  6.12554E-02 -2.06269E-02
    8983.864     -8.462  -0.920  4.26840E-02  6.59851E-02 -2.33011E-02
    8984.138     -8.188  -0.880  4.48935E-02  7.12682E-02 -2.63747E-02
    8984.400     -7.926  -0.840  4.72758E-02  7.71881E-02 -2.99123E-02
    8984.650     -7.676  -0.800  4.98532E-02  8.38417E-02 -3.39885E-02
    8984.888     -7.438  -0.760  5.26514E-02  9.13402E-02 -3.86888E-02
    8985.114     -7.213  -0.720  5.56997E-02  9.98094E-02 -4.41097E-02
    8985.327     -6.999  -0.680  5.90307E-02  1.09388E-01 -5.03573E-02
    8985.528     -6.798  -0.640  6.26789E-02  1.20223E-01 -5.75436E-02
    8985.717     -6.609  -0.600  6.66780E-02  1.32457E-01 -6.57791E-02
    8985.894     -6.432  -0.560  7.10562E-02  1.46215E-01 -7.51588E-02
    8986.058     -6.268  -0.520  7.58282E-02  1.61570E-01 -8.57420E-02
    8986.211     -6.115  -0.480  8.09843E-02  1.78508E-01 -9.75234E-02
    8986.351     -5.975  -0.440  8.64783E-02  1.96878E-01 -1.10400E-01
    8986.479     -5.847  -0.400  9.22172E-02  2.16360E-01 -1.24143E-01
    8986.595     -5.731  -0.360  9.80581E-02  2.36447E-01 -1.38389E-01
    8986.699     -5.628  -0.320  1.03818E-01  2.56481E-01 -1.52662E-01
    8986.790     -5.536  -0.280  1.09299E-01  2.75731E-01 -1.66432E-01
    8986.869     -5.457  -0.240  1.14313E-01  2.93495E-01 -1.79183E-01
    8986.936     -5.390  -0.200  1.18708E-01  3.09189E-01 -1.90481E-01
    8986.991     -5.335  -0.160  1.22382E-01  3.22385E-01 -2.00003E-01
    8987.034     -5.292  -0.120  1.25273E-01  3.32811E-01 -2.07538E-01
    8987.064     -5.262  -0.080  1.27353E-01  3.40319E-01 -2.12966E-01
    8987.089     -5.237   0.000  1.29030E-01  3.46349E-01 -2.17319E-01
    8987.144     -5.183   0.120  1.32666E-01  3.59937E-01 -2.27271E-01
    8987.186     -5.140   0.160  1.35474E-01  3.70501E-01 -2.35027E-01
    8987.241     -5.085   0.200  1.38994E-01  3.83952E-01 -2.44958E-01
    8987.308     -5.018   0.240  1.43174E-01  4.00138E-01 -2.56964E-01
    8987.387     -4.939   0.280  1.47880E-01  4.18680E-01 -2.70801E-01
    8987.479     -4.847   0.320  1.52949E-01  4.39088E-01 -2.86139E-01
    8987.582     -4.744   0.360  1.58197E-01  4.60755E-01 -3.02558E-01
    8987.698     -4.628   0.400  1.63451E-01  4.83034E-01 -3.19582E-01
    8987.826     -4.500   0.440  1.68591E-01  5.05296E-01 -3.36704E-01
    8987.967     -4.360   0.480  1.73639E-01  5.27105E-01 -3.53466E-01
    8988.119     -4.207   0.520  1.78692E-01  5.48151E-01 -3.69459E-01
    8988.284     -4.043   0.560  1.83918E-01  5.68278E-01 -3.84359E-01
    8988.460     -3.866   0.600  1.89378E-01  5.87450E-01 -3.98072E-01
    8988.649     -3.677   0.640  1.94948E-01  6.05732E-01 -4.10785E-01
    8988.850     -3.476   0.680  2.00473E-01  6.23188E-01 -4.22714E-01
    8989.064     -3.262   0.720  2.06358E-01  6.39937E-01 -4.33579E-01
    8989.289     -3.037   0.760  2.13765E-01  6.56100E-01 -4.42334E-01
    8989.527     -2.799   0.800  2.24077E-01  6.71723E-01 -4.47647E-01
    8989.777     -2.549   0.840  2.38034E-01  6.86904E-01 -4.48870E-01
    8990.039     -2.287   0.880  2.55307E-01  7.01702E-01 -4.46395E-01
    8990.313     -2.013   0.920  2.75653E-01  7.16161E-01 -4.40509E-01
    8990.600     -1.726   0.960  2.99728E-01  7.30315E-01 -4.30587E-01
    8990.899     -1.427   1.000  3.28004E-01  7.44160E-01 -4.16157E-01
    8991.210     -1.117   1.040  3.60825E-01  7.57752E-01 -3.96927E-01
    8991.533     -0.793   1.080  4.00750E-01  7.71051E-01 -3.70301E-01
    8991.868     -0.458   1.120  4.50767E-01  7.84053E-01 -3.33285E-01
    8992.215     -0.111   1.160  5.08963E-01  7.96768E-01 -2.87806E-01
    8992.575      0.249   1.200  5.70696E-01  8.09186E-01 -2.38490E-01
    8992.947      0.621   1.240  6.33778E-01  8.21268E-01 -1.87490E-01
    8993.331      1.005   1.280  6.93806E-01  8.33036E-01 -1.39230E-01
    8993.727      1.401   1.320  7.42043E-01  8.44429E-01 -1.02386E-01
    8994.136      1.810   1.360  7.79235E-01  8.55445E-01 -7.62103E-02
    8994.556      2.230   1.400  8.16261E-01  8.66084E-01 -4.98234E-02
    8994.989      2.663   1.440  8.67055E-01  8.76321E-01 -9.26648E-03
    8995.434      3.108   1.480  9.56607E-01  8.86156E-01  7.04509E-02
    8995.891      3.565   1.520  1.10258E+00  8.95545E-01  2.07038E-01
    8996.361      4.035   1.560  1.27444E+00  9.04507E-01  3.69936E-01
    8996.842      4.516   1.600  1.41069E+00  9.13022E-01  4.97664E-01
    8997.336      5.010   1.640  1.48708E+00  9.21111E-01  5.65974E-01
    8997.842      5.516   1.680  1.52868E+00  9.28731E-01  5.99951E-01
    8998.360      6.034   1.720  1.57119E+00  9.35907E-01  6.35279E-01
    8998.891      6.564   1.760  1.62925E+00  9.42622E-01  6.86626E-01
    8999.433      7.107   1.800  1.68248E+00  9.48920E-01  7.33563E-01
    8999.988      7.662   1.840  1.69035E+00  9.54763E-01  7.35587E-01
    9000.555      8.229   1.880  1.63724E+00  9.60197E-01  6.77047E-01
    9001.134      8.808   1.920  1.54286E+00  9.65190E-01  5.77666E-01
    9001.725      9.399   1.960  1.42809E+00  9.69789E-01  4.58302E-01
    9002.329     10.002   2.000  1.30973E+00  9.73998E-01  3.35736E-01
    9002.944     10.618   2.040  1.21711E+00  9.77828E-01  2.39284E-01
    9003.572     11.246   2.080  1.17030E+00  9.81286E-01  1.89013E-01
    9004.212     11.886   2.120  1.15265E+00  9.84399E-01  1.68249E-01
    9004.865     12.538   2.160  1.12362E+00  9.87181E-01  1.36439E-01
    9005.529     13.203   2.200  1.06565E+00  9.89658E-01  7.59944E-02
    9006.206     13.880   2.240  9.96714E-01  9.91840E-01  4.87388E-03
    9006.895     14.568   2.280  9.38401E-01  9.93735E-01 -5.53337E-02
    9007.596     15.269   2.320  8.94789E-01  9.95373E-01 -1.00584E-01
    9008.309     15.983   2.360  8.64370E-01  9.96764E-01 -1.32393E-01
    9009.034     16.708   2.400  8.55000E-01  9.97937E-01 -1.42937E-01
    9009.772     17.446   2.440  8.73227E-01  9.98901E-01 -1.25674E-01
    9010.522     18.195   2.480  9.08185E-01  9.99665E-01 -9.14799E-02
    9011.284     18.957   2.520  9.44850E-01  1.00026E+00 -5.54076E-02
    9012.058     19.732   2.560  9.75853E-01  1.00071E+00 -2.48556E-02
    9012.844     20.518   2.600  9.93982E-01  1.00100E+00 -7.02110E-03
    9013.643     21.317   2.640  9.98257E-01  1.00117E+00 -2.91357E-03
    9014.454     22.127   2.680  9.89311E-01  1.00124E+00 -1.19273E-02
    9015.276     22.950   2.720  9.71798E-01  1.00119E+00 -2.93952E-02
    9016.112     23.785   2.760  9.51384E-01  1.00106E+00 -4.96790E-02
    9016.959     24.633   2.800  9.28067E-01  1.00085E+00 -7.27859E-02
    9017.819     25.492   2.840  9.01486E-01  1.00059E+00 -9.91028E-02
    9018.690     26.364   2.880  8.74232E-01  1.00028E+00 -1.26048E-01
    9019.574     27.248   2.920  8.49256E-01  9.99927E-01 -1.50671E-01
    9020.470     28.144   2.960  8.28117E-01  9.99537E-01 -1.71421E-01
    9021.379     29.052   3.000  8.09856E-01  9.99137E-01 -1.89281E-01
    9022.299     29.973   3.040  7.93202E-01  9.98729E-01 -2.05527E-01
    9023.232     30.906   3.080  7.78744E-01  9.98295E-01 -2.19551E-01
    9024.177     31.850   3.120  7.68475E-01  9.97881E-01 -2.29406E-01
    9025.134     32.808   3.160  7.64180E-01  9.97470E-01 -2.33290E-01
    9026.103     33.777   3.200  7.67175E-01  9.97064E-01 -2.29889E-01
    9027.084     34.758   3.240  7.77852E-01  9.96687E-01 -2.18835E-01
    9028.078     35.752   3.280  7.95460E-01  9.96319E-01 -2.00859E-01
    9029.084     36.758   3.320  8.18830E-01  9.95985E-01 -1.77155E-01
    9030.102     37.776   3.360  8.46901E-01  9.95687E-01 -1.48786E-01
    9031.132     38.806   3.400  8.78658E-01  9.95426E-01 -1.16768E-01
    9032.175     39.848   3.440  9.13200E-01  9.95203E-01 -8.20024E-02
    9033.229     40.903   3.480  9.49714E-01  9.95017E-01 -4.53027E-02
    9034.296     41.970   3.520  9.87021E-01  9.94850E-01 -7.82969E-03
    9035.375     43.049   3.560  1.02421E+00  9.94746E-01  2.94606E-02
    9036.466     44.140   3.600  1.06121E+00  9.94685E-01  6.65276E-02
    9037.569     45.243   3.640  1.09865E+00  9.94686E-01  1.03964E-01
    9038.685     46.359   3.680  1.13622E+00  9.94706E-01  1.41516E-01
    9039.813     47.487   3.720  1.17190E+00  9.94768E-01  1.77130E-01
    9040.953     48.627   3.760  1.20151E+00  9.94892E-01  2.06617E-01
    9042.105     49.779   3.800  1.21980E+00  9.95036E-01  2.24767E-01
    9043.269     50.943   3.840  1.22306E+00  9.95242E-01  2.27814E-01
    9044.446     52.120   3.880  1.21106E+00  9.95487E-01  2.15576E-01
    9045.634     53.308   3.920  1.18688E+00  9.95751E-01  1.91125E-01
    9046.835     54.509   3.960  1.15529E+00  9.96072E-01  1.59216E-01
    9048.048     55.722   4.000  1.12086E+00  9.96412E-01  1.24447E-01
    9049.274     56.948   4.040  1.08706E+00  9.96809E-01  9.02479E-02
    9050.511     58.185   4.080  1.05634E+00  9.97220E-01  5.91231E-02
    9051.761     59.435   4.120  1.03048E+00  9.97663E-01  3.28212E-02
    9053.023     60.697   4.160  1.01039E+00  9.98117E-01  1.22728E-02
    9054.297     61.971   4.200  9.96404E-01  9.98600E-01 -2.19650E-03
    9055.583     63.257   4.240  9.88680E-01  9.99092E-01 -1.04116E-02
    9056.882     64.555   4.280  9.87275E-01  9.99613E-01 -1.23374E-02
    9058.192     65.866   4.320  9.91596E-01  1.00014E+00 -8.54363E-03
    9059.515     67.189   4.360  1.00012E+00  1.00069E+00 -5.70315E-04
    9060.850     68.524   4.400  1.01056E+00  1.00123E+00  9.33845E-03
    9062.197     69.871   4.440  1.02071E+00  1.00178E+00  1.89291E-02
    9063.557     71.230   4.480  1.02868E+00  1.00233E+00  2.63416E-02
    9064.928     72.602   4.520  1.03324E+00  1.00286E+00  3.03761E-02
    9066.312     73.986   4.560  1.03392E+00  1.00341E+00  3.05041E-02
    9067.708     75.382   4.600  1.03064E+00  1.00393E+00  2.67015E-02
    9069.116     76.790   4.640  1.02383E+00  1.00445E+00  1.93752E-02
    9070.537     78.210   4.680  1.01425E+00  1.00496E+00  9.28592E-03
    9071.969     79.643   4.720  1.00279E+00  1.00544E+00 -2.64441E-03
    9073.414     81.088   4.760  9.90520E-01  1.00590E+00 -1.53833E-02
    9074.871     82.545   4.800  9.78381E-01  1.00634E+00 -2.79557E-02
    9076.340     84.014   4.840  9.67047E-01  1.00676E+00 -3.97118E-02
    9077.821     85.495   4.880  9.56719E-01  1.00714E+00 -5.04251E-02
    9079.315     86.989   4.920  9.47298E-01  1.00749E+00 -6.01954E-02
    9080.820     88.494   4.960  9.38853E-01  1.00781E+00 -6.89526E-02
    9082.338     90.012   5.000  9.31923E-01  1.00810E+00 -7.61784E-02
    9083.868     91.542   5.040  9.27147E-01  1.00836E+00 -8.12124E-02
    9085.411     93.085   5.080  9.24873E-01  1.00858E+00 -8.37052E-02
    9086.965     94.639   5.120  9.24835E-01  1.00876E+00 -8.39215E-02
    9088.532     96.206   5.160  9.26305E-01  1.00889E+00 -8.25883E-02
    9090.111     97.785   5.200  9.28598E-01  1.00899E+00 -8.03903E-02
    9091.702     99.376   5.240  9.31464E-01  1.00904E+00 -7.75782E-02
    9093.305    100.979   5.280  9.35254E-01  1.00905E+00 -7.38005E-02
    9094.920    102.594   5.320  9.40611E-01  1.00903E+00 -6.84152E-02
    9096.548    104.222   5.360  9.48010E-01  1.00896E+00 -6.09454E-02
    9098.188    105.862   5.400  9.57465E-01  1.00885E+00 -5.13803E-02
    9099.840    107.514   5.440  9.68610E-01  1.00869E+00 -4.00824E-02
    9101.504    109.178   5.480  9.80921E-01  1.00850E+00 -2.75810E-02
    9103.180    110.854   5.520  9.93791E-01  1.00829E+00 -1.45030E-02
    9104.869    112.543   5.560  1.00648E+00  1.00802E+00 -1.54841E-03
    9106.570    114.244   5.600  1.01837E+00  1.00771E+00  1.06558E-02
    9108.283    115.957   5.640  1.02917E+00  1.00739E+00  2.17805E-02
    9110.008    117.682   5.680  1.03893E+00  1.00703E+00  3.19033E-02
    9111.745    119.419   5.720  1.04811E+00  1.00663E+00  4.14795E-02
    9113.495    121.169   5.760  1.05719E+00  1.00620E+00  5.09968E-02
    9115.257    122.930   5.800  1.06613E+00  1.00573E+00  6.04071E-02
    9117.030    124.704   5.840  1.07407E+00  1.00525E+00  6.88223E-02
    9118.817    126.490   5.880  1.07960E+00  1.00477E+00  7.48343E-02
    9120.615    128.289   5.920  1.08150E+00  1.00423E+00  7.72698E-02
    9122.425    130.099   5.960  1.07931E+00  1.00370E+00  7.56069E-02
    9124.248    131.922   6.000  1.07275E+00  1.00315E+00  6.96017E-02
