# # comment:                                                     FEFF 9.9.1  
# # Source:
# # Structure
# # Reduced
# # space
# # abc:
# # angles:152.898880
# # sites:
# # POT  SCF 100  7.0000   0, screened core-hole, AFOLP (folp(0)= 1.150)
# # Abs   Z=29 Rmt= 1.236 Rnm= 1.318 K  shell
# # Pot 1 Z=38 Rmt= 1.824 Rnm= 1.889
# # Pot 2 Z=29 Rmt= 1.236 Rnm= 1.318
# # Pot 3 Z=17 Rmt= 1.514 Rnm= 1.565
# # Pot 4 Z= 8 Rmt= 1.077 Rnm= 1.127
# # Gam_ch=1.729E+00 H-L exch Vi= 0.000E+00 Vr= 0.000E+00
# # Mu=-6.546E+00eV kf=1.768E+00 Vint=-1.495E+01eV Rs_int= 2.051
# FMS rfms= 9.0000
# # PATH  Rmax=-1.000,  Keep_limit= 0.00, Heap_limit 0.00  Pwcrit= 2.50%
#  S02=0.950  Temp=   0.00  Debye_temp=   0.00  Global_sig2= 0.00000
#  Energy zero shift, vr, vi    0.00000E+00   0.00000E+00
#  Curved wave amplitude ratio filter   4.000%
#     file         sig2 tot  cw amp ratio   deg  nlegs   reff  inp sig2
#     0/   0 paths used
#  xsedge+ 50, used to normalize mu           2.3975E-04
#  -----------------------------------------------------------------------
#  omega    e    k    mu    mu0     chi     @#
    8984.862    -10.356  -1.000  5.05345E-02  6.55070E-02 -1.49726E-02
    8985.161    -10.057  -0.960  5.35947E-02  7.05507E-02 -1.69559E-02
    8985.448     -9.771  -0.920  5.69154E-02  7.61750E-02 -1.92597E-02
    8985.722     -9.496  -0.880  6.05243E-02  8.24670E-02 -2.19427E-02
    8985.984     -9.234  -0.840  6.44525E-02  8.95276E-02 -2.50751E-02
    8986.234     -8.984  -0.800  6.87337E-02  9.74741E-02 -2.87404E-02
    8986.472     -8.747  -0.760  7.34042E-02  1.06441E-01 -3.30370E-02
    8986.697     -8.521  -0.720  7.85024E-02  1.16581E-01 -3.80787E-02
    8986.911     -8.308  -0.680  8.40674E-02  1.28062E-01 -4.39942E-02
    8987.112     -8.107  -0.640  9.01366E-02  1.41060E-01 -5.09235E-02
    8987.301     -7.918  -0.600  9.67428E-02  1.55751E-01 -5.90082E-02
    8987.478     -7.741  -0.560  1.03908E-01  1.72284E-01 -6.83753E-02
    8987.642     -7.576  -0.520  1.11639E-01  1.90748E-01 -7.91093E-02
    8987.795     -7.424  -0.480  1.19913E-01  2.11126E-01 -9.12136E-02
    8987.935     -7.284  -0.440  1.28673E-01  2.33239E-01 -1.04567E-01
    8988.063     -7.156  -0.400  1.37815E-01  2.56700E-01 -1.18885E-01
    8988.179     -7.040  -0.360  1.47182E-01  2.80896E-01 -1.33713E-01
    8988.282     -6.936  -0.320  1.56571E-01  3.05034E-01 -1.48464E-01
    8988.374     -6.845  -0.280  1.65734E-01  3.28234E-01 -1.62500E-01
    8988.453     -6.765  -0.240  1.74404E-01  3.49648E-01 -1.75243E-01
    8988.520     -6.698  -0.200  1.82310E-01  3.68568E-01 -1.86259E-01
    8988.575     -6.644  -0.160  1.89191E-01  3.84479E-01 -1.95288E-01
    8988.618     -6.601  -0.120  1.94820E-01  3.97052E-01 -2.02232E-01
    8988.648     -6.570  -0.080  1.99009E-01  4.06107E-01 -2.07098E-01
    8988.672     -6.546   0.000  2.02524E-01  4.13378E-01 -2.10854E-01
    8988.727     -6.491   0.120  2.10621E-01  4.29756E-01 -2.19136E-01
    8988.770     -6.448   0.160  2.17083E-01  4.42500E-01 -2.25417E-01
    8988.825     -6.394   0.200  2.25666E-01  4.58731E-01 -2.33065E-01
    8988.892     -6.327   0.240  2.36638E-01  4.78241E-01 -2.41603E-01
    8988.971     -6.247   0.280  2.50313E-01  5.00608E-01 -2.50295E-01
    8989.063     -6.156   0.320  2.67049E-01  5.25243E-01 -2.58194E-01
    8989.166     -6.052   0.360  2.87193E-01  5.51398E-01 -2.64205E-01
    8989.282     -5.936   0.400  3.10984E-01  5.78274E-01 -2.67290E-01
    8989.410     -5.808   0.440  3.38297E-01  6.05141E-01 -2.66845E-01
    8989.550     -5.668   0.480  3.68323E-01  6.31427E-01 -2.63104E-01
    8989.703     -5.516   0.520  3.99231E-01  6.56757E-01 -2.57526E-01
    8989.867     -5.351   0.560  4.28235E-01  6.80940E-01 -2.52705E-01
    8990.044     -5.174   0.600  4.52777E-01  7.03931E-01 -2.51154E-01
    8990.233     -4.985   0.640  4.72357E-01  7.25754E-01 -2.53398E-01
    8990.434     -4.784   0.680  4.89281E-01  7.46486E-01 -2.57205E-01
    8990.648     -4.571   0.720  5.07091E-01  7.66261E-01 -2.59170E-01
    8990.873     -4.345   0.760  5.27513E-01  7.85171E-01 -2.57658E-01
    8991.111     -4.108   0.800  5.48494E-01  8.03274E-01 -2.54780E-01
    8991.361     -3.858   0.840  5.65822E-01  8.20675E-01 -2.54853E-01
    8991.623     -3.596   0.880  5.77564E-01  8.37420E-01 -2.59855E-01
    8991.897     -3.321   0.920  5.85704E-01  8.53535E-01 -2.67831E-01
    8992.184     -3.035   0.960  5.92990E-01  8.69035E-01 -2.76046E-01
    8992.482     -2.736   1.000  6.02653E-01  8.83961E-01 -2.81309E-01
    8992.793     -2.425   1.040  6.20346E-01  8.98283E-01 -2.77937E-01
    8993.116     -2.102   1.080  6.51107E-01  9.12004E-01 -2.60897E-01
    8993.452     -1.767   1.120  6.95651E-01  9.25119E-01 -2.29468E-01
    8993.799     -1.419   1.160  7.52394E-01  9.37598E-01 -1.85204E-01
    8994.159     -1.060   1.200  8.17799E-01  9.49451E-01 -1.31653E-01
    8994.531     -0.688   1.240  8.77740E-01  9.60643E-01 -8.29029E-02
    8994.915     -0.304   1.280  9.07340E-01  9.71179E-01 -6.38382E-02
    8995.311      0.093   1.320  8.98055E-01  9.81042E-01 -8.29866E-02
    8995.719      0.501   1.360  8.72415E-01  9.90216E-01 -1.17801E-01
    8996.140      0.922   1.400  8.57649E-01  9.98727E-01 -1.41078E-01
    8996.573      1.354   1.440  8.65331E-01  1.00652E+00 -1.41189E-01
    8997.018      1.799   1.480  8.97144E-01  1.01366E+00 -1.16520E-01
    8997.475      2.257   1.520  9.58017E-01  1.02010E+00 -6.20857E-02
    8997.944      2.726   1.560  1.05596E+00  1.02591E+00  3.00525E-02
    8998.426      3.208   1.600  1.19243E+00  1.03103E+00  1.61396E-01
    8998.920      3.701   1.640  1.35907E+00  1.03555E+00  3.23522E-01
    8999.426      4.207   1.680  1.52363E+00  1.03947E+00  4.84160E-01
    8999.944      4.725   1.720  1.64596E+00  1.04278E+00  6.03183E-01
    9000.474      5.256   1.760  1.70750E+00  1.04553E+00  6.61973E-01
    9001.017      5.798   1.800  1.69727E+00  1.04777E+00  6.49506E-01
    9001.571      6.353   1.840  1.63062E+00  1.04949E+00  5.81131E-01
    9002.138      6.920   1.880  1.54392E+00  1.05073E+00  4.93189E-01
    9002.718      7.499   1.920  1.45441E+00  1.05154E+00  4.02870E-01
    9003.309      8.090   1.960  1.37264E+00  1.05194E+00  3.20698E-01
    9003.912      8.694   2.000  1.30745E+00  1.05196E+00  2.55493E-01
    9004.528      9.310   2.040  1.25658E+00  1.05162E+00  2.04956E-01
    9005.156      9.938   2.080  1.20793E+00  1.05098E+00  1.56953E-01
    9005.796     10.578   2.120  1.15854E+00  1.05004E+00  1.08505E-01
    9006.448     11.230   2.160  1.11454E+00  1.04886E+00  6.56799E-02
    9007.113     11.894   2.200  1.08793E+00  1.04744E+00  4.04919E-02
    9007.789     12.571   2.240  1.07909E+00  1.04583E+00  3.32533E-02
    9008.478     13.260   2.280  1.07819E+00  1.04405E+00  3.41340E-02
    9009.179     13.961   2.320  1.07929E+00  1.04213E+00  3.71600E-02
    9009.892     14.674   2.360  1.07849E+00  1.04008E+00  3.84121E-02
    9010.618     15.400   2.400  1.07278E+00  1.03793E+00  3.48471E-02
    9011.356     16.137   2.440  1.05913E+00  1.03570E+00  2.34284E-02
    9012.105     16.887   2.480  1.03652E+00  1.03340E+00  3.12153E-03
    9012.867     17.649   2.520  1.00795E+00  1.03108E+00 -2.31239E-02
    9013.642     18.423   2.560  9.78608E-01  1.02874E+00 -5.01305E-02
    9014.428     19.209   2.600  9.53272E-01  1.02640E+00 -7.31261E-02
    9015.226     20.008   2.640  9.34236E-01  1.02406E+00 -8.98252E-02
    9016.037     20.819   2.680  9.21597E-01  1.02175E+00 -1.00157E-01
    9016.860     21.642   2.720  9.13806E-01  1.01949E+00 -1.05680E-01
    9017.695     22.477   2.760  9.08111E-01  1.01726E+00 -1.09153E-01
    9018.543     23.324   2.800  9.02097E-01  1.01511E+00 -1.13014E-01
    9019.402     24.184   2.840  8.95046E-01  1.01301E+00 -1.17967E-01
    9020.274     25.056   2.880  8.87831E-01  1.01102E+00 -1.23187E-01
    9021.158     25.939   2.920  8.81812E-01  1.00911E+00 -1.27296E-01
    9022.054     26.836   2.960  8.77662E-01  1.00729E+00 -1.29624E-01
    9022.962     27.744   3.000  8.75572E-01  1.00558E+00 -1.30004E-01
    9023.883     28.664   3.040  8.74846E-01  1.00396E+00 -1.29115E-01
    9024.815     29.597   3.080  8.75295E-01  1.00249E+00 -1.27191E-01
    9025.760     30.542   3.120  8.77046E-01  1.00111E+00 -1.24063E-01
    9026.717     31.499   3.160  8.80371E-01  9.99851E-01 -1.19480E-01
    9027.687     32.468   3.200  8.85350E-01  9.98716E-01 -1.13367E-01
    9028.668     33.450   3.240  8.91782E-01  9.97684E-01 -1.05902E-01
    9029.662     34.443   3.280  8.99323E-01  9.96819E-01 -9.74961E-02
    9030.668     35.449   3.320  9.07538E-01  9.96058E-01 -8.85192E-02
    9031.686     36.467   3.360  9.17018E-01  9.95421E-01 -7.84029E-02
    9032.716     37.497   3.400  9.28679E-01  9.94909E-01 -6.62299E-02
    9033.758     38.540   3.440  9.42836E-01  9.94543E-01 -5.17071E-02
    9034.813     39.594   3.480  9.58745E-01  9.94280E-01 -3.55357E-02
    9035.880     40.661   3.520  9.74990E-01  9.94140E-01 -1.91508E-02
    9036.959     41.740   3.560  9.89769E-01  9.94145E-01 -4.37564E-03
    9038.050     42.831   3.600  1.00137E+00  9.94251E-01  7.12131E-03
    9039.153     43.935   3.640  1.00896E+00  9.94475E-01  1.44864E-02
    9040.269     45.050   3.680  1.01290E+00  9.94819E-01  1.80767E-02
    9041.396     46.178   3.720  1.01418E+00  9.95258E-01  1.89251E-02
    9042.536     47.318   3.760  1.01430E+00  9.95833E-01  1.84692E-02
    9043.689     48.470   3.800  1.01488E+00  9.96479E-01  1.83999E-02
    9044.853     49.635   3.840  1.01754E+00  9.97235E-01  2.03105E-02
    9046.029     50.811   3.880  1.02321E+00  9.98077E-01  2.51365E-02
    9047.218     52.000   3.920  1.03169E+00  9.99002E-01  3.26904E-02
    9048.419     53.201   3.960  1.04175E+00  1.00001E+00  4.17388E-02
    9049.632     54.414   4.000  1.05149E+00  1.00109E+00  5.03951E-02
    9050.857     55.639   4.040  1.05917E+00  1.00226E+00  5.69086E-02
    9052.095     56.877   4.080  1.06347E+00  1.00347E+00  5.99991E-02
    9053.345     58.126   4.120  1.06425E+00  1.00473E+00  5.95140E-02
    9054.606     59.388   4.160  1.06302E+00  1.00606E+00  5.69633E-02
    9055.881     60.662   4.200  1.06254E+00  1.00743E+00  5.51112E-02
    9057.167     61.948   4.240  1.06554E+00  1.00884E+00  5.66975E-02
    9058.465     63.247   4.280  1.07353E+00  1.01026E+00  6.32683E-02
    9059.776     64.557   4.320  1.08646E+00  1.01172E+00  7.47389E-02
    9061.099     65.880   4.360  1.10273E+00  1.01321E+00  8.95215E-02
    9062.434     67.215   4.400  1.11978E+00  1.01470E+00  1.05087E-01
    9063.781     68.563   4.440  1.13480E+00  1.01619E+00  1.18609E-01
    9065.140     69.922   4.480  1.14532E+00  1.01765E+00  1.27669E-01
    9066.512     71.293   4.520  1.14935E+00  1.01913E+00  1.30214E-01
    9067.896     72.677   4.560  1.14508E+00  1.02058E+00  1.24495E-01
    9069.292     74.073   4.600  1.13143E+00  1.02200E+00  1.09437E-01
    9070.700     75.481   4.640  1.10847E+00  1.02340E+00  8.50769E-02
    9072.120     76.902   4.680  1.07780E+00  1.02476E+00  5.30390E-02
    9073.553     78.334   4.720  1.04279E+00  1.02608E+00  1.67119E-02
    9074.998     79.779   4.760  1.00810E+00  1.02735E+00 -1.92482E-02
    9076.454     81.236   4.800  9.78593E-01  1.02855E+00 -4.99590E-02
    9077.924     82.705   4.840  9.57711E-01  1.02970E+00 -7.19924E-02
    9079.405     84.186   4.880  9.46646E-01  1.03080E+00 -8.41567E-02
    9080.898     85.680   4.920  9.44529E-01  1.03183E+00 -8.72966E-02
    9082.404     87.186   4.960  9.49322E-01  1.03277E+00 -8.34447E-02
    9083.922     88.704   5.000  9.58835E-01  1.03363E+00 -7.47942E-02
    9085.452     90.234   5.040  9.71215E-01  1.03443E+00 -6.32146E-02
    9086.994     91.776   5.080  9.84463E-01  1.03512E+00 -5.06613E-02
    9088.549     93.330   5.120  9.96097E-01  1.03574E+00 -3.96383E-02
    9090.116     94.897   5.160  1.00349E+00  1.03628E+00 -3.27896E-02
    9091.694     96.476   5.200  1.00509E+00  1.03672E+00 -3.16297E-02
    9093.285     98.067   5.240  1.00164E+00  1.03707E+00 -3.54326E-02
    9094.889     99.670   5.280  9.96117E-01  1.03734E+00 -4.12245E-02
    9096.504    101.286   5.320  9.92044E-01  1.03752E+00 -4.54783E-02
    9098.132    102.913   5.360  9.91193E-01  1.03762E+00 -4.64220E-02
    9099.772    104.553   5.400  9.92586E-01  1.03760E+00 -4.50141E-02
    9101.424    106.205   5.440  9.93617E-01  1.03752E+00 -4.39042E-02
    9103.088    107.869   5.480  9.92320E-01  1.03734E+00 -4.50152E-02
    9104.764    109.546   5.520  9.89547E-01  1.03709E+00 -4.75423E-02
    9106.453    111.234   5.560  9.88390E-01  1.03674E+00 -4.83487E-02
    9108.154    112.935   5.600  9.91900E-01  1.03633E+00 -4.44295E-02
    9109.866    114.648   5.640  1.00101E+00  1.03584E+00 -3.48292E-02
    9111.592    116.373   5.680  1.01425E+00  1.03528E+00 -2.10276E-02
    9113.329    118.111   5.720  1.02844E+00  1.03466E+00 -6.22578E-03
    9115.079    119.860   5.760  1.04014E+00  1.03397E+00  6.16993E-03
    9116.840    121.622   5.800  1.04743E+00  1.03321E+00  1.42171E-02
    9118.614    123.396   5.840  1.05072E+00  1.03240E+00  1.83217E-02
    9120.400    125.182   5.880  1.05226E+00  1.03156E+00  2.07021E-02
    9122.199    126.980   5.920  1.05406E+00  1.03068E+00  2.33772E-02
    9124.009    128.791   5.960  1.05601E+00  1.02978E+00  2.62356E-02
    9125.832    130.613   6.000  1.05646E+00  1.02880E+00  2.76580E-02
