# # comment:                                                     FEFF 9.9.1  
# # Source:
# # Structure
# # Reduced
# # space
# # abc:
# # angles:
# # sites:
# # POT  SCF 100  7.0000   0, screened core-hole, AFOLP (folp(0)= 1.150)
# # Abs   Z=29 Rmt= 1.321 Rnm= 1.451 K  shell
# # Pot 1 Z=29 Rmt= 1.321 Rnm= 1.451
# # Pot 2 Z=51 Rmt= 1.372 Rnm= 1.575
# # Pot 3 Z=17 Rmt= 1.370 Rnm= 1.512
# # Pot 4 Z= 8 Rmt= 0.968 Rnm= 1.092
# # Gam_ch=1.729E+00 H-L exch Vi= 0.000E+00 Vr= 0.000E+00
# # Mu=-5.127E+00eV kf=2.012E+00 Vint=-1.384E+01eV Rs_int= 1.802
# FMS rfms= 9.0000
# # PATH  Rmax=-1.000,  Keep_limit= 0.00, Heap_limit 0.00  Pwcrit= 2.50%
#  S02=0.950  Temp=   0.00  Debye_temp=   0.00  Global_sig2= 0.00000
#  Energy zero shift, vr, vi    0.00000E+00   0.00000E+00
#  Curved wave amplitude ratio filter   4.000%
#     file         sig2 tot  cw amp ratio   deg  nlegs   reff  inp sig2
#     0/   0 paths used
#  xsedge+ 50, used to normalize mu           2.4460E-04
#  -----------------------------------------------------------------------
#  omega    e    k    mu    mu0     chi     @#
    8983.276     -8.937  -1.000  5.81453E-02  6.23437E-02 -4.19843E-03
    8983.575     -8.638  -0.960  6.21428E-02  6.71117E-02 -4.96885E-03
    8983.861     -8.351  -0.920  6.65342E-02  7.24279E-02 -5.89367E-03
    8984.136     -8.077  -0.880  7.13698E-02  7.83744E-02 -7.00463E-03
    8984.398     -7.815  -0.840  7.67069E-02  8.50467E-02 -8.33986E-03
    8984.648     -7.565  -0.800  8.26109E-02  9.25557E-02 -9.94484E-03
    8984.885     -7.327  -0.760  8.91555E-02  1.01029E-01 -1.18733E-02
    8985.111     -7.102  -0.720  9.64223E-02  1.10610E-01 -1.41875E-02
    8985.324     -6.888  -0.680  1.04500E-01  1.21458E-01 -1.69581E-02
    8985.525     -6.687  -0.640  1.13478E-01  1.33740E-01 -2.02619E-02
    8985.714     -6.498  -0.600  1.23446E-01  1.47623E-01 -2.41771E-02
    8985.891     -6.322  -0.560  1.34472E-01  1.63246E-01 -2.87744E-02
    8986.056     -6.157  -0.520  1.46593E-01  1.80696E-01 -3.41030E-02
    8986.208     -6.005  -0.480  1.59786E-01  1.99956E-01 -4.01703E-02
    8986.348     -5.864  -0.440  1.73937E-01  2.20856E-01 -4.69193E-02
    8986.476     -5.736  -0.400  1.88820E-01  2.43029E-01 -5.42089E-02
    8986.592     -5.620  -0.360  2.04089E-01  2.65898E-01 -6.18091E-02
    8986.696     -5.517  -0.320  2.19292E-01  2.88711E-01 -6.94196E-02
    8986.787     -5.425  -0.280  2.33923E-01  3.10635E-01 -7.67123E-02
    8986.867     -5.346  -0.240  2.47485E-01  3.30869E-01 -8.33840E-02
    8986.934     -5.279  -0.200  2.59545E-01  3.48744E-01 -8.91994E-02
    8986.988     -5.224  -0.160  2.69764E-01  3.63774E-01 -9.40093E-02
    8987.031     -5.182  -0.120  2.77906E-01  3.75649E-01 -9.77428E-02
    8987.062     -5.151  -0.080  2.83814E-01  3.84199E-01 -1.00385E-01
    8987.086     -5.127   0.000  2.88600E-01  3.91066E-01 -1.02465E-01
    8987.141     -5.072   0.120  2.99374E-01  4.06539E-01 -1.07165E-01
    8987.184     -5.029   0.160  3.07830E-01  4.18564E-01 -1.10734E-01
    8987.238     -4.974   0.200  3.18742E-01  4.33889E-01 -1.15147E-01
    8987.305     -4.907   0.240  3.32097E-01  4.52294E-01 -1.20197E-01
    8987.385     -4.828   0.280  3.47812E-01  4.73394E-01 -1.25582E-01
    8987.476     -4.737   0.320  3.65721E-01  4.96610E-01 -1.30888E-01
    8987.580     -4.633   0.360  3.85615E-01  5.21246E-01 -1.35631E-01
    8987.696     -4.517   0.400  4.07255E-01  5.46543E-01 -1.39288E-01
    8987.824     -4.389   0.440  4.30389E-01  5.71786E-01 -1.41398E-01
    8987.964     -4.249   0.480  4.54875E-01  5.96472E-01 -1.41596E-01
    8988.116     -4.096   0.520  4.80533E-01  6.20223E-01 -1.39690E-01
    8988.281     -3.932   0.560  5.07195E-01  6.42841E-01 -1.35646E-01
    8988.458     -3.755   0.600  5.34784E-01  6.64322E-01 -1.29538E-01
    8988.647     -3.566   0.640  5.63279E-01  6.84694E-01 -1.21415E-01
    8988.848     -3.365   0.680  5.92874E-01  7.04028E-01 -1.11155E-01
    8989.061     -3.152   0.720  6.24071E-01  7.22457E-01 -9.83859E-02
    8989.287     -2.926   0.760  6.57670E-01  7.40050E-01 -8.23794E-02
    8989.524     -2.688   0.800  6.95092E-01  7.56924E-01 -6.18322E-02
    8989.774     -2.438   0.840  7.38382E-01  7.73122E-01 -3.47397E-02
    8990.036     -2.176   0.880  7.89536E-01  7.88751E-01  7.84598E-04
    8990.311     -1.902   0.920  8.48079E-01  8.03820E-01  4.42595E-02
    8990.597     -1.615   0.960  9.09230E-01  8.18342E-01  9.08878E-02
    8990.896     -1.317   1.000  9.65382E-01  8.32363E-01  1.33019E-01
    8991.207     -1.006   1.040  1.01001E+00  8.45895E-01  1.64112E-01
    8991.530     -0.683   1.080  1.03966E+00  8.58902E-01  1.80759E-01
    8991.865     -0.347   1.120  1.05497E+00  8.71402E-01  1.83573E-01
    8992.213     -0.000   1.160  1.06133E+00  8.83391E-01  1.77936E-01
    8992.572      0.360   1.200  1.06635E+00  8.94836E-01  1.71514E-01
    8992.944      0.732   1.240  1.07262E+00  9.05745E-01  1.66878E-01
    8993.328      1.116   1.280  1.07084E+00  9.16125E-01  1.54719E-01
    8993.725      1.512   1.320  1.04599E+00  9.25939E-01  1.20048E-01
    8994.133      1.920   1.360  9.97153E-01  9.35172E-01  6.19805E-02
    8994.554      2.341   1.400  9.47034E-01  9.43849E-01  3.18433E-03
    8994.986      2.774   1.440  9.22810E-01  9.51955E-01 -2.91450E-02
    8995.431      3.219   1.480  9.34673E-01  9.59495E-01 -2.48216E-02
    8995.889      3.676   1.520  9.76478E-01  9.66475E-01  1.00023E-02
    8996.358      4.145   1.560  1.03666E+00  9.72904E-01  6.37529E-02
    8996.840      4.627   1.600  1.10317E+00  9.78769E-01  1.24401E-01
    8997.333      5.121   1.640  1.16152E+00  9.84099E-01  1.77422E-01
    8997.839      5.627   1.680  1.19508E+00  9.88925E-01  2.06157E-01
    8998.357      6.145   1.720  1.19728E+00  9.93237E-01  2.04039E-01
    8998.888      6.675   1.760  1.17606E+00  9.97088E-01  1.78976E-01
    8999.430      7.218   1.800  1.14032E+00  1.00045E+00  1.39874E-01
    8999.985      7.772   1.840  1.09539E+00  1.00339E+00  9.19913E-02
    9000.552      8.339   1.880  1.04950E+00  1.00592E+00  4.35870E-02
    9001.131      8.918   1.920  1.01373E+00  1.00804E+00  5.68764E-03
    9001.722      9.510   1.960  9.94709E-01  1.00980E+00 -1.50895E-02
    9002.326     10.113   2.000  9.92460E-01  1.01121E+00 -1.87504E-02
    9002.942     10.729   2.040  1.00332E+00  1.01231E+00 -8.99277E-03
    9003.570     11.357   2.080  1.02158E+00  1.01314E+00  8.44354E-03
    9004.210     11.997   2.120  1.04017E+00  1.01368E+00  2.64902E-02
    9004.862     12.649   2.160  1.05285E+00  1.01398E+00  3.88707E-02
    9005.526     13.314   2.200  1.05563E+00  1.01405E+00  4.15826E-02
    9006.203     13.990   2.240  1.04998E+00  1.01394E+00  3.60377E-02
    9006.892     14.679   2.280  1.04125E+00  1.01366E+00  2.75843E-02
    9007.593     15.380   2.320  1.03275E+00  1.01322E+00  1.95381E-02
    9008.306     16.093   2.360  1.02284E+00  1.01264E+00  1.02043E-02
    9009.031     16.819   2.400  1.01214E+00  1.01194E+00  1.97468E-04
    9009.769     17.556   2.440  1.00850E+00  1.01115E+00 -2.65201E-03
    9010.519     18.306   2.480  1.01300E+00  1.01030E+00  2.69943E-03
    9011.281     19.068   2.520  1.02068E+00  1.00937E+00  1.13172E-02
    9012.055     19.842   2.560  1.02768E+00  1.00839E+00  1.92833E-02
    9012.841     20.629   2.600  1.03169E+00  1.00738E+00  2.43086E-02
    9013.640     21.427   2.640  1.03128E+00  1.00635E+00  2.49277E-02
    9014.451     22.238   2.680  1.02489E+00  1.00532E+00  1.95688E-02
    9015.274     23.061   2.720  1.01247E+00  1.00428E+00  8.18139E-03
    9016.109     23.896   2.760  9.96243E-01  1.00328E+00 -7.03252E-03
    9016.956     24.744   2.800  9.79354E-01  1.00228E+00 -2.29220E-02
    9017.816     25.603   2.840  9.64161E-01  1.00131E+00 -3.71475E-02
    9018.688     26.475   2.880  9.52169E-01  1.00036E+00 -4.81875E-02
    9019.571     27.359   2.920  9.44021E-01  9.99468E-01 -5.54467E-02
    9020.468     28.255   2.960  9.39756E-01  9.98643E-01 -5.88873E-02
    9021.376     29.163   3.000  9.38969E-01  9.97844E-01 -5.88744E-02
    9022.296     30.084   3.040  9.41118E-01  9.97114E-01 -5.59959E-02
    9023.229     31.016   3.080  9.45382E-01  9.96455E-01 -5.10731E-02
    9024.174     31.961   3.120  9.50820E-01  9.95869E-01 -4.50486E-02
    9025.131     32.918   3.160  9.56300E-01  9.95335E-01 -3.90341E-02
    9026.100     33.888   3.200  9.60828E-01  9.94853E-01 -3.40252E-02
    9027.082     34.869   3.240  9.64039E-01  9.94467E-01 -3.04287E-02
    9028.075     35.863   3.280  9.66137E-01  9.94138E-01 -2.80014E-02
    9029.081     36.868   3.320  9.67652E-01  9.93905E-01 -2.62539E-02
    9030.099     37.886   3.360  9.68974E-01  9.93727E-01 -2.47531E-02
    9031.129     38.917   3.400  9.70186E-01  9.93602E-01 -2.34165E-02
    9032.172     39.959   3.440  9.71169E-01  9.93573E-01 -2.24043E-02
    9033.226     41.014   3.480  9.71999E-01  9.93597E-01 -2.15986E-02
    9034.293     42.081   3.520  9.73173E-01  9.93694E-01 -2.05210E-02
    9035.372     43.159   3.560  9.75427E-01  9.93843E-01 -1.84164E-02
    9036.463     44.251   3.600  9.79536E-01  9.94063E-01 -1.45269E-02
    9037.567     45.354   3.640  9.85987E-01  9.94354E-01 -8.36716E-03
    9038.682     46.470   3.680  9.94924E-01  9.94692E-01  2.32187E-04
    9039.810     47.597   3.720  1.00615E+00  9.95075E-01  1.10750E-02
    9040.950     48.737   3.760  1.01902E+00  9.95502E-01  2.35196E-02
    9042.102     49.889   3.800  1.03250E+00  9.95992E-01  3.65107E-02
    9043.266     51.054   3.840  1.04526E+00  9.96523E-01  4.87331E-02
    9044.443     52.230   3.880  1.05603E+00  9.97072E-01  5.89610E-02
    9045.632     53.419   3.920  1.06402E+00  9.97678E-01  6.63466E-02
    9046.833     54.620   3.960  1.06891E+00  9.98296E-01  7.06186E-02
    9048.046     55.833   4.000  1.07086E+00  9.98925E-01  7.19384E-02
    9049.271     57.058   4.040  1.07016E+00  9.99608E-01  7.05549E-02
    9050.509     58.296   4.080  1.06682E+00  1.00030E+00  6.65266E-02
    9051.758     59.545   4.120  1.06087E+00  1.00099E+00  5.98762E-02
    9053.020     60.807   4.160  1.05250E+00  1.00169E+00  5.08160E-02
    9054.294     62.081   4.200  1.04233E+00  1.00238E+00  3.99447E-02
    9055.580     63.368   4.240  1.03139E+00  1.00310E+00  2.82864E-02
    9056.879     64.666   4.280  1.02068E+00  1.00379E+00  1.68806E-02
    9058.189     65.977   4.320  1.01098E+00  1.00448E+00  6.50137E-03
    9059.512     67.300   4.360  1.00264E+00  1.00516E+00 -2.52289E-03
    9060.847     68.635   4.400  9.95520E-01  1.00581E+00 -1.02945E-02
    9062.194     69.982   4.440  9.89372E-01  1.00646E+00 -1.70849E-02
    9063.554     71.341   4.480  9.83877E-01  1.00709E+00 -2.32103E-02
    9064.925     72.713   4.520  9.78786E-01  1.00766E+00 -2.88768E-02
    9066.309     74.097   4.560  9.74184E-01  1.00824E+00 -3.40595E-02
    9067.705     75.493   4.600  9.70222E-01  1.00876E+00 -3.85418E-02
    9069.113     76.901   4.640  9.67197E-01  1.00925E+00 -4.20482E-02
    9070.534     78.321   4.680  9.65362E-01  1.00971E+00 -4.43465E-02
    9071.966     79.754   4.720  9.64774E-01  1.01011E+00 -4.53360E-02
    9073.411     81.198   4.760  9.65485E-01  1.01049E+00 -4.50062E-02
    9074.868     82.655   4.800  9.67409E-01  1.01083E+00 -4.34220E-02
    9076.337     84.124   4.840  9.70404E-01  1.01111E+00 -4.07027E-02
    9077.818     85.606   4.880  9.74279E-01  1.01136E+00 -3.70811E-02
    9079.312     87.099   4.920  9.78558E-01  1.01155E+00 -3.29883E-02
    9080.818     88.605   4.960  9.82677E-01  1.01169E+00 -2.90109E-02
    9082.336     90.123   5.000  9.86078E-01  1.01179E+00 -2.57082E-02
    9083.866     91.653   5.040  9.88464E-01  1.01184E+00 -2.33780E-02
    9085.408     93.195   5.080  9.89979E-01  1.01185E+00 -2.18749E-02
    9086.962     94.750   5.120  9.91138E-01  1.01182E+00 -2.06845E-02
    9088.529     96.316   5.160  9.92589E-01  1.01175E+00 -1.91574E-02
    9090.108     97.895   5.200  9.94882E-01  1.01161E+00 -1.67240E-02
    9091.699     99.486   5.240  9.98448E-01  1.01144E+00 -1.29962E-02
    9093.302    101.090   5.280  1.00342E+00  1.01122E+00 -7.79700E-03
    9094.918    102.705   5.320  1.00980E+00  1.01097E+00 -1.16930E-03
    9096.545    104.333   5.360  1.01731E+00  1.01066E+00  6.64883E-03
    9098.185    105.972   5.400  1.02550E+00  1.01034E+00  1.51557E-02
    9099.837    107.624   5.440  1.03351E+00  1.00998E+00  2.35336E-02
    9101.501    109.289   5.480  1.04034E+00  1.00958E+00  3.07590E-02
    9103.178    110.965   5.520  1.04511E+00  1.00917E+00  3.59331E-02
    9104.866    112.654   5.560  1.04737E+00  1.00873E+00  3.86482E-02
    9106.567    114.354   5.600  1.04739E+00  1.00824E+00  3.91443E-02
    9108.280    116.067   5.640  1.04592E+00  1.00773E+00  3.81961E-02
    9110.005    117.793   5.680  1.04397E+00  1.00720E+00  3.67674E-02
    9111.743    119.530   5.720  1.04230E+00  1.00667E+00  3.56287E-02
    9113.492    121.279   5.760  1.04123E+00  1.00611E+00  3.51180E-02
    9115.254    123.041   5.800  1.04065E+00  1.00555E+00  3.51030E-02
    9117.028    124.815   5.840  1.04008E+00  1.00496E+00  3.51211E-02
    9118.814    126.601   5.880  1.03896E+00  1.00439E+00  3.45705E-02
    9120.612    128.400   5.920  1.03665E+00  1.00381E+00  3.28465E-02
    9122.423    130.210   5.960  1.03269E+00  1.00324E+00  2.94503E-02
    9124.245    132.033   6.000  1.02662E+00  1.00266E+00  2.39593E-02
