# # comment:                                                     FEFF 9.9.1  
# # Source:
# # Structure
# # Reduced
# # space
# # abc:
# # angles:
# # sites:
# # POT  SCF 100  7.0000   0, screened core-hole, AFOLP (folp(0)= 1.150)
# # Abs   Z=29 Rmt= 1.263 Rnm= 1.334 K  shell
# # Pot 1 Z=24 Rmt= 1.314 Rnm= 1.408
# # Pot 2 Z=29 Rmt= 1.263 Rnm= 1.334
# # Pot 3 Z= 8 Rmt= 1.016 Rnm= 1.090
# # Gam_ch=1.729E+00 H-L exch Vi= 0.000E+00 Vr= 0.000E+00
# # Mu=-1.072E+01eV kf=2.206E+00 Vint=-1.907E+01eV Rs_int= 1.644
# FMS rfms= 9.0000
# # PATH  Rmax=-1.000,  Keep_limit= 0.00, Heap_limit 0.00  Pwcrit= 2.50%
#  S02=0.950  Temp=   0.00  Debye_temp=   0.00  Global_sig2= 0.00000
#  Energy zero shift, vr, vi    0.00000E+00   0.00000E+00
#  Curved wave amplitude ratio filter   4.000%
#     file         sig2 tot  cw amp ratio   deg  nlegs   reff  inp sig2
#     0/   0 paths used
#  xsedge+ 50, used to normalize mu           2.5085E-04
#  -----------------------------------------------------------------------
#  omega    e    k    mu    mu0     chi     @#
    8984.326    -14.529  -1.000  3.29848E-02  4.60052E-02 -1.30204E-02
    8984.625    -14.231  -0.960  3.46202E-02  4.91438E-02 -1.45236E-02
    8984.912    -13.944  -0.920  3.63792E-02  5.26168E-02 -1.62377E-02
    8985.186    -13.670  -0.880  3.82762E-02  5.64723E-02 -1.81962E-02
    8985.448    -13.408  -0.840  4.03278E-02  6.07664E-02 -2.04386E-02
    8985.698    -13.158  -0.800  4.25531E-02  6.55638E-02 -2.30107E-02
    8985.936    -12.920  -0.760  4.49738E-02  7.09389E-02 -2.59651E-02
    8986.161    -12.694  -0.720  4.76142E-02  7.69754E-02 -2.93612E-02
    8986.375    -12.481  -0.680  5.05006E-02  8.37655E-02 -3.32649E-02
    8986.576    -12.280  -0.640  5.36606E-02  9.14063E-02 -3.77457E-02
    8986.765    -12.091  -0.600  5.71200E-02  9.99927E-02 -4.28727E-02
    8986.942    -11.914  -0.560  6.08992E-02  1.09606E-01 -4.87065E-02
    8987.106    -11.750  -0.520  6.50061E-02  1.20292E-01 -5.52862E-02
    8987.259    -11.597  -0.480  6.94272E-02  1.32040E-01 -6.26129E-02
    8987.399    -11.457  -0.440  7.41170E-02  1.44746E-01 -7.06294E-02
    8987.527    -11.329  -0.400  7.89901E-02  1.58193E-01 -7.92024E-02
    8987.643    -11.213  -0.360  8.39200E-02  1.72036E-01 -8.81163E-02
    8987.746    -11.110  -0.320  8.87488E-02  1.85833E-01 -9.70838E-02
    8987.838    -11.018  -0.280  9.33093E-02  1.99088E-01 -1.05778E-01
    8987.917    -10.939  -0.240  9.74498E-02  2.11325E-01 -1.13875E-01
    8987.984    -10.872  -0.200  1.01053E-01  2.22144E-01 -1.21091E-01
    8988.039    -10.817  -0.160  1.04045E-01  2.31251E-01 -1.27206E-01
    8988.081    -10.774  -0.120  1.06382E-01  2.38455E-01 -1.32073E-01
    8988.112    -10.744  -0.080  1.08045E-01  2.43648E-01 -1.35603E-01
    8988.136    -10.719   0.000  1.09347E-01  2.47824E-01 -1.38477E-01
    8988.191    -10.665   0.120  1.12416E-01  2.57233E-01 -1.44816E-01
    8988.234    -10.622   0.160  1.14821E-01  2.64574E-01 -1.49753E-01
    8988.289    -10.567   0.200  1.17851E-01  2.73932E-01 -1.56081E-01
    8988.356    -10.500   0.240  1.21508E-01  2.85232E-01 -1.63724E-01
    8988.435    -10.421   0.280  1.25747E-01  2.98242E-01 -1.72495E-01
    8988.526    -10.329   0.320  1.30577E-01  3.12654E-01 -1.82077E-01
    8988.630    -10.226   0.360  1.36052E-01  3.28083E-01 -1.92031E-01
    8988.746    -10.110   0.400  1.42356E-01  3.44096E-01 -2.01741E-01
    8988.874     -9.982   0.440  1.49856E-01  3.60337E-01 -2.10482E-01
    8989.014     -9.842   0.480  1.59026E-01  3.76518E-01 -2.17492E-01
    8989.167     -9.689   0.520  1.70196E-01  3.92434E-01 -2.22238E-01
    8989.331     -9.525   0.560  1.83452E-01  4.08003E-01 -2.24551E-01
    8989.508     -9.348   0.600  1.98179E-01  4.23201E-01 -2.25022E-01
    8989.697     -9.159   0.640  2.12985E-01  4.38095E-01 -2.25110E-01
    8989.898     -8.958   0.680  2.25761E-01  4.52757E-01 -2.26996E-01
    8990.111     -8.744   0.720  2.34218E-01  4.67229E-01 -2.33010E-01
    8990.337     -8.519   0.760  2.37224E-01  4.81591E-01 -2.44367E-01
    8990.575     -8.281   0.800  2.36161E-01  4.95920E-01 -2.59760E-01
    8990.825     -8.031   0.840  2.35207E-01  5.10259E-01 -2.75052E-01
    8991.087     -7.769   0.880  2.39436E-01  5.24661E-01 -2.85225E-01
    8991.361     -7.495   0.920  2.52968E-01  5.39171E-01 -2.86203E-01
    8991.648     -7.208   0.960  2.78924E-01  5.53762E-01 -2.74838E-01
    8991.946     -6.909   1.000  3.20035E-01  5.68500E-01 -2.48465E-01
    8992.257     -6.599   1.040  3.76337E-01  5.83346E-01 -2.07010E-01
    8992.580     -6.275   1.080  4.39847E-01  5.98331E-01 -1.58484E-01
    8992.916     -5.940   1.120  4.89606E-01  6.13422E-01 -1.23816E-01
    8993.263     -5.593   1.160  5.00979E-01  6.28622E-01 -1.27644E-01
    8993.623     -5.233   1.200  4.75559E-01  6.43891E-01 -1.68331E-01
    8993.995     -4.861   1.240  4.45492E-01  6.59223E-01 -2.13731E-01
    8994.379     -4.477   1.280  4.34193E-01  6.74592E-01 -2.40399E-01
    8994.775     -4.081   1.320  4.42826E-01  6.89949E-01 -2.47122E-01
    8995.183     -3.672   1.360  4.66156E-01  7.05283E-01 -2.39127E-01
    8995.604     -3.252   1.400  4.99428E-01  7.20560E-01 -2.21132E-01
    8996.037     -2.819   1.440  5.36333E-01  7.35747E-01 -1.99414E-01
    8996.482     -2.374   1.480  5.75823E-01  7.50790E-01 -1.74967E-01
    8996.939     -1.917   1.520  6.27105E-01  7.65674E-01 -1.38569E-01
    8997.408     -1.447   1.560  6.92835E-01  7.80341E-01 -8.75056E-02
    8997.890     -0.966   1.600  7.51143E-01  7.94798E-01 -4.36551E-02
    8998.384     -0.472   1.640  7.75639E-01  8.08969E-01 -3.33298E-02
    8998.890      0.034   1.680  7.67603E-01  8.22838E-01 -5.52349E-02
    8999.408      0.552   1.720  7.52134E-01  8.36371E-01 -8.42374E-02
    8999.938      1.082   1.760  7.59132E-01  8.49554E-01 -9.04223E-02
    9000.481      1.625   1.800  8.06284E-01  8.62334E-01 -5.60493E-02
    9001.035      2.180   1.840  9.06070E-01  8.74697E-01  3.13733E-02
    9001.602      2.747   1.880  1.06677E+00  8.86612E-01  1.80156E-01
    9002.181      3.326   1.920  1.26523E+00  8.98050E-01  3.67175E-01
    9002.773      3.917   1.960  1.42035E+00  9.09022E-01  5.11325E-01
    9003.376      4.521   2.000  1.44063E+00  9.19480E-01  5.21152E-01
    9003.992      5.136   2.040  1.34886E+00  9.29436E-01  4.19427E-01
    9004.620      5.764   2.080  1.26261E+00  9.38868E-01  3.23746E-01
    9005.260      6.404   2.120  1.23569E+00  9.47749E-01  2.87940E-01
    9005.912      7.056   2.160  1.24653E+00  9.56118E-01  2.90415E-01
    9006.577      7.721   2.200  1.27533E+00  9.63915E-01  3.11415E-01
    9007.253      8.398   2.240  1.31020E+00  9.71198E-01  3.39004E-01
    9007.942      9.086   2.280  1.31230E+00  9.77928E-01  3.34369E-01
    9008.643      9.787   2.320  1.26258E+00  9.84108E-01  2.78470E-01
    9009.356     10.501   2.360  1.18760E+00  9.89783E-01  1.97819E-01
    9010.082     11.226   2.400  1.09953E+00  9.94916E-01  1.04615E-01
    9010.819     11.964   2.440  1.01163E+00  9.99554E-01  1.20757E-02
    9011.569     12.714   2.480  9.51938E-01  1.00370E+00 -5.17666E-02
    9012.331     13.476   2.520  9.23120E-01  1.00737E+00 -8.42520E-02
    9013.105     14.250   2.560  9.20615E-01  1.01057E+00 -8.99506E-02
    9013.892     15.036   2.600  9.39258E-01  1.01331E+00 -7.40560E-02
    9014.690     15.835   2.640  9.62459E-01  1.01563E+00 -5.31661E-02
    9015.501     16.645   2.680  9.77493E-01  1.01753E+00 -4.00391E-02
    9016.324     17.468   2.720  9.87273E-01  1.01906E+00 -3.17890E-02
    9017.159     18.304   2.760  9.91991E-01  1.02021E+00 -2.82165E-02
    9018.007     19.151   2.800  9.91601E-01  1.02102E+00 -2.94147E-02
    9018.866     20.010   2.840  9.87495E-01  1.02148E+00 -3.39837E-02
    9019.738     20.882   2.880  9.81672E-01  1.02165E+00 -3.99760E-02
    9020.622     21.766   2.920  9.75448E-01  1.02153E+00 -4.60865E-02
    9021.518     22.662   2.960  9.69271E-01  1.02115E+00 -5.18762E-02
    9022.426     23.570   3.000  9.62356E-01  1.02052E+00 -5.81630E-02
    9023.347     24.491   3.040  9.53757E-01  1.01968E+00 -6.59214E-02
    9024.279     25.424   3.080  9.43486E-01  1.01864E+00 -7.51498E-02
    9025.224     26.369   3.120  9.32656E-01  1.01740E+00 -8.47452E-02
    9026.181     27.326   3.160  9.22635E-01  1.01600E+00 -9.33692E-02
    9027.151     28.295   3.200  9.14351E-01  1.01447E+00 -1.00123E-01
    9028.132     29.276   3.240  9.08142E-01  1.01280E+00 -1.04657E-01
    9029.126     30.270   3.280  9.03933E-01  1.01103E+00 -1.07099E-01
    9030.132     31.276   3.320  9.01701E-01  1.00918E+00 -1.07479E-01
    9031.150     32.294   3.360  9.01531E-01  1.00725E+00 -1.05720E-01
    9032.180     33.324   3.400  9.03253E-01  1.00527E+00 -1.02018E-01
    9033.222     34.366   3.440  9.06266E-01  1.00323E+00 -9.69608E-02
    9034.277     35.421   3.480  9.09962E-01  1.00117E+00 -9.12045E-02
    9035.344     36.488   3.520  9.13862E-01  9.99097E-01 -8.52345E-02
    9036.423     37.567   3.560  9.17693E-01  9.97002E-01 -7.93092E-02
    9037.514     38.658   3.600  9.21749E-01  9.94909E-01 -7.31604E-02
    9038.617     39.761   3.640  9.26609E-01  9.92844E-01 -6.62352E-02
    9039.733     40.877   3.680  9.32886E-01  9.90810E-01 -5.79243E-02
    9040.860     42.005   3.720  9.40930E-01  9.88794E-01 -4.78645E-02
    9042.000     43.145   3.760  9.50769E-01  9.86840E-01 -3.60713E-02
    9043.153     44.297   3.800  9.61712E-01  9.84931E-01 -2.32192E-02
    9044.317     45.461   3.840  9.72765E-01  9.83092E-01 -1.03262E-02
    9045.493     46.638   3.880  9.83351E-01  9.81304E-01  2.04686E-03
    9046.682     47.826   3.920  9.93768E-01  9.79592E-01  1.41764E-02
    9047.883     49.027   3.960  1.00464E+00  9.77957E-01  2.66846E-02
    9049.096     50.240   4.000  1.01624E+00  9.76425E-01  3.98135E-02
    9050.321     51.466   4.040  1.02806E+00  9.74954E-01  5.31072E-02
    9051.559     52.703   4.080  1.03936E+00  9.73587E-01  6.57778E-02
    9052.809     53.953   4.120  1.04968E+00  9.72304E-01  7.73770E-02
    9054.070     55.215   4.160  1.05929E+00  9.71107E-01  8.81805E-02
    9055.344     56.489   4.200  1.06895E+00  9.70020E-01  9.89253E-02
    9056.631     57.775   4.240  1.07940E+00  9.69042E-01  1.10356E-01
    9057.929     59.073   4.280  1.09074E+00  9.68153E-01  1.22591E-01
    9059.240     60.384   4.320  1.10201E+00  9.67351E-01  1.34659E-01
    9060.563     61.707   4.360  1.11095E+00  9.66658E-01  1.44288E-01
    9061.898     63.042   4.400  1.11419E+00  9.66077E-01  1.48114E-01
    9063.245     64.389   4.440  1.10828E+00  9.65583E-01  1.42701E-01
    9064.604     65.749   4.480  1.09127E+00  9.65175E-01  1.26093E-01
    9065.976     67.120   4.520  1.06406E+00  9.64875E-01  9.91863E-02
    9067.360     68.504   4.560  1.03035E+00  9.64662E-01  6.56871E-02
    9068.756     69.900   4.600  9.95057E-01  9.64556E-01  3.05003E-02
    9070.164     71.308   4.640  9.62450E-01  9.64534E-01 -2.08353E-03
    9071.584     72.728   4.680  9.35123E-01  9.64594E-01 -2.94707E-02
    9073.017     74.161   4.720  9.13929E-01  9.64733E-01 -5.08040E-02
    9074.461     75.606   4.760  8.98675E-01  9.64951E-01 -6.62761E-02
    9075.918     77.063   4.800  8.88891E-01  9.65247E-01 -7.63560E-02
    9077.388     78.532   4.840  8.84191E-01  9.65617E-01 -8.14257E-02
    9078.869     80.013   4.880  8.84276E-01  9.66039E-01 -8.17628E-02
    9080.362     81.507   4.920  8.88792E-01  9.66534E-01 -7.77424E-02
    9081.868     83.012   4.960  8.97388E-01  9.67099E-01 -6.97113E-02
    9083.386     84.530   5.000  9.09725E-01  9.67710E-01 -5.79857E-02
    9084.916     86.060   5.040  9.25166E-01  9.68362E-01 -4.31957E-02
    9086.458     87.603   5.080  9.42236E-01  9.69055E-01 -2.68188E-02
    9088.013     89.157   5.120  9.58506E-01  9.69787E-01 -1.12808E-02
    9089.579     90.724   5.160  9.71435E-01  9.70555E-01  8.80451E-04
    9091.158     92.303   5.200  9.79660E-01  9.71356E-01  8.30368E-03
    9092.749     93.894   5.240  9.83596E-01  9.72166E-01  1.14301E-02
    9094.353     95.497   5.280  9.84799E-01  9.72981E-01  1.18179E-02
    9095.968     97.112   5.320  9.84665E-01  9.73824E-01  1.08416E-02
    9097.596     98.740   5.360  9.83559E-01  9.74668E-01  8.89041E-03
    9099.235    100.380   5.400  9.80903E-01  9.75509E-01  5.39395E-03
    9100.887    102.032   5.440  9.76041E-01  9.76323E-01 -2.82415E-04
    9102.552    103.696   5.480  9.69254E-01  9.77131E-01 -7.87719E-03
    9104.228    105.372   5.520  9.61799E-01  9.77932E-01 -1.61328E-02
    9105.917    107.061   5.560  9.55054E-01  9.78701E-01 -2.36472E-02
    9107.617    108.762   5.600  9.49829E-01  9.79456E-01 -2.96266E-02
    9109.330    110.475   5.640  9.45885E-01  9.80151E-01 -3.42660E-02
    9111.056    112.200   5.680  9.42143E-01  9.80827E-01 -3.86840E-02
    9112.793    113.937   5.720  9.37220E-01  9.81441E-01 -4.42206E-02
    9114.542    115.687   5.760  9.30809E-01  9.82034E-01 -5.12245E-02
    9116.304    117.448   5.800  9.24036E-01  9.82558E-01 -5.85224E-02
    9118.078    119.222   5.840  9.18857E-01  9.83013E-01 -6.41561E-02
    9119.864    121.009   5.880  9.16837E-01  9.83440E-01 -6.66023E-02
    9121.663    122.807   5.920  9.18559E-01  9.83767E-01 -6.52086E-02
    9123.473    124.617   5.960  9.24425E-01  9.84056E-01 -5.96309E-02
    9125.296    126.440   6.000  9.35360E-01  9.84207E-01 -4.88467E-02
