# # comment:                                                     FEFF 9.9.1  
# # Source:
# # Structure
# # Reduced
# # space
# # abc:
# # angles:
# # sites:
# # POT  SCF 100  7.0000   0, screened core-hole, AFOLP (folp(0)= 1.150)
# # Abs   Z=29 Rmt= 1.267 Rnm= 1.336 K  shell
# # Pot 1 Z=29 Rmt= 1.268 Rnm= 1.338
# # Pot 2 Z= 8 Rmt= 1.000 Rnm= 1.082
# # Pot 3 Z=73 Rmt= 1.321 Rnm= 1.467
# # Gam_ch=1.729E+00 H-L exch Vi= 0.000E+00 Vr= 0.000E+00
# # Mu=-6.075E+00eV kf=2.253E+00 Vint=-1.657E+01eV Rs_int= 1.609
# FMS rfms= 9.0000
# # PATH  Rmax=-1.000,  Keep_limit= 0.00, Heap_limit 0.00  Pwcrit= 2.50%
#  S02=0.950  Temp=   0.00  Debye_temp=   0.00  Global_sig2= 0.00000
#  Energy zero shift, vr, vi    0.00000E+00   0.00000E+00
#  Curved wave amplitude ratio filter   4.000%
#     file         sig2 tot  cw amp ratio   deg  nlegs   reff  inp sig2
#     0/   0 paths used
#  xsedge+ 50, used to normalize mu           2.4624E-04
#  -----------------------------------------------------------------------
#  omega    e    k    mu    mu0     chi     @#
    8983.635     -9.885  -1.000  5.18091E-02  5.74565E-02 -5.64740E-03
    8983.934     -9.587  -0.960  5.52454E-02  6.17561E-02 -6.51076E-03
    8984.220     -9.300  -0.920  5.90092E-02  6.65456E-02 -7.53643E-03
    8984.495     -9.026  -0.880  6.31396E-02  7.18982E-02 -8.75863E-03
    8984.757     -8.764  -0.840  6.76803E-02  7.78994E-02 -1.02191E-02
    8985.007     -8.514  -0.800  7.26797E-02  8.46481E-02 -1.19684E-02
    8985.245     -8.276  -0.760  7.81908E-02  9.22582E-02 -1.40674E-02
    8985.470     -8.050  -0.720  8.42708E-02  1.00859E-01 -1.65878E-02
    8985.683     -7.837  -0.680  9.09792E-02  1.10591E-01 -1.96121E-02
    8985.885     -7.636  -0.640  9.83751E-02  1.21607E-01 -2.32315E-02
    8986.074     -7.447  -0.600  1.06512E-01  1.34052E-01 -2.75400E-02
    8986.250     -7.270  -0.560  1.15431E-01  1.48055E-01 -3.26237E-02
    8986.415     -7.106  -0.520  1.25149E-01  1.63691E-01 -3.85418E-02
    8986.567     -6.953  -0.480  1.35644E-01  1.80945E-01 -4.53014E-02
    8986.708     -6.813  -0.440  1.46838E-01  1.99665E-01 -5.28271E-02
    8986.836     -6.685  -0.400  1.58587E-01  2.19523E-01 -6.09366E-02
    8986.951     -6.569  -0.360  1.70664E-01  2.40000E-01 -6.93362E-02
    8987.055     -6.465  -0.320  1.82773E-01  2.60422E-01 -7.76491E-02
    8987.146     -6.374  -0.280  1.94567E-01  2.80044E-01 -8.54765E-02
    8987.226     -6.295  -0.240  2.05677E-01  2.98148E-01 -9.24708E-02
    8987.293     -6.228  -0.200  2.15744E-01  3.14137E-01 -9.83925E-02
    8987.348     -6.173  -0.160  2.24448E-01  3.27576E-01 -1.03128E-01
    8987.390     -6.130  -0.120  2.31520E-01  3.38192E-01 -1.06672E-01
    8987.421     -6.100  -0.080  2.36752E-01  3.45833E-01 -1.09082E-01
    8987.445     -6.075   0.000  2.41108E-01  3.51968E-01 -1.10860E-01
    8987.500     -6.020   0.120  2.50848E-01  3.65801E-01 -1.14953E-01
    8987.543     -5.978   0.160  2.58609E-01  3.76543E-01 -1.17934E-01
    8987.598     -5.923   0.200  2.68845E-01  3.90223E-01 -1.21378E-01
    8987.665     -5.856   0.240  2.81777E-01  4.06636E-01 -1.24859E-01
    8987.744     -5.777   0.280  2.97642E-01  4.25447E-01 -1.27805E-01
    8987.835     -5.685   0.320  3.16629E-01  4.46128E-01 -1.29499E-01
    8987.939     -5.582   0.360  3.38902E-01  4.68047E-01 -1.29145E-01
    8988.055     -5.466   0.400  3.64389E-01  4.90514E-01 -1.26125E-01
    8988.183     -5.338   0.440  3.92755E-01  5.12917E-01 -1.20162E-01
    8988.323     -5.197   0.480  4.23162E-01  5.34766E-01 -1.11604E-01
    8988.475     -5.045   0.520  4.54408E-01  5.55762E-01 -1.01354E-01
    8988.640     -4.880   0.560  4.85397E-01  5.75746E-01 -9.03488E-02
    8988.817     -4.704   0.600  5.16256E-01  5.94703E-01 -7.84468E-02
    8989.006     -4.515   0.640  5.48918E-01  6.12681E-01 -6.37631E-02
    8989.207     -4.314   0.680  5.86502E-01  6.29794E-01 -4.32920E-02
    8989.420     -4.100   0.720  6.31685E-01  6.46128E-01 -1.44433E-02
    8989.646     -3.875   0.760  6.84674E-01  6.61810E-01  2.28635E-02
    8989.884     -3.637   0.800  7.39791E-01  6.76938E-01  6.28531E-02
    8990.134     -3.387   0.840  7.82140E-01  6.91593E-01  9.05472E-02
    8990.396     -3.125   0.880  7.92221E-01  7.05843E-01  8.63779E-02
    8990.670     -2.851   0.920  7.62203E-01  7.19760E-01  4.24438E-02
    8990.956     -2.564   0.960  7.06429E-01  7.33361E-01 -2.69321E-02
    8991.255     -2.265   1.000  6.50033E-01  7.46694E-01 -9.66617E-02
    8991.566     -1.954   1.040  6.10031E-01  7.59776E-01 -1.49745E-01
    8991.889     -1.631   1.080  5.89725E-01  7.72592E-01 -1.82867E-01
    8992.224     -1.296   1.120  5.84717E-01  7.85162E-01 -2.00445E-01
    8992.572     -0.949   1.160  5.88868E-01  7.97484E-01 -2.08616E-01
    8992.932     -0.589   1.200  5.97631E-01  8.09546E-01 -2.11915E-01
    8993.303     -0.217   1.240  6.14890E-01  8.21335E-01 -2.06444E-01
    8993.687      0.167   1.280  6.54202E-01  8.32834E-01 -1.78631E-01
    8994.084      0.563   1.320  7.23569E-01  8.44063E-01 -1.20494E-01
    8994.492      0.972   1.360  8.17116E-01  8.54964E-01 -3.78481E-02
    8994.913      1.392   1.400  9.23959E-01  8.65535E-01  5.84239E-02
    8995.346      1.825   1.440  1.03025E+00  8.75754E-01  1.54493E-01
    8995.791      2.270   1.480  1.11243E+00  8.85637E-01  2.26793E-01
    8996.248      2.727   1.520  1.14039E+00  8.95143E-01  2.45245E-01
    8996.717      3.197   1.560  1.10905E+00  9.04268E-01  2.04783E-01
    8997.199      3.678   1.600  1.05934E+00  9.13012E-01  1.46328E-01
    8997.693      4.172   1.640  1.02618E+00  9.21332E-01  1.04850E-01
    8998.198      4.678   1.680  1.00385E+00  9.29267E-01  7.45787E-02
    8998.717      5.196   1.720  9.77942E-01  9.36797E-01  4.11450E-02
    8999.247      5.727   1.760  9.57300E-01  9.43900E-01  1.33996E-02
    8999.790      6.269   1.800  9.63156E-01  9.50581E-01  1.25756E-02
    9000.344      6.824   1.840  1.00168E+00  9.56860E-01  4.48226E-02
    9000.911      7.391   1.880  1.05532E+00  9.62741E-01  9.25791E-02
    9001.490      7.970   1.920  1.10301E+00  9.68205E-01  1.34801E-01
    9002.082      8.561   1.960  1.14312E+00  9.73256E-01  1.69860E-01
    9002.685      9.165   2.000  1.18229E+00  9.77943E-01  2.04349E-01
    9003.301      9.780   2.040  1.21566E+00  9.82228E-01  2.33436E-01
    9003.929     10.408   2.080  1.23308E+00  9.86157E-01  2.46925E-01
    9004.569     11.048   2.120  1.23359E+00  9.89716E-01  2.43870E-01
    9005.221     11.701   2.160  1.22688E+00  9.92934E-01  2.33949E-01
    9005.886     12.365   2.200  1.22677E+00  9.95797E-01  2.30978E-01
    9006.562     13.042   2.240  1.24400E+00  9.98373E-01  2.45622E-01
    9007.251     13.731   2.280  1.28307E+00  1.00063E+00  2.82435E-01
    9007.952     14.432   2.320  1.33576E+00  1.00259E+00  3.33162E-01
    9008.665     15.145   2.360  1.36797E+00  1.00427E+00  3.63694E-01
    9009.391     15.870   2.400  1.34068E+00  1.00570E+00  3.34984E-01
    9010.128     16.608   2.440  1.25562E+00  1.00690E+00  2.48723E-01
    9010.878     17.358   2.480  1.15298E+00  1.00786E+00  1.45123E-01
    9011.640     18.120   2.520  1.06945E+00  1.00859E+00  6.08636E-02
    9012.414     18.894   2.560  1.00988E+00  1.00915E+00  7.26633E-04
    9013.201     19.680   2.600  9.63132E-01  1.00950E+00 -4.63696E-02
    9013.999     20.479   2.640  9.20985E-01  1.00971E+00 -8.87206E-02
    9014.810     21.290   2.680  8.87962E-01  1.00975E+00 -1.21789E-01
    9015.633     22.113   2.720  8.64919E-01  1.00966E+00 -1.44746E-01
    9016.468     22.948   2.760  8.49227E-01  1.00945E+00 -1.60226E-01
    9017.315     23.795   2.800  8.39240E-01  1.00914E+00 -1.69904E-01
    9018.175     24.655   2.840  8.33134E-01  1.00872E+00 -1.75589E-01
    9019.047     25.526   2.880  8.30294E-01  1.00822E+00 -1.77921E-01
    9019.931     26.410   2.920  8.30669E-01  1.00763E+00 -1.76958E-01
    9020.827     27.306   2.960  8.33631E-01  1.00699E+00 -1.73356E-01
    9021.735     28.215   3.000  8.37582E-01  1.00628E+00 -1.68693E-01
    9022.656     29.135   3.040  8.41476E-01  1.00554E+00 -1.64067E-01
    9023.588     30.068   3.080  8.45165E-01  1.00475E+00 -1.59586E-01
    9024.533     31.013   3.120  8.49141E-01  1.00397E+00 -1.54824E-01
    9025.490     31.970   3.160  8.53613E-01  1.00315E+00 -1.49537E-01
    9026.459     32.939   3.200  8.58922E-01  1.00231E+00 -1.43386E-01
    9027.441     33.920   3.240  8.65861E-01  1.00149E+00 -1.35625E-01
    9028.435     34.914   3.280  8.75031E-01  1.00066E+00 -1.25633E-01
    9029.440     35.920   3.320  8.86983E-01  9.99848E-01 -1.12865E-01
    9030.458     36.938   3.360  9.02145E-01  9.99060E-01 -9.69144E-02
    9031.489     37.968   3.400  9.20712E-01  9.98303E-01 -7.75910E-02
    9032.531     39.011   3.440  9.42544E-01  9.97557E-01 -5.50132E-02
    9033.586     40.065   3.480  9.67467E-01  9.96845E-01 -2.93781E-02
    9034.652     41.132   3.520  9.94802E-01  9.96148E-01 -1.34607E-03
    9035.731     42.211   3.560  1.02291E+00  9.95511E-01  2.74005E-02
    9036.823     43.302   3.600  1.04907E+00  9.94915E-01  5.41545E-02
    9037.926     44.405   3.640  1.07000E+00  9.94359E-01  7.56444E-02
    9039.042     45.521   3.680  1.08271E+00  9.93844E-01  8.88656E-02
    9040.169     46.649   3.720  1.08584E+00  9.93370E-01  9.24657E-02
    9041.309     47.789   3.760  1.08025E+00  9.92941E-01  8.73097E-02
    9042.461     48.941   3.800  1.06845E+00  9.92576E-01  7.58706E-02
    9043.626     50.105   3.840  1.05349E+00  9.92257E-01  6.12351E-02
    9044.802     51.282   3.880  1.03805E+00  9.91983E-01  4.60665E-02
    9045.991     52.470   3.920  1.02413E+00  9.91775E-01  3.23573E-02
    9047.192     53.671   3.960  1.01324E+00  9.91612E-01  2.16304E-02
    9048.405     54.884   4.000  1.00647E+00  9.91490E-01  1.49816E-02
    9049.630     56.110   4.040  1.00440E+00  9.91411E-01  1.29910E-02
    9050.868     57.347   4.080  1.00687E+00  9.91375E-01  1.54949E-02
    9052.117     58.597   4.120  1.01307E+00  9.91402E-01  2.16675E-02
    9053.379     59.859   4.160  1.02166E+00  9.91451E-01  3.02045E-02
    9054.653     61.133   4.200  1.03124E+00  9.91562E-01  3.96789E-02
    9055.940     62.419   4.240  1.04049E+00  9.91713E-01  4.87777E-02
    9057.238     63.718   4.280  1.04823E+00  9.91904E-01  5.63253E-02
    9058.549     65.028   4.320  1.05342E+00  9.92110E-01  6.13126E-02
    9059.871     66.351   4.360  1.05542E+00  9.92374E-01  6.30478E-02
    9061.206     67.686   4.400  1.05405E+00  9.92653E-01  6.13988E-02
    9062.554     69.033   4.440  1.04990E+00  9.92966E-01  5.69317E-02
    9063.913     70.393   4.480  1.04404E+00  9.93313E-01  5.07262E-02
    9065.285     71.764   4.520  1.03784E+00  9.93669E-01  4.41736E-02
    9066.668     73.148   4.560  1.03270E+00  9.94056E-01  3.86474E-02
    9068.064     74.544   4.600  1.02937E+00  9.94452E-01  3.49184E-02
    9069.473     75.952   4.640  1.02767E+00  9.94876E-01  3.27964E-02
    9070.893     77.373   4.680  1.02662E+00  9.95305E-01  3.13148E-02
    9072.326     78.805   4.720  1.02507E+00  9.95738E-01  2.93304E-02
    9073.770     80.250   4.760  1.02229E+00  9.96195E-01  2.60980E-02
    9075.227     81.707   4.800  1.01802E+00  9.96631E-01  2.13867E-02
    9076.696     83.176   4.840  1.01232E+00  9.97087E-01  1.52305E-02
    9078.178     84.657   4.880  1.00516E+00  9.97521E-01  7.63697E-03
    9079.671     86.151   4.920  9.96539E-01  9.97972E-01 -1.43357E-03
    9081.177     87.656   4.960  9.86502E-01  9.98396E-01 -1.18944E-02
    9082.695     89.174   5.000  9.75441E-01  9.98792E-01 -2.33508E-02
    9084.225     90.704   5.040  9.63948E-01  9.99202E-01 -3.52538E-02
    9085.767     92.247   5.080  9.52531E-01  9.99582E-01 -4.70509E-02
    9087.322     93.801   5.120  9.41703E-01  9.99932E-01 -5.82293E-02
    9088.888     95.368   5.160  9.32043E-01  1.00029E+00 -6.82503E-02
    9090.467     96.947   5.200  9.24141E-01  1.00060E+00 -7.64589E-02
    9092.058     98.538   5.240  9.18686E-01  1.00089E+00 -8.22062E-02
    9093.661    100.141   5.280  9.16140E-01  1.00115E+00 -8.50082E-02
    9095.277    101.756   5.320  9.16648E-01  1.00137E+00 -8.47214E-02
    9096.904    103.384   5.360  9.20100E-01  1.00158E+00 -8.14771E-02
    9098.544    105.024   5.400  9.26239E-01  1.00175E+00 -7.55084E-02
    9100.196    106.676   5.440  9.34825E-01  1.00188E+00 -6.70529E-02
    9101.861    108.340   5.480  9.45638E-01  1.00197E+00 -5.63330E-02
    9103.537    110.016   5.520  9.58360E-01  1.00203E+00 -4.36664E-02
    9105.226    111.705   5.560  9.72444E-01  1.00206E+00 -2.96215E-02
    9106.926    113.406   5.600  9.87030E-01  1.00204E+00 -1.50134E-02
    9108.639    115.119   5.640  1.00134E+00  1.00200E+00 -6.63487E-04
    9110.364    116.844   5.680  1.01478E+00  1.00192E+00  1.28534E-02
    9112.102    118.581   5.720  1.02702E+00  1.00178E+00  2.52364E-02
    9113.851    120.331   5.760  1.03785E+00  1.00163E+00  3.62257E-02
    9115.613    122.093   5.800  1.04668E+00  1.00143E+00  4.52429E-02
    9117.387    123.867   5.840  1.05248E+00  1.00120E+00  5.12737E-02
    9119.173    125.653   5.880  1.05423E+00  1.00093E+00  5.32986E-02
    9120.971    127.451   5.920  1.05171E+00  1.00063E+00  5.10753E-02
    9122.782    129.261   5.960  1.04579E+00  1.00032E+00  4.54709E-02
    9124.605    131.084   6.000  1.03755E+00  9.99922E-01  3.76291E-02
