# # comment:                                                     FEFF 9.9.1  
# # Source:
# # Structure
# # Reduced
# # space
# # abc:
# # angles:
# # sites:
# # POT  SCF 100  7.0000   0, screened core-hole, AFOLP (folp(0)= 1.150)
# # Abs   Z=29 Rmt= 1.367 Rnm= 1.425 K  shell
# # Pot 1 Z= 3 Rmt= 1.274 Rnm= 1.335
# # Pot 2 Z=29 Rmt= 1.291 Rnm= 1.386
# # Pot 3 Z=15 Rmt= 0.941 Rnm= 1.155
# # Pot 4 Z= 8 Rmt= 0.917 Rnm= 1.043
# # Gam_ch=1.729E+00 H-L exch Vi= 0.000E+00 Vr= 0.000E+00
# # Mu=-6.088E+00eV kf=2.349E+00 Vint=-1.710E+01eV Rs_int= 1.544
# FMS rfms= 9.0000
# # PATH  Rmax=-1.000,  Keep_limit= 0.00, Heap_limit 0.00  Pwcrit= 2.50%
#  S02=0.950  Temp=   0.00  Debye_temp=   0.00  Global_sig2= 0.00000
#  Energy zero shift, vr, vi    0.00000E+00   0.00000E+00
#  Curved wave amplitude ratio filter   4.000%
#     file         sig2 tot  cw amp ratio   deg  nlegs   reff  inp sig2
#     0/   0 paths used
#  xsedge+ 50, used to normalize mu           2.4683E-04
#  -----------------------------------------------------------------------
#  omega    e    k    mu    mu0     chi     @#
    8983.616     -9.898  -1.000  5.25046E-02  5.53753E-02 -2.87075E-03
    8983.915     -9.599  -0.960  5.60693E-02  5.94473E-02 -3.37800E-03
    8984.201     -9.312  -0.920  6.00069E-02  6.39780E-02 -3.97106E-03
    8984.476     -9.038  -0.880  6.43714E-02  6.90355E-02 -4.66408E-03
    8984.738     -8.776  -0.840  6.92258E-02  7.46993E-02 -5.47345E-03
    8984.988     -8.526  -0.800  7.46436E-02  8.10616E-02 -6.41802E-03
    8985.225     -8.288  -0.760  8.07092E-02  8.82284E-02 -7.51919E-03
    8985.451     -8.063  -0.720  8.75186E-02  9.63195E-02 -8.80091E-03
    8985.664     -7.849  -0.680  9.51776E-02  1.05467E-01 -1.02894E-02
    8985.866     -7.648  -0.640  1.03799E-01  1.15810E-01 -1.20119E-02
    8986.055     -7.459  -0.600  1.13492E-01  1.27487E-01 -1.39953E-02
    8986.231     -7.282  -0.560  1.24352E-01  1.40615E-01 -1.62628E-02
    8986.396     -7.118  -0.520  1.36435E-01  1.55264E-01 -1.88286E-02
    8986.548     -6.965  -0.480  1.49728E-01  1.71420E-01 -2.16920E-02
    8986.689     -6.825  -0.440  1.64111E-01  1.88940E-01 -2.48294E-02
    8986.817     -6.697  -0.400  1.79330E-01  2.07518E-01 -2.81875E-02
    8986.932     -6.581  -0.360  1.94989E-01  2.26670E-01 -3.16810E-02
    8987.036     -6.478  -0.320  2.10571E-01  2.45768E-01 -3.51970E-02
    8987.127     -6.386  -0.280  2.25509E-01  2.64117E-01 -3.86073E-02
    8987.207     -6.307  -0.240  2.39261E-01  2.81046E-01 -4.17852E-02
    8987.274     -6.240  -0.200  2.51380E-01  2.96000E-01 -4.46197E-02
    8987.329     -6.185  -0.160  2.61546E-01  3.08571E-01 -4.70247E-02
    8987.371     -6.142  -0.120  2.69562E-01  3.18502E-01 -4.89408E-02
    8987.402     -6.112  -0.080  2.75319E-01  3.25653E-01 -5.03340E-02
    8987.426     -6.088   0.000  2.79911E-01  3.31396E-01 -5.14850E-02
    8987.481     -6.033   0.120  2.90134E-01  3.44336E-01 -5.42021E-02
    8987.524     -5.990   0.160  2.98112E-01  3.54371E-01 -5.62590E-02
    8987.579     -5.935   0.200  3.08317E-01  3.67186E-01 -5.88683E-02
    8987.646     -5.868   0.240  3.20575E-01  3.82572E-01 -6.19970E-02
    8987.725     -5.789   0.280  3.34623E-01  4.00205E-01 -6.55825E-02
    8987.816     -5.697   0.320  3.50094E-01  4.19610E-01 -6.95161E-02
    8987.920     -5.594   0.360  3.66496E-01  4.40182E-01 -7.36862E-02
    8988.036     -5.478   0.400  3.83342E-01  4.61322E-01 -7.79803E-02
    8988.164     -5.350   0.440  4.00080E-01  4.82445E-01 -8.23649E-02
    8988.304     -5.210   0.480  4.16142E-01  5.03093E-01 -8.69511E-02
    8988.456     -5.057   0.520  4.30961E-01  5.23011E-01 -9.20500E-02
    8988.621     -4.893   0.560  4.43950E-01  5.42032E-01 -9.80823E-02
    8988.798     -4.716   0.600  4.54816E-01  5.60167E-01 -1.05351E-01
    8988.987     -4.527   0.640  4.63805E-01  5.77461E-01 -1.13656E-01
    8989.188     -4.326   0.680  4.71957E-01  5.94020E-01 -1.22063E-01
    8989.401     -4.113   0.720  4.80841E-01  6.09925E-01 -1.29084E-01
    8989.627     -3.887   0.760  4.92198E-01  6.25316E-01 -1.33118E-01
    8989.865     -3.649   0.800  5.07414E-01  6.40264E-01 -1.32850E-01
    8990.114     -3.399   0.840  5.27539E-01  6.54868E-01 -1.27328E-01
    8990.377     -3.137   0.880  5.52985E-01  6.69189E-01 -1.16205E-01
    8990.651     -2.863   0.920  5.82682E-01  6.83297E-01 -1.00615E-01
    8990.937     -2.576   0.960  6.12803E-01  6.97226E-01 -8.44232E-02
    8991.236     -2.278   1.000  6.37906E-01  7.11001E-01 -7.30951E-02
    8991.547     -1.967   1.040  6.55733E-01  7.24615E-01 -6.88820E-02
    8991.870     -1.644   1.080  6.70674E-01  7.38115E-01 -6.74414E-02
    8992.205     -1.308   1.120  6.90695E-01  7.51480E-01 -6.07855E-02
    8992.553     -0.961   1.160  7.21297E-01  7.64722E-01 -4.34249E-02
    8992.913     -0.601   1.200  7.61915E-01  7.77807E-01 -1.58921E-02
    8993.284     -0.229   1.240  8.07030E-01  7.90742E-01  1.62885E-02
    8993.668      0.155   1.280  8.51600E-01  8.03486E-01  4.81140E-02
    8994.065      0.551   1.320  8.95537E-01  8.16059E-01  7.94780E-02
    8994.473      0.959   1.360  9.40197E-01  8.28416E-01  1.11782E-01
    8994.894      1.380   1.400  9.85145E-01  8.40511E-01  1.44634E-01
    8995.327      1.813   1.440  1.03104E+00  8.52378E-01  1.78663E-01
    8995.772      2.258   1.480  1.08039E+00  8.63950E-01  2.16440E-01
    8996.229      2.715   1.520  1.13687E+00  8.75199E-01  2.61670E-01
    8996.698      3.184   1.560  1.20009E+00  8.86139E-01  3.13951E-01
    8997.180      3.666   1.600  1.26215E+00  8.96739E-01  3.65416E-01
    8997.673      4.160   1.640  1.31003E+00  9.06953E-01  4.03082E-01
    8998.179      4.666   1.680  1.33010E+00  9.16795E-01  4.13310E-01
    8998.698      5.184   1.720  1.32049E+00  9.26238E-01  3.94256E-01
    8999.228      5.714   1.760  1.28949E+00  9.35257E-01  3.54230E-01
    8999.770      6.257   1.800  1.24236E+00  9.43846E-01  2.98518E-01
    9000.325      6.811   1.840  1.18276E+00  9.52001E-01  2.30755E-01
    9000.892      7.378   1.880  1.12188E+00  9.59722E-01  1.62162E-01
    9001.471      7.958   1.920  1.07677E+00  9.66964E-01  1.09809E-01
    9002.063      8.549   1.960  1.05939E+00  9.73788E-01  8.56020E-02
    9002.666      9.152   2.000  1.06886E+00  9.80133E-01  8.87260E-02
    9003.282      9.768   2.040  1.08978E+00  9.86021E-01  1.03756E-01
    9003.910     10.396   2.080  1.10195E+00  9.91473E-01  1.10481E-01
    9004.550     11.036   2.120  1.09323E+00  9.96474E-01  9.67573E-02
    9005.202     11.688   2.160  1.06379E+00  1.00103E+00  6.27652E-02
    9005.866     12.353   2.200  1.02348E+00  1.00516E+00  1.83262E-02
    9006.543     13.029   2.240  9.87175E-01  1.00887E+00 -2.16921E-02
    9007.232     13.718   2.280  9.65632E-01  1.01217E+00 -4.65351E-02
    9007.933     14.419   2.320  9.58178E-01  1.01506E+00 -5.68840E-02
    9008.646     15.132   2.360  9.55418E-01  1.01758E+00 -6.21645E-02
    9009.372     15.858   2.400  9.49432E-01  1.01975E+00 -7.03210E-02
    9010.109     16.596   2.440  9.41853E-01  1.02156E+00 -7.97094E-02
    9010.859     17.345   2.480  9.38331E-01  1.02302E+00 -8.46874E-02
    9011.621     18.107   2.520  9.38034E-01  1.02419E+00 -8.61596E-02
    9012.395     18.881   2.560  9.36065E-01  1.02503E+00 -8.89693E-02
    9013.182     19.668   2.600  9.32463E-01  1.02563E+00 -9.31676E-02
    9013.980     20.466   2.640  9.30385E-01  1.02593E+00 -9.55471E-02
    9014.791     21.277   2.680  9.30870E-01  1.02601E+00 -9.51371E-02
    9015.614     22.100   2.720  9.32171E-01  1.02587E+00 -9.36969E-02
    9016.449     22.935   2.760  9.32688E-01  1.02550E+00 -9.28134E-02
    9017.296     23.783   2.800  9.32501E-01  1.02496E+00 -9.24568E-02
    9018.156     24.642   2.840  9.33123E-01  1.02425E+00 -9.11218E-02
    9019.028     25.514   2.880  9.34995E-01  1.02337E+00 -8.83798E-02
    9019.912     26.398   2.920  9.37478E-01  1.02237E+00 -8.48960E-02
    9020.808     27.294   2.960  9.40051E-01  1.02125E+00 -8.11987E-02
    9021.716     28.202   3.000  9.42734E-01  1.02003E+00 -7.72986E-02
    9022.636     29.123   3.040  9.45671E-01  1.01871E+00 -7.30374E-02
    9023.569     30.055   3.080  9.49149E-01  1.01732E+00 -6.81747E-02
    9024.514     31.000   3.120  9.53479E-01  1.01587E+00 -6.23878E-02
    9025.471     31.957   3.160  9.58842E-01  1.01437E+00 -5.55233E-02
    9026.440     32.927   3.200  9.65169E-01  1.01282E+00 -4.76563E-02
    9027.422     33.908   3.240  9.72238E-01  1.01127E+00 -3.90341E-02
    9028.415     34.902   3.280  9.79572E-01  1.00971E+00 -3.01409E-02
    9029.421     35.908   3.320  9.86576E-01  1.00813E+00 -2.15553E-02
    9030.439     36.926   3.360  9.93216E-01  1.00658E+00 -1.33592E-02
    9031.470     37.956   3.400  9.99838E-01  1.00505E+00 -5.21063E-03
    9032.512     38.998   3.440  1.00695E+00  1.00353E+00  3.41045E-03
    9033.567     40.053   3.480  1.01497E+00  1.00206E+00  1.29118E-02
    9034.633     41.120   3.520  1.02393E+00  1.00064E+00  2.32887E-02
    9035.712     42.199   3.560  1.03337E+00  9.99249E-01  3.41181E-02
    9036.804     43.290   3.600  1.04277E+00  9.97925E-01  4.48459E-02
    9037.907     44.393   3.640  1.05174E+00  9.96671E-01  5.50684E-02
    9039.022     45.509   3.680  1.06002E+00  9.95467E-01  6.45493E-02
    9040.150     46.636   3.720  1.06739E+00  9.94338E-01  7.30532E-02
    9041.290     47.776   3.760  1.07351E+00  9.93264E-01  8.02500E-02
    9042.442     48.929   3.800  1.07797E+00  9.92291E-01  8.56788E-02
    9043.607     50.093   3.840  1.08029E+00  9.91397E-01  8.88885E-02
    9044.783     51.269   3.880  1.08031E+00  9.90583E-01  8.97252E-02
    9045.972     52.458   3.920  1.07815E+00  9.89828E-01  8.83173E-02
    9047.173     53.659   3.960  1.07407E+00  9.89177E-01  8.48918E-02
    9048.386     54.872   4.000  1.06824E+00  9.88610E-01  7.96271E-02
    9049.611     56.097   4.040  1.06082E+00  9.88146E-01  7.26746E-02
    9050.849     57.335   4.080  1.05180E+00  9.87742E-01  6.40582E-02
    9052.098     58.585   4.120  1.04121E+00  9.87420E-01  5.37930E-02
    9053.360     59.846   4.160  1.02924E+00  9.87200E-01  4.20357E-02
    9054.634     61.121   4.200  1.01618E+00  9.87040E-01  2.91377E-02
    9055.920     62.407   4.240  1.00254E+00  9.86978E-01  1.55633E-02
    9057.219     63.705   4.280  9.88839E-01  9.86975E-01  1.86386E-03
    9058.530     65.016   4.320  9.75600E-01  9.87049E-01 -1.14483E-02
    9059.852     66.339   4.360  9.63262E-01  9.87198E-01 -2.39357E-02
    9061.187     67.674   4.400  9.52202E-01  9.87422E-01 -3.52194E-02
    9062.535     69.021   4.440  9.42687E-01  9.87697E-01 -4.50105E-02
    9063.894     70.380   4.480  9.34943E-01  9.88042E-01 -5.30989E-02
    9065.266     71.752   4.520  9.29144E-01  9.88434E-01 -5.92904E-02
    9066.649     73.136   4.560  9.25449E-01  9.88873E-01 -6.34234E-02
    9068.045     74.532   4.600  9.23886E-01  9.89377E-01 -6.54912E-02
    9069.454     75.940   4.640  9.24352E-01  9.89924E-01 -6.55712E-02
    9070.874     77.360   4.680  9.26719E-01  9.90508E-01 -6.37894E-02
    9072.306     78.793   4.720  9.30848E-01  9.91109E-01 -6.02607E-02
    9073.751     80.237   4.760  9.36683E-01  9.91766E-01 -5.50823E-02
    9075.208     81.694   4.800  9.44012E-01  9.92434E-01 -4.84225E-02
    9076.677     83.164   4.840  9.52460E-01  9.93109E-01 -4.06483E-02
    9078.159     84.645   4.880  9.61618E-01  9.93809E-01 -3.21911E-02
    9079.652     86.138   4.920  9.71098E-01  9.94514E-01 -2.34164E-02
    9081.158     87.644   4.960  9.80707E-01  9.95218E-01 -1.45114E-02
    9082.676     89.162   5.000  9.90367E-01  9.95897E-01 -5.52982E-03
    9084.206     90.692   5.040  9.99992E-01  9.96593E-01  3.39930E-03
    9085.748     92.234   5.080  1.00922E+00  9.97263E-01  1.19546E-02
    9087.303     93.789   5.120  1.01756E+00  9.97925E-01  1.96314E-02
    9088.869     95.355   5.160  1.02442E+00  9.98576E-01  2.58481E-02
    9090.448     96.934   5.200  1.02926E+00  9.99170E-01  3.00933E-02
    9092.039     98.525   5.240  1.03175E+00  9.99748E-01  3.20045E-02
    9093.642    100.129   5.280  1.03162E+00  1.00029E+00  3.13288E-02
    9095.258    101.744   5.320  1.02860E+00  1.00079E+00  2.78183E-02
    9096.885    103.372   5.360  1.02256E+00  1.00124E+00  2.13176E-02
    9098.525    105.012   5.400  1.01379E+00  1.00166E+00  1.21314E-02
    9100.177    106.664   5.440  1.00331E+00  1.00203E+00  1.28341E-03
    9101.841    108.328   5.480  9.92696E-01  1.00233E+00 -9.63478E-03
    9103.518    110.004   5.520  9.83630E-01  1.00258E+00 -1.89520E-02
    9105.206    111.693   5.560  9.77338E-01  1.00276E+00 -2.54247E-02
    9106.907    113.393   5.600  9.74437E-01  1.00290E+00 -2.84595E-02
    9108.620    115.106   5.640  9.74958E-01  1.00298E+00 -2.80232E-02
    9110.345    116.832   5.680  9.78532E-01  1.00299E+00 -2.44606E-02
    9112.083    118.569   5.720  9.84579E-01  1.00293E+00 -1.83532E-02
    9113.832    120.319   5.760  9.92441E-01  1.00282E+00 -1.03833E-02
    9115.594    122.080   5.800  1.00151E+00  1.00267E+00 -1.16046E-03
    9117.368    123.854   5.840  1.01134E+00  1.00244E+00  8.89644E-03
    9119.154    125.640   5.880  1.02157E+00  1.00215E+00  1.94290E-02
    9120.952    127.439   5.920  1.03163E+00  1.00180E+00  2.98238E-02
    9122.763    129.249   5.960  1.04038E+00  1.00142E+00  3.89692E-02
    9124.586    131.072   6.000  1.04636E+00  1.00092E+00  4.54486E-02
