# # comment:                                                     FEFF 9.9.1  
# # Source:
# # Structure
# # Reduced
# # space
# # abc:
# # angles:
# # sites:
# # POT  SCF 100  7.0000   0, screened core-hole, AFOLP (folp(0)= 1.150)
# # Abs   Z=29 Rmt= 1.287 Rnm= 1.352 K  shell
# # Pot 1 Z=29 Rmt= 1.287 Rnm= 1.352
# # Pot 2 Z= 6 Rmt= 0.774 Rnm= 0.975
# # Pot 3 Z= 8 Rmt= 0.795 Rnm= 1.009
# # Gam_ch=1.729E+00 H-L exch Vi= 0.000E+00 Vr= 0.000E+00
# # Mu=-8.874E+00eV kf=2.757E+00 Vint=-2.001E+01eV Rs_int= 1.315
# FMS rfms= 9.0000
# # PATH  Rmax=-1.000,  Keep_limit= 0.00, Heap_limit 0.00  Pwcrit= 2.50%
#  S02=0.950  Temp=   0.00  Debye_temp=   0.00  Global_sig2= 0.00000
#  Energy zero shift, vr, vi    0.00000E+00   0.00000E+00
#  Curved wave amplitude ratio filter   4.000%
#     file         sig2 tot  cw amp ratio   deg  nlegs   reff  inp sig2
#     0/   0 paths used
#  xsedge+ 50, used to normalize mu           2.5561E-04
#  -----------------------------------------------------------------------
#  omega    e    k    mu    mu0     chi     @#
    8983.265    -12.684  -1.000  3.39574E-02  4.38406E-02 -9.88319E-03
    8983.564    -12.386  -0.960  3.57261E-02  4.68412E-02 -1.11151E-02
    8983.850    -12.099  -0.920  3.76368E-02  5.01662E-02 -1.25294E-02
    8984.125    -11.825  -0.880  3.97068E-02  5.38631E-02 -1.41563E-02
    8984.387    -11.563  -0.840  4.19564E-02  5.79873E-02 -1.60309E-02
    8984.637    -11.313  -0.800  4.44086E-02  6.26028E-02 -1.81942E-02
    8984.874    -11.075  -0.760  4.70898E-02  6.77834E-02 -2.06936E-02
    8985.100    -10.849  -0.720  5.00298E-02  7.36123E-02 -2.35824E-02
    8985.313    -10.636  -0.680  5.32611E-02  8.01811E-02 -2.69200E-02
    8985.515    -10.435  -0.640  5.68177E-02  8.75868E-02 -3.07691E-02
    8985.704    -10.246  -0.600  6.07323E-02  9.59242E-02 -3.51919E-02
    8985.880    -10.069  -0.560  6.50320E-02  1.05275E-01 -4.02426E-02
    8986.045     -9.905  -0.520  6.97306E-02  1.15686E-01 -4.59554E-02
    8986.197     -9.752  -0.480  7.48188E-02  1.27147E-01 -5.23284E-02
    8986.337     -9.612  -0.440  8.02524E-02  1.39557E-01 -5.93050E-02
    8986.466     -9.484  -0.400  8.59429E-02  1.52701E-01 -6.67580E-02
    8986.581     -9.368  -0.360  9.17544E-02  1.66239E-01 -7.44849E-02
    8986.685     -9.264  -0.320  9.75115E-02  1.79733E-01 -8.22211E-02
    8986.776     -9.173  -0.280  1.03020E-01  1.92693E-01 -8.96728E-02
    8986.856     -9.094  -0.240  1.08093E-01  2.04652E-01 -9.65581E-02
    8986.923     -9.027  -0.200  1.12574E-01  2.15216E-01 -1.02642E-01
    8986.978     -8.972  -0.160  1.16345E-01  2.24101E-01 -1.07755E-01
    8987.020     -8.929  -0.120  1.19333E-01  2.31122E-01 -1.11789E-01
    8987.051     -8.899  -0.080  1.21493E-01  2.36179E-01 -1.14687E-01
    8987.075     -8.874   0.000  1.23243E-01  2.40243E-01 -1.17000E-01
    8987.130     -8.819   0.120  1.27120E-01  2.49394E-01 -1.22274E-01
    8987.173     -8.777   0.160  1.30131E-01  2.56512E-01 -1.26381E-01
    8987.228     -8.722   0.200  1.33975E-01  2.65604E-01 -1.31629E-01
    8987.295     -8.655   0.240  1.38567E-01  2.76521E-01 -1.37953E-01
    8987.374     -8.576   0.280  1.43827E-01  2.89043E-01 -1.45215E-01
    8987.465     -8.484   0.320  1.49646E-01  3.02882E-01 -1.53236E-01
    8987.569     -8.381   0.360  1.55839E-01  3.17599E-01 -1.61760E-01
    8987.685     -8.265   0.400  1.62216E-01  3.32768E-01 -1.70552E-01
    8987.813     -8.137   0.440  1.68694E-01  3.48021E-01 -1.79328E-01
    8987.953     -7.997   0.480  1.75206E-01  3.63041E-01 -1.87835E-01
    8988.105     -7.844   0.520  1.81879E-01  3.77639E-01 -1.95760E-01
    8988.270     -7.680   0.560  1.89004E-01  3.91753E-01 -2.02749E-01
    8988.447     -7.503   0.600  1.96900E-01  4.05340E-01 -2.08441E-01
    8988.636     -7.314   0.640  2.06010E-01  4.18490E-01 -2.12480E-01
    8988.837     -7.113   0.680  2.16684E-01  4.31241E-01 -2.14557E-01
    8989.050     -6.899   0.720  2.29256E-01  4.43702E-01 -2.14446E-01
    8989.276     -6.674   0.760  2.44019E-01  4.55961E-01 -2.11942E-01
    8989.513     -6.436   0.800  2.61088E-01  4.68081E-01 -2.06993E-01
    8989.763     -6.186   0.840  2.80388E-01  4.80135E-01 -1.99747E-01
    8990.026     -5.924   0.880  3.01658E-01  4.92185E-01 -1.90527E-01
    8990.300     -5.650   0.920  3.24965E-01  5.04264E-01 -1.79299E-01
    8990.586     -5.363   0.960  3.50850E-01  5.16436E-01 -1.65587E-01
    8990.885     -5.064   1.000  3.78916E-01  5.28717E-01 -1.49802E-01
    8991.196     -4.753   1.040  4.05821E-01  5.41116E-01 -1.35295E-01
    8991.519     -4.430   1.080  4.25607E-01  5.53676E-01 -1.28069E-01
    8991.854     -4.095   1.120  4.34801E-01  5.66374E-01 -1.31573E-01
    8992.202     -3.748   1.160  4.36957E-01  5.79243E-01 -1.42286E-01
    8992.561     -3.388   1.200  4.39782E-01  5.92292E-01 -1.52510E-01
    8992.933     -3.016   1.240  4.50330E-01  6.05469E-01 -1.55139E-01
    8993.317     -2.632   1.280  4.72464E-01  6.18816E-01 -1.46353E-01
    8993.714     -2.236   1.320  5.05001E-01  6.32293E-01 -1.27292E-01
    8994.122     -1.827   1.360  5.44370E-01  6.45898E-01 -1.01528E-01
    8994.543     -1.407   1.400  5.89208E-01  6.59607E-01 -7.03996E-02
    8994.975     -0.974   1.440  6.38695E-01  6.73416E-01 -3.47208E-02
    8995.420     -0.529   1.480  6.89458E-01  6.87298E-01  2.16028E-03
    8995.878     -0.072   1.520  7.38973E-01  7.01223E-01  3.77500E-02
    8996.347      0.398   1.560  7.85893E-01  7.15162E-01  7.07317E-02
    8996.829      0.879   1.600  8.26903E-01  7.29123E-01  9.77791E-02
    8997.322      1.373   1.640  8.61338E-01  7.43038E-01  1.18300E-01
    8997.828      1.879   1.680  8.94628E-01  7.56893E-01  1.37735E-01
    8998.347      2.397   1.720  9.32167E-01  7.70673E-01  1.61494E-01
    8998.877      2.927   1.760  9.69907E-01  7.84326E-01  1.85581E-01
    8999.419      3.470   1.800  9.94932E-01  7.97818E-01  1.97114E-01
    8999.974      4.025   1.840  1.00254E+00  8.11155E-01  1.91381E-01
    9000.541      4.592   1.880  1.00153E+00  8.24283E-01  1.77243E-01
    9001.120      5.171   1.920  9.99537E-01  8.37146E-01  1.62391E-01
    9001.712      5.762   1.960  9.96060E-01  8.49770E-01  1.46290E-01
    9002.315      6.366   2.000  9.89790E-01  8.62063E-01  1.27728E-01
    9002.931      6.981   2.040  9.84946E-01  8.74049E-01  1.10897E-01
    9003.559      7.609   2.080  9.92976E-01  8.85676E-01  1.07300E-01
    9004.199      8.249   2.120  1.02211E+00  8.96911E-01  1.25202E-01
    9004.851      8.902   2.160  1.06126E+00  9.07741E-01  1.53515E-01
    9005.515      9.566   2.200  1.08432E+00  9.18116E-01  1.66204E-01
    9006.192     10.243   2.240  1.08304E+00  9.28065E-01  1.54978E-01
    9006.881     10.931   2.280  1.07375E+00  9.37540E-01  1.36206E-01
    9007.582     11.633   2.320  1.07105E+00  9.46512E-01  1.24542E-01
    9008.295     12.346   2.360  1.07995E+00  9.54973E-01  1.24973E-01
    9009.021     13.071   2.400  1.09429E+00  9.62940E-01  1.31351E-01
    9009.758     13.809   2.440  1.09914E+00  9.70367E-01  1.28771E-01
    9010.508     14.559   2.480  1.08886E+00  9.77250E-01  1.11608E-01
    9011.270     15.321   2.520  1.07572E+00  9.83609E-01  9.21086E-02
    9012.044     16.095   2.560  1.07334E+00  9.89442E-01  8.38954E-02
    9012.831     16.881   2.600  1.08228E+00  9.94710E-01  8.75701E-02
    9013.629     17.680   2.640  1.09636E+00  9.99474E-01  9.68842E-02
    9014.440     18.490   2.680  1.11067E+00  1.00368E+00  1.06993E-01
    9015.263     19.313   2.720  1.12076E+00  1.00739E+00  1.13373E-01
    9016.098     20.149   2.760  1.11792E+00  1.01059E+00  1.07330E-01
    9016.945     20.996   2.800  1.09603E+00  1.01329E+00  8.27403E-02
    9017.805     21.855   2.840  1.05818E+00  1.01551E+00  4.26743E-02
    9018.677     22.727   2.880  1.01196E+00  1.01728E+00 -5.31655E-03
    9019.561     23.611   2.920  9.65323E-01  1.01859E+00 -5.32660E-02
    9020.457     24.507   2.960  9.23065E-01  1.01947E+00 -9.64059E-02
    9021.365     25.416   3.000  8.86686E-01  1.01995E+00 -1.33267E-01
    9022.285     26.336   3.040  8.58700E-01  1.02005E+00 -1.61348E-01
    9023.218     27.269   3.080  8.43175E-01  1.01980E+00 -1.76629E-01
    9024.163     28.214   3.120  8.44380E-01  1.01920E+00 -1.74816E-01
    9025.120     29.171   3.160  8.54539E-01  1.01829E+00 -1.63754E-01
    9026.089     30.140   3.200  8.66182E-01  1.01711E+00 -1.50925E-01
    9027.071     31.121   3.240  8.78115E-01  1.01563E+00 -1.37516E-01
    9028.064     32.115   3.280  8.89908E-01  1.01394E+00 -1.24027E-01
    9029.070     33.121   3.320  9.01505E-01  1.01203E+00 -1.10529E-01
    9030.088     34.139   3.360  9.12860E-01  1.00991E+00 -9.70544E-02
    9031.119     35.169   3.400  9.23934E-01  1.00763E+00 -8.36959E-02
    9032.161     36.211   3.440  9.34795E-01  1.00519E+00 -7.03955E-02
    9033.216     37.266   3.480  9.45362E-01  1.00263E+00 -5.72671E-02
    9034.282     38.333   3.520  9.55261E-01  9.99977E-01 -4.47159E-02
    9035.361     39.412   3.560  9.63767E-01  9.97222E-01 -3.34556E-02
    9036.452     40.503   3.600  9.70130E-01  9.94414E-01 -2.42840E-02
    9037.556     41.606   3.640  9.74170E-01  9.91562E-01 -1.73921E-02
    9038.671     42.722   3.680  9.76050E-01  9.88674E-01 -1.26244E-02
    9039.799     43.850   3.720  9.76226E-01  9.85779E-01 -9.55274E-03
    9040.939     44.990   3.760  9.75364E-01  9.82869E-01 -7.50484E-03
    9042.091     46.142   3.800  9.74134E-01  9.79999E-01 -5.86492E-03
    9043.256     47.306   3.840  9.73043E-01  9.77146E-01 -4.10261E-03
    9044.432     48.483   3.880  9.72543E-01  9.74342E-01 -1.79913E-03
    9045.621     49.671   3.920  9.72874E-01  9.71597E-01  1.27703E-03
    9046.822     50.872   3.960  9.74048E-01  9.68927E-01  5.12032E-03
    9048.035     52.085   4.000  9.75951E-01  9.66332E-01  9.61919E-03
    9049.260     53.311   4.040  9.78460E-01  9.63822E-01  1.46381E-02
    9050.498     54.548   4.080  9.81535E-01  9.61427E-01  2.01086E-02
    9051.747     55.798   4.120  9.85122E-01  9.59114E-01  2.60086E-02
    9053.009     57.060   4.160  9.89239E-01  9.56911E-01  3.23271E-02
    9054.283     58.334   4.200  9.93804E-01  9.54830E-01  3.89739E-02
    9055.569     59.620   4.240  9.98624E-01  9.52887E-01  4.57366E-02
    9056.868     60.918   4.280  1.00341E+00  9.51044E-01  5.23665E-02
    9058.179     62.229   4.320  1.00790E+00  9.49346E-01  5.85593E-02
    9059.501     63.552   4.360  1.01176E+00  9.47792E-01  6.39693E-02
    9060.836     64.887   4.400  1.01464E+00  9.46343E-01  6.82940E-02
    9062.184     66.234   4.440  1.01635E+00  9.45062E-01  7.12908E-02
    9063.543     67.594   4.480  1.01666E+00  9.43908E-01  7.27524E-02
    9064.915     68.965   4.520  1.01539E+00  9.42881E-01  7.25091E-02
    9066.298     70.349   4.560  1.01247E+00  9.42022E-01  7.04439E-02
    9067.694     71.745   4.600  1.00773E+00  9.41270E-01  6.64584E-02
    9069.103     73.153   4.640  1.00126E+00  9.40685E-01  6.05747E-02
    9070.523     74.573   4.680  9.93185E-01  9.40205E-01  5.29805E-02
    9071.955     76.006   4.720  9.83782E-01  9.39870E-01  4.39123E-02
    9073.400     77.451   4.760  9.73324E-01  9.39680E-01  3.36438E-02
    9074.857     78.908   4.800  9.62117E-01  9.39611E-01  2.25061E-02
    9076.326     80.377   4.840  9.50568E-01  9.39660E-01  1.09078E-02
    9077.808     81.858   4.880  9.39204E-01  9.39805E-01 -6.00886E-04
    9079.301     83.352   4.920  9.28697E-01  9.40087E-01 -1.13904E-02
    9080.807     84.857   4.960  9.19599E-01  9.40483E-01 -2.08844E-02
    9082.325     86.375   5.000  9.12279E-01  9.40969E-01 -2.86903E-02
    9083.855     87.905   5.040  9.06880E-01  9.41563E-01 -3.46832E-02
    9085.397     89.448   5.080  9.03301E-01  9.42242E-01 -3.89412E-02
    9086.952     91.002   5.120  9.01359E-01  9.43023E-01 -4.16633E-02
    9088.518     92.569   5.160  9.00802E-01  9.43860E-01 -4.30585E-02
    9090.097     94.148   5.200  9.01421E-01  9.44771E-01 -4.33503E-02
    9091.688     95.739   5.240  9.02961E-01  9.45754E-01 -4.27929E-02
    9093.291     97.342   5.280  9.05114E-01  9.46785E-01 -4.16706E-02
    9094.907     98.957   5.320  9.07588E-01  9.47881E-01 -4.02929E-02
    9096.534    100.585   5.360  9.10080E-01  9.49016E-01 -3.89361E-02
    9098.174    102.225   5.400  9.12363E-01  9.50164E-01 -3.78010E-02
    9099.826    103.877   5.440  9.14391E-01  9.51343E-01 -3.69522E-02
    9101.490    105.541   5.480  9.16200E-01  9.52530E-01 -3.63296E-02
    9103.167    107.217   5.520  9.17963E-01  9.53742E-01 -3.57791E-02
    9104.855    108.906   5.560  9.19905E-01  9.54955E-01 -3.50501E-02
    9106.556    110.607   5.600  9.22341E-01  9.56140E-01 -3.37997E-02
    9108.269    112.320   5.640  9.25682E-01  9.57319E-01 -3.16367E-02
    9109.994    114.045   5.680  9.30248E-01  9.58485E-01 -2.82368E-02
    9111.732    115.782   5.720  9.36099E-01  9.59594E-01 -2.34952E-02
    9113.481    117.532   5.760  9.43034E-01  9.60682E-01 -1.76486E-02
    9115.243    119.294   5.800  9.50435E-01  9.61704E-01 -1.12695E-02
    9117.017    121.067   5.840  9.57571E-01  9.62679E-01 -5.10784E-03
    9118.803    122.854   5.880  9.63749E-01  9.63601E-01  1.48637E-04
    9120.601    124.652   5.920  9.68497E-01  9.64439E-01  4.05782E-03
    9122.412    126.462   5.960  9.71629E-01  9.65176E-01  6.45348E-03
    9124.235    128.285   6.000  9.73231E-01  9.65794E-01  7.43734E-03
