# # comment:                                                     FEFF 9.9.1  
# # Source:
# # Structure
# # Reduced
# # space
# # abc:
# # angles:142.949411
# # sites:
# # POT  SCF 100  7.0000   0, screened core-hole, AFOLP (folp(0)= 1.150)
# # Abs   Z=29 Rmt= 1.201 Rnm= 1.267 K  shell
# # Pot 1 Z=20 Rmt= 1.638 Rnm= 1.705
# # Pot 2 Z=13 Rmt= 1.107 Rnm= 1.294
# # Pot 3 Z=29 Rmt= 1.201 Rnm= 1.267
# # Pot 4 Z= 8 Rmt= 1.059 Rnm= 1.108
# # Gam_ch=1.729E+00 H-L exch Vi= 0.000E+00 Vr= 0.000E+00
# # Mu=-1.162E+01eV kf=2.092E+00 Vint=-1.981E+01eV Rs_int= 1.733
# FMS rfms= 9.0000
# # PATH  Rmax=-1.000,  Keep_limit= 0.00, Heap_limit 0.00  Pwcrit= 2.50%
#  S02=0.950  Temp=   0.00  Debye_temp=   0.00  Global_sig2= 0.00000
#  Energy zero shift, vr, vi    0.00000E+00   0.00000E+00
#  Curved wave amplitude ratio filter   4.000%
#     file         sig2 tot  cw amp ratio   deg  nlegs   reff  inp sig2
#     0/   0 paths used
#  xsedge+ 50, used to normalize mu           2.4588E-04
#  -----------------------------------------------------------------------
#  omega    e    k    mu    mu0     chi     @#
    8986.400    -15.430  -1.000  3.11751E-02  5.26213E-02 -2.14463E-02
    8986.699    -15.131  -0.960  3.25383E-02  5.63956E-02 -2.38572E-02
    8986.985    -14.845  -0.920  3.39929E-02  6.05848E-02 -2.65918E-02
    8987.259    -14.570  -0.880  3.55501E-02  6.52495E-02 -2.96994E-02
    8987.522    -14.308  -0.840  3.72230E-02  7.04602E-02 -3.32372E-02
    8987.771    -14.058  -0.800  3.90272E-02  7.62985E-02 -3.72713E-02
    8988.009    -13.821  -0.760  4.09804E-02  8.28580E-02 -4.18775E-02
    8988.235    -13.595  -0.720  4.31032E-02  9.02442E-02 -4.71411E-02
    8988.448    -13.382  -0.680  4.54178E-02  9.85735E-02 -5.31557E-02
    8988.649    -13.181  -0.640  4.79482E-02  1.07968E-01 -6.00201E-02
    8988.838    -12.992  -0.600  5.07179E-02  1.18549E-01 -6.78311E-02
    8989.015    -12.815  -0.560  5.37468E-02  1.30418E-01 -7.66710E-02
    8989.180    -12.650  -0.520  5.70468E-02  1.43635E-01 -8.65884E-02
    8989.332    -12.498  -0.480  6.06152E-02  1.58187E-01 -9.75715E-02
    8989.472    -12.358  -0.440  6.44272E-02  1.73945E-01 -1.09518E-01
    8989.600    -12.230  -0.400  6.84293E-02  1.90637E-01 -1.22208E-01
    8989.716    -12.114  -0.360  7.25360E-02  2.07835E-01 -1.35299E-01
    8989.820    -12.010  -0.320  7.66339E-02  2.24982E-01 -1.48348E-01
    8989.911    -11.919  -0.280  8.05927E-02  2.41459E-01 -1.60866E-01
    8989.990    -11.839  -0.240  8.42804E-02  2.56671E-01 -1.72391E-01
    8990.057    -11.772  -0.200  8.75785E-02  2.70120E-01 -1.82541E-01
    8990.112    -11.718  -0.160  9.03905E-02  2.81436E-01 -1.91046E-01
    8990.155    -11.675  -0.120  9.26456E-02  2.90386E-01 -1.97740E-01
    8990.185    -11.644  -0.080  9.42954E-02  2.96835E-01 -2.02540E-01
    8990.210    -11.620   0.000  9.56557E-02  3.02018E-01 -2.06362E-01
    8990.265    -11.565   0.120  9.87346E-02  3.13709E-01 -2.14974E-01
    8990.307    -11.522   0.160  1.01101E-01  3.22799E-01 -2.21698E-01
    8990.362    -11.468   0.200  1.04140E-01  3.34424E-01 -2.30285E-01
    8990.429    -11.401   0.240  1.07797E-01  3.48414E-01 -2.40617E-01
    8990.509    -11.321   0.280  1.11991E-01  3.64502E-01 -2.52510E-01
    8990.600    -11.230   0.320  1.16584E-01  3.82294E-01 -2.65709E-01
    8990.704    -11.126   0.360  1.21327E-01  4.01297E-01 -2.79970E-01
    8990.819    -11.010   0.400  1.25839E-01  4.20969E-01 -2.95130E-01
    8990.947    -10.882   0.440  1.29723E-01  4.40833E-01 -3.11109E-01
    8991.088    -10.742   0.480  1.32567E-01  4.60514E-01 -3.27946E-01
    8991.240    -10.590   0.520  1.34222E-01  4.79737E-01 -3.45515E-01
    8991.405    -10.425   0.560  1.34931E-01  4.98415E-01 -3.63484E-01
    8991.581    -10.248   0.600  1.35163E-01  5.16514E-01 -3.81352E-01
    8991.770    -10.059   0.640  1.35441E-01  5.34068E-01 -3.98627E-01
    8991.972     -9.858   0.680  1.36065E-01  5.51141E-01 -4.15077E-01
    8992.185     -9.645   0.720  1.37170E-01  5.67831E-01 -4.30661E-01
    8992.411     -9.419   0.760  1.38889E-01  5.84210E-01 -4.45321E-01
    8992.648     -9.182   0.800  1.41511E-01  6.00326E-01 -4.58814E-01
    8992.898     -8.932   0.840  1.45637E-01  6.16255E-01 -4.70618E-01
    8993.160     -8.670   0.880  1.51966E-01  6.32037E-01 -4.80071E-01
    8993.435     -8.395   0.920  1.61054E-01  6.47698E-01 -4.86644E-01
    8993.721     -8.109   0.960  1.73143E-01  6.63235E-01 -4.90092E-01
    8994.020     -7.810   1.000  1.88233E-01  6.78679E-01 -4.90446E-01
    8994.331     -7.499   1.040  2.06150E-01  6.93984E-01 -4.87834E-01
    8994.654     -7.176   1.080  2.26970E-01  7.09182E-01 -4.82212E-01
    8994.989     -6.841   1.120  2.50978E-01  7.24241E-01 -4.73262E-01
    8995.337     -6.493   1.160  2.77573E-01  7.39119E-01 -4.61546E-01
    8995.696     -6.134   1.200  3.03949E-01  7.53814E-01 -4.49864E-01
    8996.068     -5.762   1.240  3.27345E-01  7.68280E-01 -4.40935E-01
    8996.452     -5.378   1.280  3.49081E-01  7.82510E-01 -4.33430E-01
    8996.848     -4.981   1.320  3.74927E-01  7.96434E-01 -4.21507E-01
    8997.257     -4.573   1.360  4.09404E-01  8.10062E-01 -4.00658E-01
    8997.677     -4.152   1.400  4.52893E-01  8.23343E-01 -3.70449E-01
    8998.110     -3.720   1.440  5.08469E-01  8.36226E-01 -3.27756E-01
    8998.555     -3.275   1.480  5.81508E-01  8.48742E-01 -2.67233E-01
    8999.012     -2.817   1.520  6.75661E-01  8.60820E-01 -1.85159E-01
    8999.482     -2.348   1.560  7.95907E-01  8.72452E-01 -7.65451E-02
    8999.963     -1.866   1.600  9.47514E-01  8.83609E-01  6.39045E-02
    9000.457     -1.373   1.640  1.12775E+00  8.94287E-01  2.33458E-01
    9000.963     -0.867   1.680  1.29811E+00  9.04479E-01  3.93634E-01
    9001.481     -0.349   1.720  1.38465E+00  9.14141E-01  4.70509E-01
    9002.012      0.182   1.760  1.37514E+00  9.23311E-01  4.51829E-01
    9002.554      0.724   1.800  1.35681E+00  9.31950E-01  4.24862E-01
    9003.109      1.279   1.840  1.40656E+00  9.40076E-01  4.66480E-01
    9003.676      1.846   1.880  1.50548E+00  9.47689E-01  5.57795E-01
    9004.255      2.425   1.920  1.55233E+00  9.54796E-01  5.97537E-01
    9004.846      3.016   1.960  1.49669E+00  9.61379E-01  5.35308E-01
    9005.450      3.620   2.000  1.39898E+00  9.67463E-01  4.31522E-01
    9006.065      4.236   2.040  1.31096E+00  9.73073E-01  3.37889E-01
    9006.693      4.864   2.080  1.24753E+00  9.78197E-01  2.69338E-01
    9007.333      5.504   2.120  1.20795E+00  9.82863E-01  2.25083E-01
    9007.986      6.156   2.160  1.18560E+00  9.87080E-01  1.98519E-01
    9008.650      6.820   2.200  1.17322E+00  9.90896E-01  1.82327E-01
    9009.327      7.497   2.240  1.16232E+00  9.94281E-01  1.68041E-01
    9010.016      8.186   2.280  1.14586E+00  9.97286E-01  1.48570E-01
    9010.717      8.887   2.320  1.12261E+00  9.99919E-01  1.22692E-01
    9011.430      9.600   2.360  1.09930E+00  1.00219E+00  9.71093E-02
    9012.155     10.326   2.400  1.08245E+00  1.00415E+00  7.82983E-02
    9012.893     11.063   2.440  1.07217E+00  1.00579E+00  6.63727E-02
    9013.643     11.813   2.480  1.06815E+00  1.00715E+00  6.10046E-02
    9014.405     12.575   2.520  1.07189E+00  1.00822E+00  6.36639E-02
    9015.179     13.349   2.560  1.07532E+00  1.00907E+00  6.62480E-02
    9015.965     14.136   2.600  1.07275E+00  1.00968E+00  6.30724E-02
    9016.764     14.934   2.640  1.06474E+00  1.01008E+00  5.46627E-02
    9017.575     15.745   2.680  1.05148E+00  1.01030E+00  4.11864E-02
    9018.398     16.568   2.720  1.03283E+00  1.01033E+00  2.25007E-02
    9019.233     17.403   2.760  1.00893E+00  1.01019E+00 -1.26713E-03
    9020.080     18.250   2.800  9.80579E-01  1.00993E+00 -2.93501E-02
    9020.940     19.110   2.840  9.49819E-01  1.00954E+00 -5.97217E-02
    9021.811     19.982   2.880  9.19527E-01  1.00906E+00 -8.95290E-02
    9022.695     20.865   2.920  8.92550E-01  1.00846E+00 -1.15913E-01
    9023.591     21.762   2.960  8.71253E-01  1.00781E+00 -1.36554E-01
    9024.500     22.670   3.000  8.56568E-01  1.00705E+00 -1.50487E-01
    9025.420     23.590   3.040  8.48194E-01  1.00627E+00 -1.58080E-01
    9026.353     24.523   3.080  8.44826E-01  1.00543E+00 -1.60602E-01
    9027.298     25.468   3.120  8.44831E-01  1.00457E+00 -1.59735E-01
    9028.255     26.425   3.160  8.46085E-01  1.00367E+00 -1.57585E-01
    9029.224     27.394   3.200  8.47217E-01  1.00277E+00 -1.55551E-01
    9030.206     28.376   3.240  8.47717E-01  1.00186E+00 -1.54145E-01
    9031.199     29.369   3.280  8.47909E-01  1.00096E+00 -1.53047E-01
    9032.205     30.375   3.320  8.48709E-01  1.00005E+00 -1.51345E-01
    9033.223     31.393   3.360  8.51347E-01  9.99180E-01 -1.47833E-01
    9034.253     32.423   3.400  8.56911E-01  9.98317E-01 -1.41406E-01
    9035.296     33.466   3.440  8.65967E-01  9.97511E-01 -1.31544E-01
    9036.350     34.520   3.480  8.78719E-01  9.96719E-01 -1.18001E-01
    9037.417     35.587   3.520  8.95015E-01  9.95964E-01 -1.00950E-01
    9038.496     36.666   3.560  9.14318E-01  9.95249E-01 -8.09308E-02
    9039.587     37.757   3.600  9.35825E-01  9.94576E-01 -5.87511E-02
    9040.691     38.861   3.640  9.58556E-01  9.93945E-01 -3.53889E-02
    9041.806     39.976   3.680  9.81348E-01  9.93381E-01 -1.20331E-02
    9042.934     41.104   3.720  1.00289E+00  9.92862E-01  1.00322E-02
    9044.074     42.244   3.760  1.02221E+00  9.92390E-01  2.98167E-02
    9045.226     43.396   3.800  1.03885E+00  9.91986E-01  4.68660E-02
    9046.390     44.561   3.840  1.05287E+00  9.91628E-01  6.12407E-02
    9047.567     45.737   3.880  1.06467E+00  9.91341E-01  7.33282E-02
    9048.756     46.926   3.920  1.07466E+00  9.91100E-01  8.35595E-02
    9049.957     48.127   3.960  1.08316E+00  9.90905E-01  9.22500E-02
    9051.170     49.340   4.000  1.09036E+00  9.90779E-01  9.95839E-02
    9052.395     50.565   4.040  1.09624E+00  9.90698E-01  1.05541E-01
    9053.632     51.803   4.080  1.10044E+00  9.90663E-01  1.09777E-01
    9054.882     53.052   4.120  1.10230E+00  9.90697E-01  1.11599E-01
    9056.144     54.314   4.160  1.10110E+00  9.90776E-01  1.10321E-01
    9057.418     55.588   4.200  1.09627E+00  9.90919E-01  1.05348E-01
    9058.704     56.874   4.240  1.08735E+00  9.91082E-01  9.62663E-02
    9060.003     58.173   4.280  1.07432E+00  9.91287E-01  8.30374E-02
    9061.313     59.483   4.320  1.05767E+00  9.91553E-01  6.61165E-02
    9062.636     60.806   4.360  1.03817E+00  9.91837E-01  4.63291E-02
    9063.971     62.141   4.400  1.01683E+00  9.92182E-01  2.46512E-02
    9065.318     63.489   4.440  9.94845E-01  9.92541E-01  2.30380E-03
    9066.678     64.848   4.480  9.73809E-01  9.92935E-01 -1.91267E-02
    9068.049     66.220   4.520  9.55888E-01  9.93363E-01 -3.74751E-02
    9069.433     67.603   4.560  9.43363E-01  9.93801E-01 -5.04377E-02
    9070.829     68.999   4.600  9.37976E-01  9.94268E-01 -5.62919E-02
    9072.237     70.407   4.640  9.40348E-01  9.94741E-01 -5.43925E-02
    9073.658     71.828   4.680  9.49940E-01  9.95220E-01 -4.52791E-02
    9075.090     73.260   4.720  9.65047E-01  9.95726E-01 -3.06783E-02
    9076.535     74.705   4.760  9.83052E-01  9.96235E-01 -1.31822E-02
    9077.992     76.162   4.800  1.00106E+00  9.96744E-01  4.32103E-03
    9079.461     77.631   4.840  1.01658E+00  9.97253E-01  1.93226E-02
    9080.942     79.113   4.880  1.02802E+00  9.97761E-01  3.02628E-02
    9082.436     80.606   4.920  1.03503E+00  9.98265E-01  3.67624E-02
    9083.942     82.112   4.960  1.03814E+00  9.98765E-01  3.93777E-02
    9085.459     83.630   5.000  1.03847E+00  9.99237E-01  3.92356E-02
    9086.990     85.160   5.040  1.03729E+00  9.99700E-01  3.75870E-02
    9088.532     86.702   5.080  1.03544E+00  1.00016E+00  3.52840E-02
    9090.086     88.256   5.120  1.03316E+00  1.00058E+00  3.25786E-02
    9091.653     89.823   5.160  1.03031E+00  1.00096E+00  2.93437E-02
    9093.232     91.402   5.200  1.02693E+00  1.00134E+00  2.55860E-02
    9094.823     92.993   5.240  1.02315E+00  1.00168E+00  2.14718E-02
    9096.426     94.596   5.280  1.01897E+00  1.00201E+00  1.69614E-02
    9098.042     96.212   5.320  1.01377E+00  1.00228E+00  1.14942E-02
    9099.669     97.839   5.360  1.00663E+00  1.00253E+00  4.09995E-03
    9101.309     99.479   5.400  9.96608E-01  1.00274E+00 -6.13145E-03
    9102.961    101.131   5.440  9.83549E-01  1.00291E+00 -1.93638E-02
    9104.625    102.795   5.480  9.68378E-01  1.00305E+00 -3.46672E-02
    9106.302    104.472   5.520  9.52793E-01  1.00314E+00 -5.03449E-02
    9107.990    106.160   5.560  9.38514E-01  1.00319E+00 -6.46783E-02
    9109.691    107.861   5.600  9.26941E-01  1.00323E+00 -7.62884E-02
    9111.404    109.574   5.640  9.19006E-01  1.00320E+00 -8.41963E-02
    9113.129    111.299   5.680  9.15380E-01  1.00313E+00 -8.77528E-02
    9114.866    113.037   5.720  9.16168E-01  1.00302E+00 -8.68553E-02
    9116.616    114.786   5.760  9.20861E-01  1.00287E+00 -8.20136E-02
    9118.378    116.548   5.800  9.28566E-01  1.00271E+00 -7.41442E-02
    9120.152    118.322   5.840  9.38384E-01  1.00248E+00 -6.41002E-02
    9121.938    120.108   5.880  9.49734E-01  1.00222E+00 -5.24850E-02
    9123.736    121.906   5.920  9.62037E-01  1.00192E+00 -3.98807E-02
    9125.547    123.717   5.960  9.74498E-01  1.00161E+00 -2.71092E-02
    9127.369    125.539   6.000  9.86458E-01  1.00124E+00 -1.47805E-02
