# # comment:                                                     FEFF 9.9.1  
# # Source:
# # Structure
# # Reduced
# # space
# # abc:
# # angles:108.672349
# # sites:
# # POT  SCF 100  7.0000   0, screened core-hole, AFOLP (folp(0)= 1.150)
# # Abs   Z=29 Rmt= 1.241 Rnm= 1.344 K  shell
# # Pot 1 Z=29 Rmt= 1.310 Rnm= 1.383
# # Pot 2 Z= 8 Rmt= 0.982 Rnm= 1.117
# # Pot 3 Z= 9 Rmt= 1.080 Rnm= 1.143
# # Gam_ch=1.729E+00 H-L exch Vi= 0.000E+00 Vr= 0.000E+00
# # Mu=-6.983E+00eV kf=2.024E+00 Vint=-1.282E+01eV Rs_int= 1.792
# FMS rfms= 9.0000
# # PATH  Rmax=-1.000,  Keep_limit= 0.00, Heap_limit 0.00  Pwcrit= 2.50%
#  S02=0.950  Temp=   0.00  Debye_temp=   0.00  Global_sig2= 0.00000
#  Energy zero shift, vr, vi    0.00000E+00   0.00000E+00
#  Curved wave amplitude ratio filter   4.000%
#     file         sig2 tot  cw amp ratio   deg  nlegs   reff  inp sig2
#     0/   0 paths used
#  xsedge+ 50, used to normalize mu           2.4191E-04
#  -----------------------------------------------------------------------
#  omega    e    k    mu    mu0     chi     @#
    8983.382    -10.793  -1.000  3.33032E-02  5.54637E-02 -2.21606E-02
    8983.681    -10.494  -0.960  3.47175E-02  5.94333E-02 -2.47158E-02
    8983.967    -10.208  -0.920  3.62108E-02  6.38315E-02 -2.76207E-02
    8984.242     -9.934  -0.880  3.77905E-02  6.87194E-02 -3.09289E-02
    8984.504     -9.671  -0.840  3.94654E-02  7.41679E-02 -3.47024E-02
    8984.754     -9.422  -0.800  4.12461E-02  8.02588E-02 -3.90127E-02
    8984.991     -9.184  -0.760  4.31444E-02  8.70858E-02 -4.39414E-02
    8985.217     -8.958  -0.720  4.51743E-02  9.47541E-02 -4.95798E-02
    8985.430     -8.745  -0.680  4.73511E-02  1.03379E-01 -5.60280E-02
    8985.632     -8.544  -0.640  4.96911E-02  1.13082E-01 -6.33911E-02
    8985.821     -8.355  -0.600  5.22099E-02  1.23982E-01 -7.17720E-02
    8985.997     -8.178  -0.560  5.49199E-02  1.36178E-01 -8.12583E-02
    8986.162     -8.013  -0.520  5.78260E-02  1.49729E-01 -9.19032E-02
    8986.314     -7.861  -0.480  6.09198E-02  1.64618E-01 -1.03698E-01
    8986.455     -7.721  -0.440  6.41726E-02  1.80716E-01 -1.16543E-01
    8986.583     -7.593  -0.400  6.75302E-02  1.97749E-01 -1.30219E-01
    8986.698     -7.477  -0.360  7.09115E-02  2.15287E-01 -1.44376E-01
    8986.802     -7.373  -0.320  7.42150E-02  2.32774E-01 -1.58559E-01
    8986.893     -7.282  -0.280  7.73322E-02  2.49589E-01 -1.72257E-01
    8986.973     -7.203  -0.240  8.01634E-02  2.65130E-01 -1.84966E-01
    8987.040     -7.136  -0.200  8.26312E-02  2.78888E-01 -1.96257E-01
    8987.095     -7.081  -0.160  8.46843E-02  2.90485E-01 -2.05801E-01
    8987.137     -7.038  -0.120  8.62950E-02  2.99671E-01 -2.13376E-01
    8987.168     -7.008  -0.080  8.74523E-02  3.06301E-01 -2.18849E-01
    8987.192     -6.983   0.000  8.83944E-02  3.11636E-01 -2.23242E-01
    8987.247     -6.928   0.120  9.05908E-02  3.23685E-01 -2.33094E-01
    8987.290     -6.886   0.160  9.22022E-02  3.33088E-01 -2.40886E-01
    8987.345     -6.831   0.200  9.41826E-02  3.45118E-01 -2.50935E-01
    8987.412     -6.764   0.240  9.64945E-02  3.59675E-01 -2.63180E-01
    8987.491     -6.684   0.280  9.90440E-02  3.76525E-01 -2.77481E-01
    8987.582     -6.593   0.320  1.01687E-01  3.95271E-01 -2.93584E-01
    8987.686     -6.489   0.360  1.04307E-01  4.15467E-01 -3.11160E-01
    8987.802     -6.374   0.400  1.06842E-01  4.36647E-01 -3.29806E-01
    8987.930     -6.246   0.440  1.09269E-01  4.58324E-01 -3.49055E-01
    8988.070     -6.105   0.480  1.11687E-01  4.80129E-01 -3.68441E-01
    8988.222     -5.953   0.520  1.14379E-01  5.01836E-01 -3.87457E-01
    8988.387     -5.788   0.560  1.17698E-01  5.23316E-01 -4.05618E-01
    8988.564     -5.612   0.600  1.21991E-01  5.44505E-01 -4.22514E-01
    8988.753     -5.423   0.640  1.27500E-01  5.65417E-01 -4.37917E-01
    8988.954     -5.221   0.680  1.34297E-01  5.86077E-01 -4.51781E-01
    8989.167     -5.008   0.720  1.42309E-01  6.06557E-01 -4.64248E-01
    8989.393     -4.783   0.760  1.51329E-01  6.26843E-01 -4.75513E-01
    8989.631     -4.545   0.800  1.61473E-01  6.46993E-01 -4.85520E-01
    8989.880     -4.295   0.840  1.73109E-01  6.66990E-01 -4.93881E-01
    8990.143     -4.033   0.880  1.86917E-01  6.86846E-01 -4.99928E-01
    8990.417     -3.758   0.920  2.03464E-01  7.06495E-01 -5.03032E-01
    8990.703     -3.472   0.960  2.23074E-01  7.25927E-01 -5.02853E-01
    8991.002     -3.173   1.000  2.45546E-01  7.45078E-01 -4.99532E-01
    8991.313     -2.862   1.040  2.70628E-01  7.63899E-01 -4.93271E-01
    8991.636     -2.539   1.080  2.99013E-01  7.82356E-01 -4.83342E-01
    8991.971     -2.204   1.120  3.32458E-01  8.00348E-01 -4.67889E-01
    8992.319     -1.856   1.160  3.72823E-01  8.17835E-01 -4.45012E-01
    8992.678     -1.497   1.200  4.21003E-01  8.34757E-01 -4.13754E-01
    8993.050     -1.125   1.240  4.76545E-01  8.51051E-01 -3.74506E-01
    8993.434     -0.741   1.280  5.36740E-01  8.66677E-01 -3.29936E-01
    8993.831     -0.345   1.320  5.97300E-01  8.81598E-01 -2.84298E-01
    8994.239      0.064   1.360  6.57620E-01  8.95738E-01 -2.38118E-01
    8994.660      0.484   1.400  7.21387E-01  9.09083E-01 -1.87696E-01
    8995.092      0.917   1.440  7.89031E-01  9.21627E-01 -1.32596E-01
    8995.538      1.362   1.480  8.60010E-01  9.33341E-01 -7.33308E-02
    8995.995      1.819   1.520  9.39380E-01  9.44204E-01 -4.82486E-03
    8996.464      2.289   1.560  1.02350E+00  9.54240E-01  6.92567E-02
    8996.946      2.770   1.600  1.09763E+00  9.63432E-01  1.34199E-01
    8997.439      3.264   1.640  1.16178E+00  9.71806E-01  1.89969E-01
    8997.945      3.770   1.680  1.22398E+00  9.79376E-01  2.44603E-01
    8998.464      4.288   1.720  1.28289E+00  9.86175E-01  2.96715E-01
    8998.994      4.819   1.760  1.33892E+00  9.92215E-01  3.46708E-01
    8999.536      5.361   1.800  1.39938E+00  9.97536E-01  4.01848E-01
    9000.091      5.916   1.840  1.46559E+00  1.00216E+00  4.63435E-01
    9000.658      6.483   1.880  1.52225E+00  1.00613E+00  5.16118E-01
    9001.237      7.062   1.920  1.54333E+00  1.00951E+00  5.33815E-01
    9001.829      7.653   1.960  1.52133E+00  1.01231E+00  5.09015E-01
    9002.432      8.257   2.000  1.47364E+00  1.01457E+00  4.59071E-01
    9003.048      8.872   2.040  1.41465E+00  1.01636E+00  3.98291E-01
    9003.676      9.500   2.080  1.34681E+00  1.01771E+00  3.29106E-01
    9004.316     10.140   2.120  1.27215E+00  1.01862E+00  2.53523E-01
    9004.968     10.793   2.160  1.19459E+00  1.01919E+00  1.75399E-01
    9005.632     11.457   2.200  1.12042E+00  1.01942E+00  1.00999E-01
    9006.309     12.134   2.240  1.05987E+00  1.01935E+00  4.05192E-02
    9006.998     12.823   2.280  1.02106E+00  1.01903E+00  2.03032E-03
    9007.699     13.524   2.320  1.00315E+00  1.01849E+00 -1.53487E-02
    9008.412     14.237   2.360  9.98449E-01  1.01775E+00 -1.93035E-02
    9009.138     14.962   2.400  1.00105E+00  1.01684E+00 -1.57949E-02
    9009.875     15.700   2.440  1.01060E+00  1.01580E+00 -5.19769E-03
    9010.625     16.450   2.480  1.02023E+00  1.01464E+00  5.59435E-03
    9011.387     17.212   2.520  1.02399E+00  1.01339E+00  1.06045E-02
    9012.161     17.986   2.560  1.02306E+00  1.01209E+00  1.09774E-02
    9012.948     18.772   2.600  1.01974E+00  1.01074E+00  8.99749E-03
    9013.746     19.571   2.640  1.01487E+00  1.00936E+00  5.51435E-03
    9014.557     20.382   2.680  1.00831E+00  1.00797E+00  3.47954E-04
    9015.380     21.205   2.720  1.00005E+00  1.00658E+00 -6.52634E-03
    9016.215     22.040   2.760  9.90251E-01  1.00522E+00 -1.49726E-02
    9017.062     22.887   2.800  9.78990E-01  1.00390E+00 -2.49148E-02
    9017.922     23.747   2.840  9.66437E-01  1.00263E+00 -3.61928E-02
    9018.794     24.618   2.880  9.52802E-01  1.00140E+00 -4.85989E-02
    9019.678     25.502   2.920  9.38552E-01  1.00025E+00 -6.16942E-02
    9020.574     26.398   2.960  9.24657E-01  9.99170E-01 -7.45129E-02
    9021.482     27.307   3.000  9.11805E-01  9.98173E-01 -8.63679E-02
    9022.402     28.227   3.040  9.00379E-01  9.97261E-01 -9.68819E-02
    9023.335     29.160   3.080  8.90803E-01  9.96458E-01 -1.05654E-01
    9024.280     30.105   3.120  8.83294E-01  9.95721E-01 -1.12427E-01
    9025.237     31.062   3.160  8.77910E-01  9.95093E-01 -1.17183E-01
    9026.206     32.031   3.200  8.74661E-01  9.94578E-01 -1.19917E-01
    9027.188     33.013   3.240  8.73566E-01  9.94156E-01 -1.20589E-01
    9028.181     34.006   3.280  8.74502E-01  9.93848E-01 -1.19345E-01
    9029.187     35.012   3.320  8.77420E-01  9.93633E-01 -1.16213E-01
    9030.205     36.030   3.360  8.82331E-01  9.93531E-01 -1.11200E-01
    9031.236     37.060   3.400  8.89185E-01  9.93542E-01 -1.04357E-01
    9032.278     38.103   3.440  8.97845E-01  9.93624E-01 -9.57786E-02
    9033.333     39.157   3.480  9.08252E-01  9.93839E-01 -8.55866E-02
    9034.399     40.224   3.520  9.20207E-01  9.94142E-01 -7.39355E-02
    9035.478     41.303   3.560  9.33562E-01  9.94532E-01 -6.09702E-02
    9036.570     42.394   3.600  9.48312E-01  9.95007E-01 -4.66956E-02
    9037.673     43.498   3.640  9.64380E-01  9.95567E-01 -3.11870E-02
    9038.788     44.613   3.680  9.81563E-01  9.96232E-01 -1.46689E-02
    9039.916     45.741   3.720  9.99489E-01  9.96956E-01  2.53306E-03
    9041.056     46.881   3.760  1.01773E+00  9.97780E-01  1.99505E-02
    9042.208     48.033   3.800  1.03555E+00  9.98658E-01  3.68899E-02
    9043.373     49.197   3.840  1.05202E+00  9.99587E-01  5.24343E-02
    9044.549     50.374   3.880  1.06620E+00  1.00059E+00  6.56133E-02
    9045.738     51.563   3.920  1.07704E+00  1.00165E+00  7.53896E-02
    9046.939     52.763   3.960  1.08354E+00  1.00274E+00  8.07914E-02
    9048.152     53.977   4.000  1.08519E+00  1.00390E+00  8.12900E-02
    9049.377     55.202   4.040  1.08225E+00  1.00506E+00  7.71837E-02
    9050.615     56.439   4.080  1.07573E+00  1.00626E+00  6.94637E-02
    9051.864     57.689   4.120  1.06712E+00  1.00750E+00  5.96205E-02
    9053.126     58.951   4.160  1.05799E+00  1.00874E+00  4.92545E-02
    9054.400     60.225   4.200  1.04968E+00  1.00998E+00  3.97006E-02
    9055.686     61.511   4.240  1.04304E+00  1.01122E+00  3.18187E-02
    9056.985     62.810   4.280  1.03852E+00  1.01246E+00  2.60579E-02
    9058.296     64.120   4.320  1.03626E+00  1.01369E+00  2.25715E-02
    9059.618     65.443   4.360  1.03626E+00  1.01492E+00  2.13429E-02
    9060.953     66.778   4.400  1.03837E+00  1.01612E+00  2.22529E-02
    9062.301     68.125   4.440  1.04233E+00  1.01730E+00  2.50311E-02
    9063.660     69.485   4.480  1.04761E+00  1.01842E+00  2.91974E-02
    9065.032     70.856   4.520  1.05351E+00  1.01952E+00  3.39916E-02
    9066.415     72.240   4.560  1.05910E+00  1.02057E+00  3.85266E-02
    9067.811     73.636   4.600  1.06357E+00  1.02157E+00  4.19993E-02
    9069.220     75.044   4.640  1.06643E+00  1.02253E+00  4.38963E-02
    9070.640     76.465   4.680  1.06744E+00  1.02340E+00  4.40448E-02
    9072.072     77.897   4.720  1.06675E+00  1.02424E+00  4.25093E-02
    9073.517     79.342   4.760  1.06450E+00  1.02501E+00  3.94955E-02
    9074.974     80.799   4.800  1.06100E+00  1.02570E+00  3.53034E-02
    9076.443     82.268   4.840  1.05643E+00  1.02631E+00  3.01195E-02
    9077.925     83.749   4.880  1.05069E+00  1.02686E+00  2.38332E-02
    9079.418     85.243   4.920  1.04347E+00  1.02733E+00  1.61313E-02
    9080.924     86.749   4.960  1.03461E+00  1.02773E+00  6.87788E-03
    9082.442     88.266   5.000  1.02445E+00  1.02804E+00 -3.59137E-03
    9083.972     89.797   5.040  1.01365E+00  1.02830E+00 -1.46500E-02
    9085.514     91.339   5.080  1.00269E+00  1.02845E+00 -2.57538E-02
    9087.069     92.893   5.120  9.92005E-01  1.02854E+00 -3.65325E-02
    9088.635     94.460   5.160  9.81859E-01  1.02853E+00 -4.66670E-02
    9090.214     96.039   5.200  9.72763E-01  1.02846E+00 -5.56945E-02
    9091.805     97.630   5.240  9.65370E-01  1.02833E+00 -6.29641E-02
    9093.408     99.233   5.280  9.60398E-01  1.02811E+00 -6.77108E-02
    9095.024    100.849   5.320  9.58443E-01  1.02783E+00 -6.93837E-02
    9096.651    102.476   5.360  9.59517E-01  1.02747E+00 -6.79524E-02
    9098.291    104.116   5.400  9.63174E-01  1.02704E+00 -6.38634E-02
    9099.943    105.768   5.440  9.68912E-01  1.02658E+00 -5.76653E-02
    9101.607    107.432   5.480  9.76256E-01  1.02602E+00 -4.97669E-02
    9103.284    109.109   5.520  9.84854E-01  1.02544E+00 -4.05898E-02
    9104.972    110.797   5.560  9.93986E-01  1.02480E+00 -3.08107E-02
    9106.673    112.498   5.600  1.00279E+00  1.02410E+00 -2.13176E-02
    9108.386    114.211   5.640  1.01043E+00  1.02337E+00 -1.29423E-02
    9110.111    115.936   5.680  1.01642E+00  1.02260E+00 -6.17846E-03
    9111.849    117.673   5.720  1.02073E+00  1.02179E+00 -1.05422E-03
    9113.598    119.423   5.760  1.02374E+00  1.02097E+00  2.77470E-03
    9115.360    121.185   5.800  1.02583E+00  1.02012E+00  5.71667E-03
    9117.134    122.959   5.840  1.02729E+00  1.01923E+00  8.05121E-03
    9118.920    124.745   5.880  1.02835E+00  1.01835E+00  9.99836E-03
    9120.718    126.543   5.920  1.02930E+00  1.01748E+00  1.18252E-02
    9122.529    128.354   5.960  1.03037E+00  1.01659E+00  1.37777E-02
    9124.352    130.176   6.000  1.03169E+00  1.01570E+00  1.59943E-02
