ATOMS
   *       x             y             z    ipot  Atom      Distance    Number
************  ************  ************  ******  ******  **********  ********
 0             0             0                 0  Cu         0               0
-2.0329        0             0                 3  O          2.0329         85
 0            -2.0329        0                 3  O          2.0329        139
 2.0329        0             0                 3  O          2.0329        228
 0             2.0329        0                 3  O          2.0329        230
-2.0329       -2.0329        0                 2  Mg         2.87496        18
-2.0329        2.0329        0                 2  Mg         2.87496        82
 2.0329       -2.0329        0                 2  Mg         2.87496       134
 2.0329        2.0329        0                 2  Mg         2.87496       225
-4.06581       0             0                 1  Cu         4.06581        88
 0            -4.06581       0                 1  Cu         4.06581       140
 0             4.06581       0                 1  Cu         4.06581       207
 4.06581       0             0                 1  Cu         4.06581       221
-2.0329       -2.0329        3.18207           4  Y          4.28847        19
-2.0329        2.0329        3.18207           4  Y          4.28847        83
 2.0329       -2.0329        3.18207           4  Y          4.28847       135
-2.0329        2.0329       -3.18207           4  Y          4.28847        49
 2.0329        2.0329       -3.18207           4  Y          4.28847       171
 2.0329        2.0329        3.18207           4  Y          4.28847       226
-2.0329       -2.0329       -3.18207           4  Y          4.28847         2
 2.0329       -2.0329       -3.18207           4  Y          4.28847       104
-2.0329       -4.06581      -8.88178e-16       3  O          4.54571        21
-4.06581      -2.0329       -8.88178e-16       3  O          4.54571        23
-2.0329        4.06581       0                 3  O          4.54571        70
-4.06581       2.0329        0                 3  O          4.54571        87
 4.06581      -2.0329        0                 3  O          4.54571       130
 2.0329       -4.06581       0                 3  O          4.54571       137
 2.0329        4.06581       8.88178e-16       3  O          4.54571       204
 4.06581       2.0329        8.88178e-16       3  O          4.54571       220
-2.0329        0            -4.13824           3  O          4.61061        56
-2.0329        0             4.13824           3  O          4.61061        84
 0            -2.0329       -4.13824           3  O          4.61061       105
 0            -2.0329        4.13824           3  O          4.61061       138
 0             2.0329       -4.13824           3  O          4.61061       174
 2.0329        0            -4.13824           3  O          4.61061       180
 2.0329        0             4.13824           3  O          4.61061       227
 0             2.0329        4.13824           3  O          4.61061       229
-4.85068e-17   4.85068e-17   5.0944            4  Y          5.0944        232
 4.66803e-17  -4.66803e-17  -5.0944            4  Y          5.0944        183
-4.06581      -4.06581       0                 1  Cu         5.74992        24
-4.06581       4.06581       0                 1  Cu         5.74992        73
 4.06581      -4.06581       0                 1  Cu         5.74992       131
 4.06581       4.06581       0                 1  Cu         5.74992       196
-6.09871       0            -8.88178e-16       3  O          6.09871        94
 0            -6.09871      -8.88178e-16       3  O          6.09871       153
 0             6.09871       8.88178e-16       3  O          6.09871       206
 6.09871       0             8.88178e-16       3  O          6.09871       218
-2.0329        4.06581      -4.13824           3  O          6.14723        46
 2.0329       -4.06581       4.13824           3  O          6.14723       136
-4.06581      -2.0329       -4.13824           3  O          6.14723         3
-2.0329       -4.06581      -4.13824           3  O          6.14723         7
-2.0329       -4.06581       4.13824           3  O          6.14723        20
-4.06581      -2.0329        4.13824           3  O          6.14723        22
-4.06581       2.0329       -4.13824           3  O          6.14723        51
-2.0329        4.06581       4.13824           3  O          6.14723        69
 2.0329       -4.06581      -4.13824           3  O          6.14723       111
 4.06581      -2.0329        4.13824           3  O          6.14723       129
 4.06581       2.0329       -4.13824           3  O          6.14723       166
 2.0329        4.06581      -4.13824           3  O          6.14723       168
 2.0329        4.06581       4.13824           3  O          6.14723       203
 4.06581       2.0329        4.13824           3  O          6.14723       219
-4.06581       2.0329        4.13824           3  O          6.14723        86
 4.06581      -2.0329       -4.13824           3  O          6.14723       101
-6.09871      -2.0329        0                 2  Mg         6.4286         26
-2.0329       -6.09871       0                 2  Mg         6.4286         33
-2.0329        6.09871       1.77636e-15       2  Mg         6.4286         67
-6.09871       2.0329        0                 2  Mg         6.4286         91
 6.09871      -2.0329        0                 2  Mg         6.4286        125
 2.0329       -6.09871      -1.77636e-15       2  Mg         6.4286        148
 2.0329        6.09871       0                 2  Mg         6.4286        201
 6.09871       2.0329        0                 2  Mg         6.4286        215
 0             4.06581       5.0944            4  Y          6.51795       209
-4.06581       0             5.0944            4  Y          6.51795        90
 0            -4.06581       5.0944            4  Y          6.51795       142
 0             4.06581      -5.0944            4  Y          6.51795       173
 4.06581       0             5.0944            4  Y          6.51795       223
-4.06581       0            -5.0944            4  Y          6.51795        59
 4.44089e-16  -4.06581      -5.0944            4  Y          6.51795       115
 4.06581       0            -5.0944            4  Y          6.51795       179
-6.09871      -2.0329       -3.18207           4  Y          7.17304         5
-2.0329       -6.09871      -3.18207           4  Y          7.17304         9
-6.09871      -2.0329        3.18207           4  Y          7.17304        27
-6.09871       2.0329       -3.18207           4  Y          7.17304        54
-2.0329        6.09871       3.18207           4  Y          7.17304        68
-6.09871       2.0329        3.18207           4  Y          7.17304        92
 6.09871      -2.0329        3.18207           4  Y          7.17304       126
 2.0329       -6.09871       3.18207           4  Y          7.17304       149
 6.09871       2.0329       -3.18207           4  Y          7.17304       164
 2.0329        6.09871       3.18207           4  Y          7.17304       202
 6.09871       2.0329        3.18207           4  Y          7.17304       216
-2.0329       -6.09871       3.18207           4  Y          7.17304        34
-2.0329        6.09871      -3.18207           4  Y          7.17304        43
 6.09871      -2.0329       -3.18207           4  Y          7.17304       100
 2.0329       -6.09871      -3.18207           4  Y          7.17304       113
 2.0329        6.09871      -3.18207           4  Y          7.17304       159
-6.09871      -4.06581       8.88178e-16       3  O          7.32974        29
-4.06581      -6.09871      -2.66454e-15       3  O          7.32974        38
 6.09871       4.06581      -8.88178e-16       3  O          7.32974       193
 4.06581       6.09871       2.66454e-15       3  O          7.32974       195
-4.06581       6.09871       8.88178e-16       3  O          7.32974        72
-6.09871       4.06581       0                 3  O          7.32974        79
 6.09871      -4.06581       0                 3  O          7.32974       128
 4.06581      -6.09871      -8.88178e-16       3  O          7.32974       146
-6.09871       0            -4.13824           3  O          7.37016        60
-6.09871       0             4.13824           3  O          7.37016        93
-4.44089e-16  -6.09871      -4.13824           3  O          7.37016       116
 6.09871       0            -4.13824           3  O          7.37016       177
 4.44089e-16   6.09871       4.13824           3  O          7.37016       205
 6.09871       0             4.13824           3  O          7.37016       217
 4.44089e-16  -6.09871       4.13824           3  O          7.37016       152
-4.44089e-16   6.09871      -4.13824           3  O          7.37016       161
-4.06581      -4.06581       5.0944            4  Y          7.68209        25
-4.06581       4.06581       5.0944            4  Y          7.68209        74
 4.06581      -4.06581       5.0944            4  Y          7.68209       132
 4.06581       4.06581       5.0944            4  Y          7.68209       197
 4.06581       4.06581      -5.0944            4  Y          7.68209       165
-4.06581       4.06581      -5.0944            4  Y          7.68209        50
 4.06581      -4.06581      -5.0944            4  Y          7.68209       109
-4.06581      -4.06581      -5.0944            4  Y          7.68209        10
-8.13161       0             0                 1  Cu         8.13161        97
 0            -8.13161       0                 1  Cu         8.13161       154
 0             8.13161       0                 1  Cu         8.13161       187
 8.13161       0             0                 1  Cu         8.13161       213
 0             0            -8.27647           2  Mg         8.27647       182
 0             0             8.27647           2  Mg         8.27647       231
-8.13161      -2.0329        8.88178e-16       3  O          8.38187        31
-2.0329       -8.13161       8.88178e-16       3  O          8.38187        36
-2.0329        8.13161       8.88178e-16       3  O          8.38187        63
-8.13161       2.0329       -8.88178e-16       3  O          8.38187        96
 8.13161      -2.0329        8.88178e-16       3  O          8.38187       123
 2.0329       -8.13161      -8.88178e-16       3  O          8.38187       151
 2.0329        8.13161      -8.88178e-16       3  O          8.38187       186
 8.13161       2.0329       -8.88178e-16       3  O          8.38187       212
-6.09871      -4.06581      -4.13824           3  O          8.41725        12
-6.09871      -4.06581       4.13824           3  O          8.41725        28
-4.06581      -6.09871       4.13824           3  O          8.41725        37
-4.06581       6.09871       4.13824           3  O          8.41725        71
-6.09871       4.06581       4.13824           3  O          8.41725        78
 6.09871      -4.06581      -4.13824           3  O          8.41725       107
 4.06581      -6.09871      -4.13824           3  O          8.41725       110
 4.06581       6.09871      -4.13824           3  O          8.41725       157
 6.09871       4.06581      -4.13824           3  O          8.41725       163
 6.09871       4.06581       4.13824           3  O          8.41725       192
-4.06581      -6.09871      -4.13824           3  O          8.41725        11
-4.06581       6.09871      -4.13824           3  O          8.41725        44
-6.09871       4.06581      -4.13824           3  O          8.41725        53
 6.09871      -4.06581       4.13824           3  O          8.41725       127
 4.06581      -6.09871       4.13824           3  O          8.41725       145
 4.06581       6.09871       4.13824           3  O          8.41725       194
-2.0329        0             8.27647           3  O          8.52248        81
 0            -2.0329        8.27647           3  O          8.52248       121
 0             2.0329       -8.27647           3  O          8.52248       175
 2.0329        0            -8.27647           3  O          8.52248       181
-2.0329        0            -8.27647           3  O          8.52248        57
 0            -2.0329       -8.27647           3  O          8.52248       106
 0             2.0329        8.27647           3  O          8.52248       210
 2.0329        0             8.27647           3  O          8.52248       224
-6.09871      -6.09871      -1.77636e-15       2  Mg         8.62488        40
-6.09871       6.09871       8.88178e-16       2  Mg         8.62488        76
 6.09871      -6.09871      -8.88178e-16       2  Mg         8.62488       143
 6.09871       6.09871       1.77636e-15       2  Mg         8.62488       190
-2.0329       -2.0329       -8.27647           1  Cu         8.76159         1
-2.0329       -2.0329        8.27647           1  Cu         8.76159        15
-2.0329        2.0329       -8.27647           1  Cu         8.76159        48
-2.0329        2.0329        8.27647           1  Cu         8.76159        66
 2.0329       -2.0329       -8.27647           1  Cu         8.76159       103
 2.0329       -2.0329        8.27647           1  Cu         8.76159       120
 2.0329        2.0329       -8.27647           1  Cu         8.76159       170
 2.0329        2.0329        8.27647           1  Cu         8.76159       200
-8.13161      -4.06581      -1.77636e-15       1  Cu         9.09142        32
-4.06581      -8.13161      -1.77636e-15       1  Cu         9.09142        39
-4.06581       8.13161       0                 1  Cu         9.09142        64
-8.13161       4.06581       0                 1  Cu         9.09142        80
 8.13161      -4.06581       0                 1  Cu         9.09142       124
 4.06581      -8.13161       0                 1  Cu         9.09142       147
 4.06581       8.13161       1.77636e-15       1  Cu         9.09142       184
 8.13161       4.06581       1.77636e-15       1  Cu         9.09142       189
-6.09871      -6.09871       3.18207           4  Y          9.19315        41
-6.09871       6.09871       3.18207           4  Y          9.19315        77
 6.09871      -6.09871       3.18207           4  Y          9.19315       144
 6.09871       6.09871       3.18207           4  Y          9.19315       191
-6.09871      -6.09871      -3.18207           4  Y          9.19315        13
-6.09871       6.09871      -3.18207           4  Y          9.19315        45
 6.09871      -6.09871      -3.18207           4  Y          9.19315       108
 6.09871       6.09871      -3.18207           4  Y          9.19315       156
-4.06581       0            -8.27647           2  Mg         9.22121        58
-4.06581       0             8.27647           2  Mg         9.22121        89
 0            -4.06581      -8.27647           2  Mg         9.22121       114
 0            -4.06581       8.27647           2  Mg         9.22121       141
 0             4.06581      -8.27647           2  Mg         9.22121       172
 4.06581       0            -8.27647           2  Mg         9.22121       178
 0             4.06581       8.27647           2  Mg         9.22121       208
 4.06581       0             8.27647           2  Mg         9.22121       222
-2.0329       -8.13161      -4.13824           3  O          9.34777        14
-8.13161      -2.0329        4.13824           3  O          9.34777        30
-2.0329       -8.13161       4.13824           3  O          9.34777        35
-2.0329        8.13161      -4.13824           3  O          9.34777        42
-8.13161       2.0329       -4.13824           3  O          9.34777        55
-2.0329        8.13161       4.13824           3  O          9.34777        62
-8.13161       2.0329        4.13824           3  O          9.34777        95
 8.13161      -2.0329       -4.13824           3  O          9.34777        99
 2.0329       -8.13161      -4.13824           3  O          9.34777       117
 8.13161      -2.0329        4.13824           3  O          9.34777       122
 2.0329       -8.13161       4.13824           3  O          9.34777       150
 2.0329        8.13161      -4.13824           3  O          9.34777       158
 8.13161       2.0329       -4.13824           3  O          9.34777       162
 2.0329        8.13161       4.13824           3  O          9.34777       185
-8.13161      -2.0329       -4.13824           3  O          9.34777         6
 8.13161       2.0329        4.13824           3  O          9.34777       211
-4.06581      -2.0329       -8.27647           3  O          9.44264         4
 4.06581       2.0329        8.27647           3  O          9.44264       198
-4.06581      -2.0329        8.27647           3  O          9.44264        16
-2.0329       -4.06581       8.27647           3  O          9.44264        17
-2.0329        4.06581      -8.27647           3  O          9.44264        47
-4.06581       2.0329        8.27647           3  O          9.44264        75
 4.06581      -2.0329       -8.27647           3  O          9.44264       102
 2.0329       -4.06581       8.27647           3  O          9.44264       133
 4.06581       2.0329       -8.27647           3  O          9.44264       167
 2.0329        4.06581      -8.27647           3  O          9.44264       169
-2.0329       -4.06581      -8.27647           3  O          9.44264         8
-4.06581       2.0329       -8.27647           3  O          9.44264        52
-2.0329        4.06581       8.27647           3  O          9.44264        65
 2.0329       -4.06581      -8.27647           3  O          9.44264       112
 4.06581      -2.0329        8.27647           3  O          9.44264       119
 2.0329        4.06581       8.27647           3  O          9.44264       199
 0            -8.13161       5.0944            4  Y          9.59563       155
-8.13161       0            -5.0944            4  Y          9.59563        61
-8.13161       0             5.0944            4  Y          9.59563        98
 0            -8.13161      -5.0944            4  Y          9.59563       118
 0             8.13161      -5.0944            4  Y          9.59563       160
 8.13161       0            -5.0944            4  Y          9.59563       176
-8.88178e-16   8.13161       5.0944            4  Y          9.59563       188
 8.13161       0             5.0944            4  Y          9.59563       214
END
