# # comment:                                                     FEFF 9.9.1  
# # Source:
# # Structure
# # Reduced
# # space
# # abc:
# # angles:
# # sites:
# # POT  SCF 100  7.0000   0, screened core-hole, AFOLP (folp(0)= 1.150)
# # Abs   Z=29 Rmt= 1.327 Rnm= 1.390 K  shell
# # Pot 1 Z= 3 Rmt= 1.305 Rnm= 1.355
# # Pot 2 Z=29 Rmt= 1.327 Rnm= 1.390
# # Pot 3 Z= 6 Rmt= 0.712 Rnm= 0.924
# # Pot 4 Z= 8 Rmt= 0.862 Rnm= 1.010
# # Gam_ch=1.729E+00 H-L exch Vi= 0.000E+00 Vr= 0.000E+00
# # Mu=-6.411E+00eV kf=2.579E+00 Vint=-1.831E+01eV Rs_int= 1.406
# FMS rfms= 9.0000
# # PATH  Rmax=-1.000,  Keep_limit= 0.00, Heap_limit 0.00  Pwcrit= 2.50%
#  S02=0.950  Temp=   0.00  Debye_temp=   0.00  Global_sig2= 0.00000
#  Energy zero shift, vr, vi    0.00000E+00   0.00000E+00
#  Curved wave amplitude ratio filter   4.000%
#     file         sig2 tot  cw amp ratio   deg  nlegs   reff  inp sig2
#     0/   0 paths used
#  xsedge+ 50, used to normalize mu           2.4764E-04
#  -----------------------------------------------------------------------
#  omega    e    k    mu    mu0     chi     @#
    8983.554    -10.221  -1.000  4.89251E-02  5.33098E-02 -4.38474E-03
    8983.852     -9.922  -0.960  5.21771E-02  5.71763E-02 -4.99925E-03
    8984.139     -9.636  -0.920  5.57706E-02  6.14751E-02 -5.70450E-03
    8984.413     -9.361  -0.880  5.97564E-02  6.62703E-02 -6.51387E-03
    8984.675     -9.099  -0.840  6.41941E-02  7.16366E-02 -7.44251E-03
    8984.925     -8.849  -0.800  6.91534E-02  7.76608E-02 -8.50744E-03
    8985.163     -8.612  -0.760  7.47149E-02  8.44425E-02 -9.72756E-03
    8985.388     -8.386  -0.720  8.09709E-02  9.20944E-02 -1.11235E-02
    8985.602     -8.173  -0.680  8.80237E-02  1.00741E-01 -1.27170E-02
    8985.803     -7.971  -0.640  9.59822E-02  1.10513E-01 -1.45305E-02
    8985.992     -7.782  -0.600  1.04954E-01  1.21540E-01 -1.65855E-02
    8986.169     -7.606  -0.560  1.15032E-01  1.33932E-01 -1.89002E-02
    8986.333     -7.441  -0.520  1.26268E-01  1.47756E-01 -2.14874E-02
    8986.486     -7.289  -0.480  1.38647E-01  1.62997E-01 -2.43497E-02
    8986.626     -7.148  -0.440  1.52046E-01  1.79522E-01 -2.74754E-02
    8986.754     -7.020  -0.400  1.66207E-01  1.97040E-01 -3.08329E-02
    8986.870     -6.905  -0.360  1.80731E-01  2.15097E-01 -3.43662E-02
    8986.973     -6.801  -0.320  1.95110E-01  2.33102E-01 -3.79925E-02
    8987.065     -6.710  -0.280  2.08794E-01  2.50398E-01 -4.16037E-02
    8987.144     -6.630  -0.240  2.21282E-01  2.66356E-01 -4.50738E-02
    8987.211     -6.563  -0.200  2.32179E-01  2.80449E-01 -4.82706E-02
    8987.266     -6.508  -0.160  2.41229E-01  2.92297E-01 -5.10682E-02
    8987.309     -6.466  -0.120  2.48298E-01  3.01657E-01 -5.33589E-02
    8987.339     -6.435  -0.080  2.53331E-01  3.08395E-01 -5.50636E-02
    8987.364     -6.411   0.000  2.57297E-01  3.13806E-01 -5.65088E-02
    8987.418     -6.356   0.120  2.66040E-01  3.25996E-01 -5.99567E-02
    8987.461     -6.313   0.160  2.72856E-01  3.35468E-01 -6.26123E-02
    8987.516     -6.258   0.200  2.81473E-01  3.47542E-01 -6.60689E-02
    8987.583     -6.191   0.240  2.91710E-01  3.62059E-01 -7.03487E-02
    8987.662     -6.112   0.280  3.03227E-01  3.78671E-01 -7.54442E-02
    8987.754     -6.021   0.320  3.15677E-01  3.96952E-01 -8.12748E-02
    8987.857     -5.917   0.360  3.28661E-01  4.16352E-01 -8.76910E-02
    8987.973     -5.801   0.400  3.41873E-01  4.36283E-01 -9.44107E-02
    8988.101     -5.673   0.440  3.55197E-01  4.56197E-01 -1.00999E-01
    8988.241     -5.533   0.480  3.68814E-01  4.75701E-01 -1.06887E-01
    8988.394     -5.381   0.520  3.83087E-01  4.94497E-01 -1.11410E-01
    8988.558     -5.216   0.560  3.98480E-01  5.12508E-01 -1.14028E-01
    8988.735     -5.039   0.600  4.15042E-01  5.29667E-01 -1.14625E-01
    8988.924     -4.850   0.640  4.32146E-01  5.46078E-01 -1.13932E-01
    8989.125     -4.649   0.680  4.48198E-01  5.61823E-01 -1.13625E-01
    8989.339     -4.436   0.720  4.61192E-01  5.76999E-01 -1.15807E-01
    8989.564     -4.210   0.760  4.69828E-01  5.91722E-01 -1.21894E-01
    8989.802     -3.972   0.800  4.73983E-01  6.06081E-01 -1.32098E-01
    8990.052     -3.723   0.840  4.74379E-01  6.20191E-01 -1.45813E-01
    8990.314     -3.460   0.880  4.72551E-01  6.34072E-01 -1.61521E-01
    8990.588     -3.186   0.920  4.71614E-01  6.47833E-01 -1.76219E-01
    8990.875     -2.900   0.960  4.74981E-01  6.61489E-01 -1.86508E-01
    8991.174     -2.601   1.000  4.84497E-01  6.75082E-01 -1.90586E-01
    8991.484     -2.290   1.040  5.01114E-01  6.88610E-01 -1.87496E-01
    8991.808     -1.967   1.080  5.26345E-01  7.02117E-01 -1.75772E-01
    8992.143     -1.632   1.120  5.60426E-01  7.15604E-01 -1.55178E-01
    8992.490     -1.284   1.160  6.01958E-01  7.29045E-01 -1.27087E-01
    8992.850     -0.925   1.200  6.52074E-01  7.42448E-01 -9.03743E-02
    8993.222     -0.553   1.240  7.15566E-01  7.55819E-01 -4.02530E-02
    8993.606     -0.169   1.280  7.94169E-01  7.69097E-01  2.50715E-02
    8994.002      0.228   1.320  8.79269E-01  7.82322E-01  9.69467E-02
    8994.410      0.636   1.360  9.54909E-01  7.95428E-01  1.59481E-01
    8994.831      1.057   1.400  1.01499E+00  8.08389E-01  2.06601E-01
    8995.264      1.490   1.440  1.07064E+00  8.21218E-01  2.49423E-01
    8995.709      1.935   1.480  1.12554E+00  8.33865E-01  2.91677E-01
    8996.166      2.392   1.520  1.16168E+00  8.46301E-01  3.15383E-01
    8996.636      2.861   1.560  1.16556E+00  8.58495E-01  3.07068E-01
    8997.117      3.343   1.600  1.14371E+00  8.70435E-01  2.73279E-01
    8997.611      3.836   1.640  1.11028E+00  8.82091E-01  2.28190E-01
    8998.117      4.342   1.680  1.07816E+00  8.93432E-01  1.84728E-01
    8998.635      4.861   1.720  1.05459E+00  9.04427E-01  1.50168E-01
    8999.165      5.391   1.760  1.03323E+00  9.15064E-01  1.18166E-01
    8999.708      5.933   1.800  1.01200E+00  9.25314E-01  8.66872E-02
    9000.263      6.488   1.840  1.00469E+00  9.35168E-01  6.95173E-02
    9000.830      7.055   1.880  1.01656E+00  9.44578E-01  7.19814E-02
    9001.409      7.634   1.920  1.03556E+00  9.53556E-01  8.20070E-02
    9002.000      8.226   1.960  1.04877E+00  9.62095E-01  8.66792E-02
    9002.603      8.829   2.000  1.06187E+00  9.70150E-01  9.17161E-02
    9003.219      9.445   2.040  1.07785E+00  9.77717E-01  1.00131E-01
    9003.847     10.073   2.080  1.08588E+00  9.84812E-01  1.01068E-01
    9004.487     10.713   2.120  1.08509E+00  9.91413E-01  9.36734E-02
    9005.139     11.365   2.160  1.09160E+00  9.97521E-01  9.40804E-02
    9005.804     12.029   2.200  1.12229E+00  1.00314E+00  1.19157E-01
    9006.481     12.706   2.240  1.17580E+00  1.00826E+00  1.67544E-01
    9007.169     13.395   2.280  1.23371E+00  1.01291E+00  2.20795E-01
    9007.870     14.096   2.320  1.27199E+00  1.01708E+00  2.54904E-01
    9008.584     14.809   2.360  1.27015E+00  1.02077E+00  2.49371E-01
    9009.309     15.535   2.400  1.22545E+00  1.02403E+00  2.01415E-01
    9010.047     16.272   2.440  1.15896E+00  1.02682E+00  1.32143E-01
    9010.796     17.022   2.480  1.09174E+00  1.02919E+00  6.25528E-02
    9011.558     17.784   2.520  1.03166E+00  1.03115E+00  5.07638E-04
    9012.333     18.558   2.560  9.82149E-01  1.03272E+00 -5.05761E-02
    9013.119     19.345   2.600  9.46599E-01  1.03391E+00 -8.73089E-02
    9013.918     20.143   2.640  9.25224E-01  1.03475E+00 -1.09525E-01
    9014.728     20.954   2.680  9.15463E-01  1.03524E+00 -1.19772E-01
    9015.551     21.777   2.720  9.14928E-01  1.03540E+00 -1.20470E-01
    9016.386     22.612   2.760  9.21135E-01  1.03527E+00 -1.14134E-01
    9017.234     23.459   2.800  9.29035E-01  1.03488E+00 -1.05846E-01
    9018.093     24.319   2.840  9.30963E-01  1.03422E+00 -1.03259E-01
    9018.965     25.191   2.880  9.23679E-01  1.03334E+00 -1.09664E-01
    9019.849     26.075   2.920  9.11703E-01  1.03224E+00 -1.20532E-01
    9020.745     26.971   2.960  9.04366E-01  1.03095E+00 -1.26585E-01
    9021.653     27.879   3.000  9.05408E-01  1.02950E+00 -1.24093E-01
    9022.574     28.799   3.040  9.10047E-01  1.02789E+00 -1.17845E-01
    9023.507     29.732   3.080  9.15063E-01  1.02616E+00 -1.11095E-01
    9024.451     30.677   3.120  9.19553E-01  1.02433E+00 -1.04773E-01
    9025.409     31.634   3.160  9.23889E-01  1.02238E+00 -9.84955E-02
    9026.378     32.603   3.200  9.28436E-01  1.02036E+00 -9.19279E-02
    9027.359     33.585   3.240  9.33122E-01  1.01829E+00 -8.51700E-02
    9028.353     34.578   3.280  9.37826E-01  1.01618E+00 -7.83526E-02
    9029.359     35.584   3.320  9.42584E-01  1.01403E+00 -7.14458E-02
    9030.377     36.602   3.360  9.47825E-01  1.01188E+00 -6.40504E-02
    9031.407     37.633   3.400  9.54284E-01  1.00974E+00 -5.54568E-02
    9032.449     38.675   3.440  9.62623E-01  1.00759E+00 -4.49684E-02
    9033.504     39.730   3.480  9.73307E-01  1.00550E+00 -3.21902E-02
    9034.571     40.796   3.520  9.86510E-01  1.00342E+00 -1.69092E-02
    9035.650     41.875   3.560  1.00186E+00  1.00141E+00  4.52377E-04
    9036.741     42.967   3.600  1.01833E+00  9.99438E-01  1.88877E-02
    9037.844     44.070   3.640  1.03449E+00  9.97523E-01  3.69657E-02
    9038.960     45.185   3.680  1.04885E+00  9.95706E-01  5.31415E-02
    9040.088     46.313   3.720  1.06000E+00  9.93970E-01  6.60276E-02
    9041.228     47.453   3.760  1.06726E+00  9.92316E-01  7.49448E-02
    9042.380     48.605   3.800  1.07065E+00  9.90748E-01  7.98976E-02
    9043.544     49.770   3.840  1.07074E+00  9.89268E-01  8.14707E-02
    9044.721     50.946   3.880  1.06859E+00  9.87920E-01  8.06725E-02
    9045.909     52.135   3.920  1.06522E+00  9.86665E-01  7.85576E-02
    9047.110     53.336   3.960  1.06137E+00  9.85505E-01  7.58671E-02
    9048.323     54.549   4.000  1.05741E+00  9.84480E-01  7.29332E-02
    9049.549     55.774   4.040  1.05338E+00  9.83550E-01  6.98309E-02
    9050.786     57.012   4.080  1.04904E+00  9.82738E-01  6.62986E-02
    9052.036     58.261   4.120  1.04392E+00  9.82043E-01  6.18730E-02
    9053.298     59.523   4.160  1.03754E+00  9.81464E-01  5.60733E-02
    9054.572     60.797   4.200  1.02960E+00  9.80982E-01  4.86157E-02
    9055.858     62.083   4.240  1.02013E+00  9.80638E-01  3.94954E-02
    9057.156     63.382   4.280  1.00944E+00  9.80387E-01  2.90544E-02
    9058.467     64.693   4.320  9.98137E-01  9.80250E-01  1.78870E-02
    9059.790     66.015   4.360  9.86905E-01  9.80204E-01  6.70101E-03
    9061.125     67.350   4.400  9.76544E-01  9.80270E-01 -3.72657E-03
    9062.472     68.698   4.440  9.67768E-01  9.80446E-01 -1.26777E-02
    9063.831     70.057   4.480  9.61042E-01  9.80687E-01 -1.96447E-02
    9065.203     71.429   4.520  9.56660E-01  9.81033E-01 -2.43733E-02
    9066.587     72.812   4.560  9.54632E-01  9.81463E-01 -2.68308E-02
    9067.983     74.208   4.600  9.54818E-01  9.81996E-01 -2.71772E-02
    9069.391     75.617   4.640  9.56803E-01  9.82583E-01 -2.57800E-02
    9070.811     77.037   4.680  9.60018E-01  9.83221E-01 -2.32033E-02
    9072.244     78.469   4.720  9.63729E-01  9.83931E-01 -2.02020E-02
    9073.689     79.914   4.760  9.67208E-01  9.84711E-01 -1.75035E-02
    9075.146     81.371   4.800  9.69903E-01  9.85536E-01 -1.56335E-02
    9076.615     82.840   4.840  9.71560E-01  9.86401E-01 -1.48410E-02
    9078.096     84.322   4.880  9.72193E-01  9.87281E-01 -1.50883E-02
    9079.590     85.815   4.920  9.72122E-01  9.88217E-01 -1.60947E-02
    9081.095     87.321   4.960  9.71711E-01  9.89163E-01 -1.74527E-02
    9082.613     88.839   5.000  9.71386E-01  9.90116E-01 -1.87300E-02
    9084.143     90.369   5.040  9.71442E-01  9.91093E-01 -1.96510E-02
    9085.686     91.911   5.080  9.71878E-01  9.92047E-01 -2.01695E-02
    9087.240     93.466   5.120  9.72597E-01  9.93019E-01 -2.04220E-02
    9088.807     95.032   5.160  9.73304E-01  9.93941E-01 -2.06367E-02
    9090.386     96.611   5.200  9.73895E-01  9.94874E-01 -2.09788E-02
    9091.977     98.202   5.240  9.74303E-01  9.95774E-01 -2.14717E-02
    9093.580     99.805   5.280  9.74659E-01  9.96634E-01 -2.19751E-02
    9095.195    101.421   5.320  9.75244E-01  9.97430E-01 -2.21859E-02
    9096.823    103.048   5.360  9.76507E-01  9.98206E-01 -2.16997E-02
    9098.463    104.688   5.400  9.78789E-01  9.98938E-01 -2.01486E-02
    9100.115    106.340   5.440  9.82233E-01  9.99598E-01 -1.73646E-02
    9101.779    108.004   5.480  9.86727E-01  1.00018E+00 -1.34578E-02
    9103.455    109.681   5.520  9.91930E-01  1.00072E+00 -8.78906E-03
    9105.144    111.369   5.560  9.97314E-01  1.00118E+00 -3.86300E-03
    9106.845    113.070   5.600  1.00240E+00  1.00156E+00  8.37477E-04
    9108.558    114.783   5.640  1.00690E+00  1.00188E+00  5.01155E-03
    9110.283    116.508   5.680  1.01068E+00  1.00211E+00  8.56859E-03
    9112.020    118.246   5.720  1.01374E+00  1.00225E+00  1.14946E-02
    9113.770    119.995   5.760  1.01606E+00  1.00234E+00  1.37247E-02
    9115.531    121.757   5.800  1.01750E+00  1.00232E+00  1.51825E-02
    9117.305    123.531   5.840  1.01817E+00  1.00222E+00  1.59512E-02
    9119.091    125.317   5.880  1.01838E+00  1.00204E+00  1.63439E-02
    9120.890    127.115   5.920  1.01851E+00  1.00178E+00  1.67375E-02
    9122.700    128.926   5.960  1.01870E+00  1.00143E+00  1.72670E-02
    9124.523    130.749   6.000  1.01861E+00  1.00094E+00  1.76640E-02
