# # comment:                                                     FEFF 9.9.1  
# # Source:
# # Structure
# # Reduced
# # space
# # abc:
# # angles:
# # sites:
# # POT  SCF 100  7.0000   0, screened core-hole, AFOLP (folp(0)= 1.150)
# # Abs   Z=29 Rmt= 1.159 Rnm= 1.267 K  shell
# # Pot 1 Z=57 Rmt= 1.777 Rnm= 1.828
# # Pot 2 Z=26 Rmt= 1.311 Rnm= 1.408
# # Pot 3 Z=29 Rmt= 1.166 Rnm= 1.272
# # Pot 4 Z= 8 Rmt= 1.035 Rnm= 1.102
# # Gam_ch=1.729E+00 H-L exch Vi= 0.000E+00 Vr= 0.000E+00
# # Mu=-1.042E+01eV kf=2.159E+00 Vint=-1.783E+01eV Rs_int= 1.680
# FMS rfms= 9.0000
# # PATH  Rmax=-1.000,  Keep_limit= 0.00, Heap_limit 0.00  Pwcrit= 2.50%
#  S02=0.950  Temp=   0.00  Debye_temp=   0.00  Global_sig2= 0.00000
#  Energy zero shift, vr, vi    0.00000E+00   0.00000E+00
#  Curved wave amplitude ratio filter   4.000%
#     file         sig2 tot  cw amp ratio   deg  nlegs   reff  inp sig2
#     0/   0 paths used
#  xsedge+ 50, used to normalize mu           2.4742E-04
#  -----------------------------------------------------------------------
#  omega    e    k    mu    mu0     chi     @#
    8984.443    -14.228  -1.000  3.21063E-02  5.05337E-02 -1.84274E-02
    8984.742    -13.929  -0.960  3.35653E-02  5.40667E-02 -2.05014E-02
    8985.029    -13.643  -0.920  3.51138E-02  5.79793E-02 -2.28655E-02
    8985.303    -13.369  -0.880  3.67594E-02  6.23262E-02 -2.55668E-02
    8985.565    -13.107  -0.840  3.85102E-02  6.71708E-02 -2.86606E-02
    8985.815    -12.857  -0.800  4.03752E-02  7.25866E-02 -3.22114E-02
    8986.053    -12.619  -0.760  4.23641E-02  7.86574E-02 -3.62933E-02
    8986.278    -12.393  -0.720  4.44871E-02  8.54782E-02 -4.09910E-02
    8986.492    -12.180  -0.680  4.67546E-02  9.31528E-02 -4.63982E-02
    8986.693    -11.979  -0.640  4.91764E-02  1.01791E-01 -5.26145E-02
    8986.882    -11.790  -0.600  5.17607E-02  1.11500E-01 -5.97389E-02
    8987.059    -11.613  -0.560  5.45125E-02  1.22370E-01 -6.78575E-02
    8987.223    -11.448  -0.520  5.74311E-02  1.34455E-01 -7.70241E-02
    8987.376    -11.296  -0.480  6.05067E-02  1.47741E-01 -8.72341E-02
    8987.516    -11.156  -0.440  6.37171E-02  1.62111E-01 -9.83938E-02
    8987.644    -11.028  -0.400  6.70243E-02  1.77319E-01 -1.10295E-01
    8987.760    -10.912  -0.360  7.03728E-02  1.92978E-01 -1.22606E-01
    8987.863    -10.808  -0.320  7.36910E-02  2.08588E-01 -1.34897E-01
    8987.955    -10.717  -0.280  7.68953E-02  2.23588E-01 -1.46693E-01
    8988.034    -10.638  -0.240  7.98972E-02  2.37442E-01 -1.57545E-01
    8988.101    -10.571  -0.200  8.26098E-02  2.49695E-01 -1.67085E-01
    8988.156    -10.516  -0.160  8.49534E-02  2.60013E-01 -1.75059E-01
    8988.198    -10.473  -0.120  8.68584E-02  2.68177E-01 -1.81318E-01
    8988.229    -10.443  -0.080  8.82681E-02  2.74063E-01 -1.85795E-01
    8988.253    -10.418   0.000  8.94423E-02  2.78797E-01 -1.89355E-01
    8988.308    -10.363   0.120  9.22507E-02  2.89493E-01 -1.97242E-01
    8988.351    -10.321   0.160  9.44131E-02  2.97800E-01 -2.03387E-01
    8988.406    -10.266   0.200  9.72752E-02  3.08440E-01 -2.11164E-01
    8988.473    -10.199   0.240  1.00875E-01  3.21286E-01 -2.20411E-01
    8988.552    -10.120   0.280  1.05259E-01  3.36089E-01 -2.30830E-01
    8988.643    -10.028   0.320  1.10463E-01  3.52509E-01 -2.42046E-01
    8988.747     -9.924   0.360  1.16567E-01  3.70118E-01 -2.53551E-01
    8988.863     -9.809   0.400  1.23527E-01  3.88460E-01 -2.64933E-01
    8988.991     -9.681   0.440  1.31252E-01  4.07095E-01 -2.75843E-01
    8989.131     -9.540   0.480  1.39488E-01  4.25702E-01 -2.86213E-01
    8989.284     -9.388   0.520  1.47870E-01  4.44073E-01 -2.96202E-01
    8989.448     -9.223   0.560  1.55933E-01  4.62094E-01 -3.06161E-01
    8989.625     -9.047   0.600  1.63312E-01  4.79735E-01 -3.16423E-01
    8989.814     -8.858   0.640  1.69780E-01  4.97063E-01 -3.27283E-01
    8990.015     -8.656   0.680  1.74959E-01  5.14113E-01 -3.39154E-01
    8990.228     -8.443   0.720  1.78576E-01  5.30948E-01 -3.52372E-01
    8990.454     -8.218   0.760  1.80931E-01  5.47652E-01 -3.66721E-01
    8990.692     -7.980   0.800  1.83533E-01  5.64278E-01 -3.80745E-01
    8990.942     -7.730   0.840  1.89057E-01  5.80870E-01 -3.91813E-01
    8991.204     -7.468   0.880  2.00349E-01  5.97437E-01 -3.97089E-01
    8991.478     -7.193   0.920  2.20122E-01  6.14020E-01 -3.93898E-01
    8991.765     -6.907   0.960  2.51483E-01  6.30625E-01 -3.79143E-01
    8992.063     -6.608   1.000  2.98193E-01  6.47233E-01 -3.49040E-01
    8992.374     -6.297   1.040  3.62524E-01  6.63834E-01 -3.01310E-01
    8992.697     -5.974   1.080  4.38429E-01  6.80413E-01 -2.41984E-01
    8993.033     -5.639   1.120  5.09302E-01  6.96929E-01 -1.87627E-01
    8993.380     -5.292   1.160  5.70219E-01  7.13356E-01 -1.43137E-01
    8993.740     -4.932   1.200  6.44882E-01  7.29665E-01 -8.47831E-02
    8994.112     -4.560   1.240  7.49570E-01  7.45805E-01  3.76474E-03
    8994.496     -4.176   1.280  8.38300E-01  7.61741E-01  7.65589E-02
    8994.892     -3.780   1.320  8.27810E-01  7.77439E-01  5.03715E-02
    8995.300     -3.371   1.360  7.21508E-01  7.92862E-01 -7.13533E-02
    8995.721     -2.951   1.400  6.01959E-01  8.07954E-01 -2.05995E-01
    8996.154     -2.518   1.440  5.20905E-01  8.22679E-01 -3.01773E-01
    8996.599     -2.073   1.480  4.78412E-01  8.37000E-01 -3.58588E-01
    8997.056     -1.616   1.520  4.58046E-01  8.50881E-01 -3.92835E-01
    8997.525     -1.146   1.560  4.55655E-01  8.64289E-01 -4.08634E-01
    8998.007     -0.665   1.600  4.76208E-01  8.77214E-01 -4.01006E-01
    8998.501     -0.171   1.640  5.17604E-01  8.89602E-01 -3.71998E-01
    8999.007      0.335   1.680  5.73102E-01  9.01464E-01 -3.28362E-01
    8999.525      0.853   1.720  6.46542E-01  9.12752E-01 -2.66210E-01
    9000.055      1.384   1.760  7.42124E-01  9.23461E-01 -1.81336E-01
    9000.598      1.926   1.800  8.39484E-01  9.33606E-01 -9.41221E-02
    9001.152      2.481   1.840  9.14254E-01  9.43144E-01 -2.88900E-02
    9001.719      3.048   1.880  9.55765E-01  9.52075E-01  3.68930E-03
    9002.298      3.627   1.920  9.71232E-01  9.60420E-01  1.08121E-02
    9002.890      4.218   1.960  1.00063E+00  9.68180E-01  3.24519E-02
    9003.493      4.822   2.000  1.06816E+00  9.75358E-01  9.28039E-02
    9004.109      5.437   2.040  1.15328E+00  9.81943E-01  1.71341E-01
    9004.737      6.065   2.080  1.21944E+00  9.87978E-01  2.31465E-01
    9005.377      6.705   2.120  1.25037E+00  9.93452E-01  2.56918E-01
    9006.029      7.358   2.160  1.26895E+00  9.98414E-01  2.70533E-01
    9006.694      8.022   2.200  1.31588E+00  1.00285E+00  3.13025E-01
    9007.370      8.699   2.240  1.40091E+00  1.00678E+00  3.94137E-01
    9008.059      9.388   2.280  1.48159E+00  1.01026E+00  4.71331E-01
    9008.760     10.089   2.320  1.50574E+00  1.01327E+00  4.92469E-01
    9009.473     10.802   2.360  1.47055E+00  1.01584E+00  4.54709E-01
    9010.199     11.527   2.400  1.40149E+00  1.01802E+00  3.83470E-01
    9010.936     12.265   2.440  1.32556E+00  1.01981E+00  3.05747E-01
    9011.686     13.015   2.480  1.26510E+00  1.02125E+00  2.43852E-01
    9012.448     13.777   2.520  1.22640E+00  1.02234E+00  2.04057E-01
    9013.222     14.551   2.560  1.20048E+00  1.02311E+00  1.77365E-01
    9014.009     15.337   2.600  1.17475E+00  1.02361E+00  1.51132E-01
    9014.807     16.136   2.640  1.14190E+00  1.02384E+00  1.18057E-01
    9015.618     16.947   2.680  1.10445E+00  1.02382E+00  8.06330E-02
    9016.441     17.770   2.720  1.07215E+00  1.02356E+00  4.85912E-02
    9017.276     18.605   2.760  1.04891E+00  1.02312E+00  2.57846E-02
    9018.124     19.452   2.800  1.03354E+00  1.02249E+00  1.10489E-02
    9018.983     20.312   2.840  1.02315E+00  1.02169E+00  1.45783E-03
    9019.855     21.183   2.880  1.01406E+00  1.02076E+00 -6.69927E-03
    9020.739     22.067   2.920  1.00364E+00  1.01968E+00 -1.60410E-02
    9021.635     22.963   2.960  9.90477E-01  1.01850E+00 -2.80265E-02
    9022.543     23.872   3.000  9.73949E-01  1.01722E+00 -4.32679E-02
    9023.464     24.792   3.040  9.54746E-01  1.01587E+00 -6.11248E-02
    9024.396     25.725   3.080  9.35153E-01  1.01445E+00 -7.92989E-02
    9025.341     26.670   3.120  9.17518E-01  1.01298E+00 -9.54664E-02
    9026.298     27.627   3.160  9.02891E-01  1.01148E+00 -1.08587E-01
    9027.268     28.596   3.200  8.91639E-01  1.00993E+00 -1.18296E-01
    9028.249     29.577   3.240  8.83622E-01  1.00838E+00 -1.24761E-01
    9029.243     30.571   3.280  8.78190E-01  1.00683E+00 -1.28636E-01
    9030.249     31.577   3.320  8.74554E-01  1.00527E+00 -1.30717E-01
    9031.267     32.595   3.360  8.72080E-01  1.00372E+00 -1.31641E-01
    9032.297     33.625   3.400  8.70200E-01  1.00220E+00 -1.32000E-01
    9033.339     34.668   3.440  8.68525E-01  1.00071E+00 -1.32188E-01
    9034.394     35.722   3.480  8.67020E-01  9.99243E-01 -1.32223E-01
    9035.461     36.789   3.520  8.66130E-01  9.97832E-01 -1.31702E-01
    9036.540     37.868   3.560  8.66461E-01  9.96442E-01 -1.29980E-01
    9037.631     38.959   3.600  8.68905E-01  9.95118E-01 -1.26213E-01
    9038.734     40.063   3.640  8.74112E-01  9.93865E-01 -1.19752E-01
    9039.850     41.178   3.680  8.82353E-01  9.92659E-01 -1.10306E-01
    9040.977     42.306   3.720  8.93536E-01  9.91504E-01 -9.79682E-02
    9042.117     43.446   3.760  9.07392E-01  9.90443E-01 -8.30508E-02
    9043.270     44.598   3.800  9.23049E-01  9.89435E-01 -6.63868E-02
    9044.434     45.762   3.840  9.38986E-01  9.88481E-01 -4.94951E-02
    9045.610     46.939   3.880  9.53385E-01  9.87623E-01 -3.42381E-02
    9046.799     48.128   3.920  9.64674E-01  9.86822E-01 -2.21482E-02
    9048.000     49.328   3.960  9.72390E-01  9.86121E-01 -1.37310E-02
    9049.213     50.542   4.000  9.77311E-01  9.85474E-01 -8.16291E-03
    9050.438     51.767   4.040  9.81370E-01  9.84903E-01 -3.53308E-03
    9051.676     53.004   4.080  9.86784E-01  9.84409E-01  2.37576E-03
    9052.926     54.254   4.120  9.95144E-01  9.83970E-01  1.11741E-02
    9054.187     55.516   4.160  1.00684E+00  9.83629E-01  2.32156E-02
    9055.461     56.790   4.200  1.02071E+00  9.83343E-01  3.73680E-02
    9056.748     58.076   4.240  1.03475E+00  9.83132E-01  5.16168E-02
    9058.046     59.375   4.280  1.04710E+00  9.82998E-01  6.41013E-02
    9059.357     60.685   4.320  1.05663E+00  9.82937E-01  7.36904E-02
    9060.680     62.008   4.360  1.06271E+00  9.82926E-01  7.97877E-02
    9062.015     63.343   4.400  1.06494E+00  9.82965E-01  8.19771E-02
    9063.362     64.690   4.440  1.06302E+00  9.83094E-01  7.99242E-02
    9064.721     66.050   4.480  1.05690E+00  9.83250E-01  7.36518E-02
    9066.093     67.421   4.520  1.04779E+00  9.83475E-01  6.43108E-02
    9067.477     68.805   4.560  1.03799E+00  9.83743E-01  5.42513E-02
    9068.873     70.201   4.600  1.03012E+00  9.84077E-01  4.60404E-02
    9070.281     71.609   4.640  1.02586E+00  9.84430E-01  4.14284E-02
    9071.701     73.030   4.680  1.02574E+00  9.84822E-01  4.09142E-02
    9073.134     74.462   4.720  1.02925E+00  9.85276E-01  4.39696E-02
    9074.578     75.907   4.760  1.03540E+00  9.85744E-01  4.96603E-02
    9076.035     77.364   4.800  1.04319E+00  9.86247E-01  5.69399E-02
    9077.505     78.833   4.840  1.05120E+00  9.86785E-01  6.44137E-02
    9078.986     80.314   4.880  1.05747E+00  9.87331E-01  7.01372E-02
    9080.479     81.808   4.920  1.06005E+00  9.87907E-01  7.21471E-02
    9081.985     83.313   4.960  1.05800E+00  9.88489E-01  6.95151E-02
    9083.503     84.831   5.000  1.05187E+00  9.89073E-01  6.27956E-02
    9085.033     86.361   5.040  1.04318E+00  9.89660E-01  5.35234E-02
    9086.575     87.904   5.080  1.03347E+00  9.90271E-01  4.31967E-02
    9088.130     89.458   5.120  1.02342E+00  9.90860E-01  3.25571E-02
    9089.696     91.025   5.160  1.01297E+00  9.91467E-01  2.15061E-02
    9091.275     92.604   5.200  1.00160E+00  9.92049E-01  9.55549E-03
    9092.866     94.195   5.240  9.89005E-01  9.92622E-01 -3.61705E-03
    9094.470     95.798   5.280  9.75234E-01  9.93166E-01 -1.79321E-02
    9096.085     97.413   5.320  9.60735E-01  9.93701E-01 -3.29664E-02
    9097.713     99.041   5.360  9.46191E-01  9.94226E-01 -4.80345E-02
    9099.352    100.681   5.400  9.32762E-01  9.94693E-01 -6.19317E-02
    9101.004    102.333   5.440  9.22263E-01  9.95149E-01 -7.28855E-02
    9102.669    103.997   5.480  9.16487E-01  9.95591E-01 -7.91042E-02
    9104.345    105.674   5.520  9.16304E-01  9.95974E-01 -7.96699E-02
    9106.034    107.362   5.560  9.21388E-01  9.96340E-01 -7.49521E-02
    9107.734    109.063   5.600  9.30414E-01  9.96669E-01 -6.62550E-02
    9109.447    110.776   5.640  9.41871E-01  9.96956E-01 -5.50846E-02
    9111.173    112.501   5.680  9.54730E-01  9.97178E-01 -4.24475E-02
    9112.910    114.238   5.720  9.68580E-01  9.97380E-01 -2.87998E-02
    9114.659    115.988   5.760  9.83027E-01  9.97518E-01 -1.44912E-02
    9116.421    117.750   5.800  9.97254E-01  9.97637E-01 -3.83288E-04
    9118.195    119.524   5.840  1.00966E+00  9.97691E-01  1.19727E-02
    9119.981    121.310   5.880  1.01840E+00  9.97701E-01  2.07022E-02
    9121.780    123.108   5.920  1.02203E+00  9.97666E-01  2.43630E-02
    9123.590    124.919   5.960  1.02008E+00  9.97558E-01  2.25194E-02
    9125.413    126.741   6.000  1.01300E+00  9.97400E-01  1.56022E-02
