# # comment:                                                     FEFF 9.9.1  
# # Source:
# # Structure
# # Reduced
# # space
# # abc:
# # angles:
# # sites:
# # POT  SCF 100  7.0000   0, screened core-hole, AFOLP (folp(0)= 1.150)
# # Abs   Z=29 Rmt= 1.385 Rnm= 1.445 K  shell
# # Pot 1 Z=29 Rmt= 1.385 Rnm= 1.445
# # Pot 2 Z=17 Rmt= 1.367 Rnm= 1.493
# # Pot 3 Z= 8 Rmt= 1.062 Rnm= 1.149
# # Gam_ch=1.729E+00 H-L exch Vi= 0.000E+00 Vr= 0.000E+00
# # Mu=-6.721E+00eV kf=1.846E+00 Vint=-1.127E+01eV Rs_int= 1.965
# FMS rfms= 9.0000
# # PATH  Rmax=-1.000,  Keep_limit= 0.00, Heap_limit 0.00  Pwcrit= 2.50%
#  S02=0.950  Temp=   0.00  Debye_temp=   0.00  Global_sig2= 0.00000
#  Energy zero shift, vr, vi    0.00000E+00   0.00000E+00
#  Curved wave amplitude ratio filter   4.000%
#     file         sig2 tot  cw amp ratio   deg  nlegs   reff  inp sig2
#     0/   0 paths used
#  xsedge+ 50, used to normalize mu           2.4420E-04
#  -----------------------------------------------------------------------
#  omega    e    k    mu    mu0     chi     @#
    8983.200    -10.531  -1.000  3.54807E-02  5.59084E-02 -2.04277E-02
    8983.499    -10.232  -0.960  3.69821E-02  5.99183E-02 -2.29362E-02
    8983.785     -9.945  -0.920  3.85520E-02  6.43574E-02 -2.58054E-02
    8984.059     -9.671  -0.880  4.01935E-02  6.92857E-02 -2.90922E-02
    8984.321     -9.409  -0.840  4.19101E-02  7.47730E-02 -3.28629E-02
    8984.571     -9.159  -0.800  4.37055E-02  8.08994E-02 -3.71940E-02
    8984.809     -8.921  -0.760  4.55839E-02  8.77565E-02 -4.21727E-02
    8985.035     -8.696  -0.720  4.75496E-02  9.54468E-02 -4.78972E-02
    8985.248     -8.482  -0.680  4.96073E-02  1.04083E-01 -5.44752E-02
    8985.449     -8.281  -0.640  5.17609E-02  1.13781E-01 -6.20203E-02
    8985.638     -8.092  -0.600  5.40137E-02  1.24657E-01 -7.06435E-02
    8985.815     -7.915  -0.560  5.63659E-02  1.36807E-01 -8.04408E-02
    8985.980     -7.751  -0.520  5.88134E-02  1.50285E-01 -9.14712E-02
    8986.132     -7.598  -0.480  6.13442E-02  1.65073E-01 -1.03729E-01
    8986.272     -7.458  -0.440  6.39357E-02  1.81044E-01 -1.17108E-01
    8986.400     -7.330  -0.400  6.65516E-02  1.97931E-01 -1.31379E-01
    8986.516     -7.214  -0.360  6.91416E-02  2.15314E-01 -1.46172E-01
    8986.620     -7.111  -0.320  7.16451E-02  2.32650E-01 -1.61004E-01
    8986.711     -7.019  -0.280  7.39977E-02  2.49329E-01 -1.75332E-01
    8986.790     -6.940  -0.240  7.61394E-02  2.64762E-01 -1.88623E-01
    8986.857     -6.873  -0.200  7.80205E-02  2.78443E-01 -2.00423E-01
    8986.912     -6.818  -0.160  7.96030E-02  2.89992E-01 -2.10389E-01
    8986.955     -6.776  -0.120  8.08587E-02  2.99154E-01 -2.18295E-01
    8986.985     -6.745  -0.080  8.17680E-02  3.05775E-01 -2.24007E-01
    8987.010     -6.721   0.000  8.25087E-02  3.11112E-01 -2.28603E-01
    8987.065     -6.666   0.120  8.44087E-02  3.23161E-01 -2.38752E-01
    8987.107     -6.623   0.160  8.58084E-02  3.32587E-01 -2.46779E-01
    8987.162     -6.568   0.200  8.75802E-02  3.44698E-01 -2.57117E-01
    8987.229     -6.501   0.240  8.97035E-02  3.59377E-01 -2.69674E-01
    8987.308     -6.422   0.280  9.21380E-02  3.76426E-01 -2.84288E-01
    8987.400     -6.331   0.320  9.49217E-02  3.95555E-01 -3.00634E-01
    8987.504     -6.227   0.360  9.79685E-02  4.16300E-01 -3.18332E-01
    8987.619     -6.111   0.400  1.01344E-01  4.38242E-01 -3.36899E-01
    8987.747     -5.983   0.440  1.05072E-01  4.60931E-01 -3.55859E-01
    8987.888     -5.843   0.480  1.09271E-01  4.84043E-01 -3.74772E-01
    8988.040     -5.690   0.520  1.14023E-01  5.07302E-01 -3.93279E-01
    8988.205     -5.526   0.560  1.19562E-01  5.30594E-01 -4.11032E-01
    8988.381     -5.349   0.600  1.26013E-01  5.53823E-01 -4.27810E-01
    8988.570     -5.160   0.640  1.33479E-01  5.76940E-01 -4.43461E-01
    8988.772     -4.959   0.680  1.41993E-01  5.99983E-01 -4.57989E-01
    8988.985     -4.746   0.720  1.51378E-01  6.22888E-01 -4.71510E-01
    8989.210     -4.520   0.760  1.61647E-01  6.45651E-01 -4.84004E-01
    8989.448     -4.282   0.800  1.73249E-01  6.68234E-01 -4.94985E-01
    8989.698     -4.032   0.840  1.87119E-01  6.90566E-01 -5.03447E-01
    8989.960     -3.770   0.880  2.03918E-01  7.12583E-01 -5.08665E-01
    8990.235     -3.496   0.920  2.23685E-01  7.34212E-01 -5.10527E-01
    8990.521     -3.209   0.960  2.46955E-01  7.55370E-01 -5.08416E-01
    8990.820     -2.911   1.000  2.75727E-01  7.75929E-01 -5.00202E-01
    8991.131     -2.600   1.040  3.12280E-01  7.95838E-01 -4.83558E-01
    8991.454     -2.277   1.080  3.58181E-01  8.14963E-01 -4.56782E-01
    8991.789     -1.941   1.120  4.15798E-01  8.33255E-01 -4.17457E-01
    8992.137     -1.594   1.160  4.89112E-01  8.50623E-01 -3.61512E-01
    8992.496     -1.234   1.200  5.81248E-01  8.67025E-01 -2.85778E-01
    8992.868     -0.862   1.240  6.90929E-01  8.82380E-01 -1.91451E-01
    8993.252     -0.478   1.280  8.08614E-01  8.96676E-01 -8.80621E-02
    8993.648     -0.082   1.320  9.17637E-01  9.09864E-01  7.77315E-03
    8994.057      0.326   1.360  1.01214E+00  9.21965E-01  9.01764E-02
    8994.477      0.747   1.400  1.09759E+00  9.32963E-01  1.64631E-01
    8994.910      1.180   1.440  1.17190E+00  9.42889E-01  2.29010E-01
    8995.355      1.625   1.480  1.22725E+00  9.51740E-01  2.75515E-01
    8995.812      2.082   1.520  1.26690E+00  9.59596E-01  3.07309E-01
    8996.282      2.551   1.560  1.31555E+00  9.66461E-01  3.49089E-01
    8996.763      3.033   1.600  1.40693E+00  9.72402E-01  4.34527E-01
    8997.257      3.527   1.640  1.52111E+00  9.77489E-01  5.43623E-01
    8997.763      4.033   1.680  1.55414E+00  9.81755E-01  5.72389E-01
    8998.281      4.551   1.720  1.45665E+00  9.85291E-01  4.71363E-01
    8998.812      5.081   1.760  1.31817E+00  9.88129E-01  3.30037E-01
    8999.354      5.624   1.800  1.22145E+00  9.90343E-01  2.31112E-01
    8999.909      6.178   1.840  1.18325E+00  9.92006E-01  1.91240E-01
    9000.476      6.745   1.880  1.18482E+00  9.93167E-01  1.91652E-01
    9001.055      7.324   1.920  1.19125E+00  9.93876E-01  1.97376E-01
    9001.646      7.916   1.960  1.17865E+00  9.94203E-01  1.84445E-01
    9002.250      8.519   2.000  1.15252E+00  9.94197E-01  1.58318E-01
    9002.865      9.135   2.040  1.13293E+00  9.93903E-01  1.39027E-01
    9003.493      9.763   2.080  1.13034E+00  9.93382E-01  1.36955E-01
    9004.133     10.403   2.120  1.13620E+00  9.92639E-01  1.43562E-01
    9004.786     11.055   2.160  1.13351E+00  9.91774E-01  1.41740E-01
    9005.450     11.720   2.200  1.11663E+00  9.90767E-01  1.25861E-01
    9006.127     12.396   2.240  1.09259E+00  9.89694E-01  1.02900E-01
    9006.816     13.085   2.280  1.05963E+00  9.88550E-01  7.10818E-02
    9007.517     13.786   2.320  1.01903E+00  9.87369E-01  3.16640E-02
    9008.230     14.499   2.360  9.78007E-01  9.86204E-01 -8.19723E-03
    9008.955     15.225   2.400  9.44448E-01  9.85049E-01 -4.06002E-02
    9009.693     15.962   2.440  9.21520E-01  9.83930E-01 -6.24107E-02
    9010.443     16.712   2.480  9.07209E-01  9.82879E-01 -7.56695E-02
    9011.205     17.474   2.520  8.96220E-01  9.81879E-01 -8.56591E-02
    9011.979     18.248   2.560  8.84614E-01  9.80959E-01 -9.63449E-02
    9012.765     19.035   2.600  8.71446E-01  9.80124E-01 -1.08678E-01
    9013.564     19.833   2.640  8.57878E-01  9.79399E-01 -1.21521E-01
    9014.375     20.644   2.680  8.45197E-01  9.78789E-01 -1.33592E-01
    9015.198     21.467   2.720  8.34387E-01  9.78277E-01 -1.43890E-01
    9016.033     22.302   2.760  8.26336E-01  9.77905E-01 -1.51569E-01
    9016.880     23.150   2.800  8.20796E-01  9.77632E-01 -1.56835E-01
    9017.740     24.009   2.840  8.17024E-01  9.77480E-01 -1.60456E-01
    9018.611     24.881   2.880  8.14414E-01  9.77472E-01 -1.63058E-01
    9019.495     25.765   2.920  8.12883E-01  9.77566E-01 -1.64683E-01
    9020.391     26.661   2.960  8.13003E-01  9.77802E-01 -1.64798E-01
    9021.300     27.569   3.000  8.15886E-01  9.78140E-01 -1.62253E-01
    9022.220     28.490   3.040  8.22505E-01  9.78616E-01 -1.56111E-01
    9023.153     29.422   3.080  8.33065E-01  9.79188E-01 -1.46123E-01
    9024.098     30.367   3.120  8.47921E-01  9.79877E-01 -1.31956E-01
    9025.055     31.324   3.160  8.67266E-01  9.80657E-01 -1.13391E-01
    9026.024     32.294   3.200  8.91101E-01  9.81548E-01 -9.04469E-02
    9027.005     33.275   3.240  9.19138E-01  9.82547E-01 -6.34085E-02
    9027.999     34.269   3.280  9.50533E-01  9.83606E-01 -3.30726E-02
    9029.005     35.274   3.320  9.83770E-01  9.84746E-01 -9.75637E-04
    9030.023     36.293   3.360  1.01667E+00  9.85962E-01  3.07033E-02
    9031.053     37.323   3.400  1.04705E+00  9.87252E-01  5.97942E-02
    9032.096     38.365   3.440  1.07366E+00  9.88592E-01  8.50686E-02
    9033.150     39.420   3.480  1.09633E+00  9.89996E-01  1.06334E-01
    9034.217     40.487   3.520  1.11541E+00  9.91420E-01  1.23993E-01
    9035.296     41.566   3.560  1.13125E+00  9.92900E-01  1.38354E-01
    9036.387     42.657   3.600  1.14359E+00  9.94393E-01  1.49202E-01
    9037.491     43.760   3.640  1.15184E+00  9.95890E-01  1.55951E-01
    9038.606     44.876   3.680  1.15558E+00  9.97389E-01  1.58195E-01
    9039.734     46.003   3.720  1.15475E+00  9.98909E-01  1.55842E-01
    9040.874     47.143   3.760  1.14973E+00  1.00040E+00  1.49325E-01
    9042.026     48.295   3.800  1.14116E+00  1.00189E+00  1.39275E-01
    9043.190     49.460   3.840  1.12991E+00  1.00336E+00  1.26552E-01
    9044.367     50.636   3.880  1.11648E+00  1.00478E+00  1.11703E-01
    9045.556     51.825   3.920  1.10113E+00  1.00617E+00  9.49554E-02
    9046.756     53.026   3.960  1.08386E+00  1.00752E+00  7.63376E-02
    9047.970     54.239   4.000  1.06480E+00  1.00880E+00  5.60006E-02
    9049.195     55.464   4.040  1.04424E+00  1.01003E+00  3.42089E-02
    9050.432     56.702   4.080  1.02262E+00  1.01118E+00  1.14352E-02
    9051.682     57.952   4.120  1.00068E+00  1.01228E+00 -1.16049E-02
    9052.944     59.213   4.160  9.79232E-01  1.01330E+00 -3.40699E-02
    9054.218     60.487   4.200  9.59254E-01  1.01422E+00 -5.49627E-02
    9055.504     61.774   4.240  9.41632E-01  1.01507E+00 -7.34396E-02
    9056.803     63.072   4.280  9.26797E-01  1.01584E+00 -8.90463E-02
    9058.113     64.383   4.320  9.14998E-01  1.01653E+00 -1.01532E-01
    9059.436     65.706   4.360  9.06756E-01  1.01713E+00 -1.10377E-01
    9060.771     67.041   4.400  9.02994E-01  1.01763E+00 -1.14632E-01
    9062.118     68.388   4.440  9.04728E-01  1.01805E+00 -1.13326E-01
    9063.478     69.747   4.480  9.12328E-01  1.01837E+00 -1.06047E-01
    9064.849     71.119   4.520  9.25188E-01  1.01861E+00 -9.34193E-02
    9066.233     72.503   4.560  9.41694E-01  1.01876E+00 -7.70609E-02
    9067.629     73.899   4.600  9.59770E-01  1.01882E+00 -5.90472E-02
    9069.037     75.307   4.640  9.77770E-01  1.01877E+00 -4.10027E-02
    9070.458     76.727   4.680  9.94783E-01  1.01867E+00 -2.38858E-02
    9071.890     78.160   4.720  1.01030E+00  1.01848E+00 -8.18246E-03
    9073.335     79.604   4.760  1.02379E+00  1.01822E+00  5.56315E-03
    9074.792     81.061   4.800  1.03456E+00  1.01791E+00  1.66519E-02
    9076.261     82.530   4.840  1.04220E+00  1.01751E+00  2.46901E-02
    9077.742     84.012   4.880  1.04716E+00  1.01705E+00  3.01192E-02
    9079.236     85.505   4.920  1.05071E+00  1.01653E+00  3.41802E-02
    9080.741     87.011   4.960  1.05412E+00  1.01597E+00  3.81488E-02
    9082.259     88.529   5.000  1.05753E+00  1.01536E+00  4.21664E-02
    9083.789     90.059   5.040  1.05966E+00  1.01472E+00  4.49391E-02
    9085.332     91.601   5.080  1.05847E+00  1.01404E+00  4.44312E-02
    9086.886     93.156   5.120  1.05252E+00  1.01331E+00  3.92022E-02
    9088.453     94.722   5.160  1.04192E+00  1.01258E+00  2.93408E-02
    9090.032     96.301   5.200  1.02821E+00  1.01181E+00  1.63923E-02
    9091.623     97.892   5.240  1.01369E+00  1.01104E+00  2.64292E-03
    9093.226     99.496   5.280  1.00051E+00  1.01027E+00 -9.75860E-03
    9094.841    101.111   5.320  9.90121E-01  1.00949E+00 -1.93712E-02
    9096.469    102.739   5.360  9.83144E-01  1.00871E+00 -2.55696E-02
    9098.109    104.378   5.400  9.79567E-01  1.00792E+00 -2.83487E-02
    9099.761    106.030   5.440  9.78976E-01  1.00717E+00 -2.81899E-02
    9101.425    107.695   5.480  9.80539E-01  1.00640E+00 -2.58613E-02
    9103.102    109.371   5.520  9.83561E-01  1.00567E+00 -2.21043E-02
    9104.790    111.060   5.560  9.87571E-01  1.00496E+00 -1.73927E-02
    9106.491    112.760   5.600  9.92417E-01  1.00427E+00 -1.18562E-02
    9108.204    114.473   5.640  9.98185E-01  1.00362E+00 -5.43223E-03
    9109.929    116.199   5.680  1.00481E+00  1.00300E+00  1.81208E-03
    9111.666    117.936   5.720  1.01178E+00  1.00239E+00  9.38748E-03
    9113.416    119.685   5.760  1.01810E+00  1.00182E+00  1.62813E-02
    9115.178    121.447   5.800  1.02267E+00  1.00129E+00  2.13817E-02
    9116.952    123.221   5.840  1.02485E+00  1.00080E+00  2.40514E-02
    9118.738    125.007   5.880  1.02463E+00  1.00035E+00  2.42750E-02
    9120.536    126.806   5.920  1.02234E+00  9.99929E-01  2.24075E-02
    9122.347    128.616   5.960  1.01851E+00  9.99588E-01  1.89173E-02
    9124.169    130.439   6.000  1.01339E+00  9.99291E-01  1.41034E-02
