# # comment:                                                     FEFF 9.9.1  
# # Source:
# # Structure
# # Reduced
# # space
# # abc:
# # angles:112.186384
# # sites:
# # POT  SCF 100  7.0000   0, screened core-hole, AFOLP (folp(0)= 1.150)
# # Abs   Z=29 Rmt= 1.281 Rnm= 1.342 K  shell
# # Pot 1 Z= 3 Rmt= 1.378 Rnm= 1.452
# # Pot 2 Z=29 Rmt= 1.287 Rnm= 1.355
# # Pot 3 Z=15 Rmt= 0.937 Rnm= 1.153
# # Pot 4 Z= 8 Rmt= 0.915 Rnm= 1.043
# # Gam_ch=1.729E+00 H-L exch Vi= 0.000E+00 Vr= 0.000E+00
# # Mu=-5.825E+00eV kf=2.433E+00 Vint=-1.703E+01eV Rs_int= 1.491
# FMS rfms= 9.0000
# # PATH  Rmax=-1.000,  Keep_limit= 0.00, Heap_limit 0.00  Pwcrit= 2.50%
#  S02=0.950  Temp=   0.00  Debye_temp=   0.00  Global_sig2= 0.00000
#  Energy zero shift, vr, vi    0.00000E+00   0.00000E+00
#  Curved wave amplitude ratio filter   4.000%
#     file         sig2 tot  cw amp ratio   deg  nlegs   reff  inp sig2
#     0/   0 paths used
#  xsedge+ 50, used to normalize mu           2.4737E-04
#  -----------------------------------------------------------------------
#  omega    e    k    mu    mu0     chi     @#
    8983.483     -9.635  -1.000  4.41468E-02  5.61784E-02 -1.20316E-02
    8983.782     -9.336  -0.960  4.65482E-02  6.03666E-02 -1.38184E-02
    8984.068     -9.050  -0.920  4.91221E-02  6.50318E-02 -1.59097E-02
    8984.342     -8.775  -0.880  5.18841E-02  7.02454E-02 -1.83613E-02
    8984.604     -8.513  -0.840  5.48514E-02  7.60908E-02 -2.12394E-02
    8984.854     -8.263  -0.800  5.80430E-02  8.26645E-02 -2.46215E-02
    8985.092     -8.025  -0.760  6.14793E-02  9.00776E-02 -2.85983E-02
    8985.318     -7.800  -0.720  6.51823E-02  9.84559E-02 -3.32735E-02
    8985.531     -7.587  -0.680  6.91745E-02  1.07938E-01 -3.87634E-02
    8985.732     -7.385  -0.640  7.34780E-02  1.18671E-01 -4.51926E-02
    8985.921     -7.196  -0.600  7.81119E-02  1.30798E-01 -5.26861E-02
    8986.098     -7.020  -0.560  8.30891E-02  1.44444E-01 -6.13550E-02
    8986.263     -6.855  -0.520  8.84108E-02  1.59683E-01 -7.12726E-02
    8986.415     -6.703  -0.480  9.40590E-02  1.76501E-01 -8.24424E-02
    8986.555     -6.562  -0.440  9.99890E-02  1.94750E-01 -9.47609E-02
    8986.683     -6.434  -0.400  1.06122E-01  2.14108E-01 -1.07986E-01
    8986.799     -6.319  -0.360  1.12340E-01  2.34069E-01 -1.21729E-01
    8986.903     -6.215  -0.320  1.18494E-01  2.53977E-01 -1.35483E-01
    8986.994     -6.124  -0.280  1.24412E-01  2.73103E-01 -1.48691E-01
    8987.073     -6.044  -0.240  1.29917E-01  2.90748E-01 -1.60831E-01
    8987.140     -5.977  -0.200  1.34846E-01  3.06329E-01 -1.71483E-01
    8987.195     -5.922  -0.160  1.39061E-01  3.19425E-01 -1.80364E-01
    8987.238     -5.880  -0.120  1.42453E-01  3.29768E-01 -1.87315E-01
    8987.268     -5.849  -0.080  1.44944E-01  3.37212E-01 -1.92269E-01
    8987.293     -5.825   0.000  1.47006E-01  3.43189E-01 -1.96182E-01
    8987.348     -5.770   0.120  1.51612E-01  3.56668E-01 -2.05056E-01
    8987.390     -5.727   0.160  1.55176E-01  3.67110E-01 -2.11934E-01
    8987.445     -5.672   0.200  1.59821E-01  3.80429E-01 -2.20609E-01
    8987.512     -5.605   0.240  1.65551E-01  3.96406E-01 -2.30855E-01
    8987.591     -5.526   0.280  1.72393E-01  4.14713E-01 -2.42320E-01
    8987.683     -5.435   0.320  1.80299E-01  4.34824E-01 -2.54524E-01
    8987.787     -5.331   0.360  1.89198E-01  4.56101E-01 -2.66903E-01
    8987.902     -5.215   0.400  1.99039E-01  4.77907E-01 -2.78868E-01
    8988.030     -5.087   0.440  2.09731E-01  4.99623E-01 -2.89892E-01
    8988.171     -4.947   0.480  2.21251E-01  5.20787E-01 -2.99536E-01
    8988.323     -4.795   0.520  2.33742E-01  5.41086E-01 -3.07344E-01
    8988.488     -4.630   0.560  2.47538E-01  5.60364E-01 -3.12826E-01
    8988.664     -4.453   0.600  2.63222E-01  5.78630E-01 -3.15408E-01
    8988.853     -4.264   0.640  2.81434E-01  5.95934E-01 -3.14499E-01
    8989.055     -4.063   0.680  3.02794E-01  6.12365E-01 -3.09570E-01
    8989.268     -3.850   0.720  3.28044E-01  6.28031E-01 -2.99987E-01
    8989.493     -3.624   0.760  3.58279E-01  6.43061E-01 -2.84782E-01
    8989.731     -3.386   0.800  3.95086E-01  6.57570E-01 -2.62483E-01
    8989.981     -3.136   0.840  4.40085E-01  6.71622E-01 -2.31537E-01
    8990.243     -2.874   0.880  4.94413E-01  6.85286E-01 -1.90873E-01
    8990.518     -2.600   0.920  5.57769E-01  6.98655E-01 -1.40886E-01
    8990.804     -2.314   0.960  6.27062E-01  7.11747E-01 -8.46854E-02
    8991.103     -2.015   1.000  6.96058E-01  7.24593E-01 -2.85349E-02
    8991.414     -1.704   1.040  7.57556E-01  7.37229E-01  2.03275E-02
    8991.737     -1.381   1.080  8.06921E-01  7.49664E-01  5.72572E-02
    8992.072     -1.046   1.120  8.44420E-01  7.61902E-01  8.25172E-02
    8992.420     -0.698   1.160  8.72577E-01  7.73939E-01  9.86371E-02
    8992.779     -0.338   1.200  8.90055E-01  7.85786E-01  1.04269E-01
    8993.151      0.033   1.240  8.93277E-01  7.97411E-01  9.58661E-02
    8993.535      0.417   1.280  8.84043E-01  8.08819E-01  7.52245E-02
    8993.931      0.814   1.320  8.70194E-01  8.19991E-01  5.02035E-02
    8994.340      1.222   1.360  8.59839E-01  8.30928E-01  2.89111E-02
    8994.760      1.643   1.400  8.59406E-01  8.41589E-01  1.78172E-02
    8995.193      2.076   1.440  8.73877E-01  8.51992E-01  2.18854E-02
    8995.638      2.521   1.480  9.03513E-01  8.62093E-01  4.14200E-02
    8996.095      2.978   1.520  9.45486E-01  8.71889E-01  7.35962E-02
    8996.565      3.447   1.560  9.97523E-01  8.81359E-01  1.16164E-01
    8997.046      3.929   1.600  1.05734E+00  8.90518E-01  1.66818E-01
    8997.540      4.423   1.640  1.12283E+00  8.99322E-01  2.23510E-01
    8998.046      4.928   1.680  1.19279E+00  9.07790E-01  2.85003E-01
    8998.564      5.447   1.720  1.25829E+00  9.15879E-01  3.42413E-01
    8999.095      5.977   1.760  1.30607E+00  9.23607E-01  3.82463E-01
    8999.637      6.520   1.800  1.33621E+00  9.30974E-01  4.05236E-01
    9000.192      7.074   1.840  1.35361E+00  9.37959E-01  4.15653E-01
    9000.759      7.641   1.880  1.35298E+00  9.44561E-01  4.08422E-01
    9001.338      8.220   1.920  1.33493E+00  9.50781E-01  3.84151E-01
    9001.929      8.812   1.960  1.30749E+00  9.56643E-01  3.50846E-01
    9002.533      9.415   2.000  1.27557E+00  9.62109E-01  3.13466E-01
    9003.148     10.031   2.040  1.24192E+00  9.67220E-01  2.74701E-01
    9003.776     10.659   2.080  1.20703E+00  9.71981E-01  2.35049E-01
    9004.416     11.299   2.120  1.17025E+00  9.76354E-01  1.93896E-01
    9005.069     11.951   2.160  1.13637E+00  9.80406E-01  1.55969E-01
    9005.733     12.616   2.200  1.11096E+00  9.84101E-01  1.26859E-01
    9006.410     13.292   2.240  1.09326E+00  9.87485E-01  1.05771E-01
    9007.099     13.981   2.280  1.07694E+00  9.90543E-01  8.63933E-02
    9007.800     14.682   2.320  1.05763E+00  9.93281E-01  6.43483E-02
    9008.513     15.395   2.360  1.03791E+00  9.95726E-01  4.21842E-02
    9009.238     16.121   2.400  1.02239E+00  9.97905E-01  2.44816E-02
    9009.976     16.858   2.440  1.01162E+00  9.99805E-01  1.18146E-02
    9010.726     17.608   2.480  1.00305E+00  1.00145E+00  1.60241E-03
    9011.488     18.370   2.520  9.93630E-01  1.00285E+00 -9.22451E-03
    9012.262     19.144   2.560  9.81791E-01  1.00404E+00 -2.22488E-02
    9013.048     19.931   2.600  9.67418E-01  1.00499E+00 -3.75750E-02
    9013.847     20.729   2.640  9.51547E-01  1.00576E+00 -5.42158E-02
    9014.658     21.540   2.680  9.36200E-01  1.00634E+00 -7.01355E-02
    9015.481     22.363   2.720  9.21386E-01  1.00674E+00 -8.53531E-02
    9016.316     23.198   2.760  9.04811E-01  1.00698E+00 -1.02169E-01
    9017.163     24.045   2.800  8.86384E-01  1.00709E+00 -1.20701E-01
    9018.023     24.905   2.840  8.74675E-01  1.00704E+00 -1.32365E-01
    9018.894     25.777   2.880  8.68297E-01  1.00689E+00 -1.38594E-01
    9019.778     26.661   2.920  8.64875E-01  1.00663E+00 -1.41751E-01
    9020.674     27.557   2.960  8.64477E-01  1.00625E+00 -1.41771E-01
    9021.583     28.465   3.000  8.67050E-01  1.00581E+00 -1.38755E-01
    9022.503     29.386   3.040  8.71742E-01  1.00526E+00 -1.33519E-01
    9023.436     30.318   3.080  8.77291E-01  1.00466E+00 -1.27373E-01
    9024.381     31.263   3.120  8.82789E-01  1.00402E+00 -1.21228E-01
    9025.338     32.220   3.160  8.87686E-01  1.00333E+00 -1.15639E-01
    9026.307     33.189   3.200  8.91888E-01  1.00259E+00 -1.10706E-01
    9027.288     34.171   3.240  8.95961E-01  1.00183E+00 -1.05865E-01
    9028.282     35.165   3.280  9.00982E-01  1.00104E+00 -1.00063E-01
    9029.288     36.170   3.320  9.07633E-01  1.00023E+00 -9.26004E-02
    9030.306     37.188   3.360  9.16609E-01  9.99417E-01 -8.28083E-02
    9031.336     38.219   3.400  9.28029E-01  9.98600E-01 -7.05708E-02
    9032.379     39.261   3.440  9.41422E-01  9.97806E-01 -5.63842E-02
    9033.433     40.316   3.480  9.55946E-01  9.97017E-01 -4.10712E-02
    9034.500     41.382   3.520  9.70837E-01  9.96234E-01 -2.53974E-02
    9035.579     42.461   3.560  9.85489E-01  9.95479E-01 -9.99020E-03
    9036.670     43.553   3.600  9.99422E-01  9.94735E-01  4.68750E-03
    9037.774     44.656   3.640  1.01247E+00  9.94024E-01  1.84488E-02
    9038.889     45.772   3.680  1.02440E+00  9.93349E-01  3.10541E-02
    9040.017     46.899   3.720  1.03495E+00  9.92712E-01  4.22365E-02
    9041.157     48.039   3.760  1.04404E+00  9.92113E-01  5.19222E-02
    9042.309     49.191   3.800  1.05182E+00  9.91554E-01  6.02644E-02
    9043.473     50.356   3.840  1.05845E+00  9.91034E-01  6.74206E-02
    9044.650     51.532   3.880  1.06402E+00  9.90553E-01  7.34716E-02
    9045.839     52.721   3.920  1.06836E+00  9.90114E-01  7.82500E-02
    9047.039     53.922   3.960  1.07107E+00  9.89718E-01  8.13514E-02
    9048.253     55.135   4.000  1.07175E+00  9.89384E-01  8.23692E-02
    9049.478     56.360   4.040  1.07037E+00  9.89071E-01  8.12974E-02
    9050.715     57.598   4.080  1.06728E+00  9.88822E-01  7.84598E-02
    9051.965     58.847   4.120  1.06305E+00  9.88615E-01  7.44361E-02
    9053.227     60.109   4.160  1.05833E+00  9.88451E-01  6.98800E-02
    9054.501     61.383   4.200  1.05357E+00  9.88329E-01  6.52379E-02
    9055.787     62.670   4.240  1.04892E+00  9.88270E-01  6.06463E-02
    9057.086     63.968   4.280  1.04428E+00  9.88230E-01  5.60500E-02
    9058.396     65.279   4.320  1.03967E+00  9.88251E-01  5.14216E-02
    9059.719     66.601   4.360  1.03497E+00  9.88291E-01  4.66829E-02
    9061.054     67.936   4.400  1.03015E+00  9.88389E-01  4.17599E-02
    9062.401     69.284   4.440  1.02506E+00  9.88504E-01  3.65581E-02
    9063.761     70.643   4.480  1.01959E+00  9.88655E-01  3.09325E-02
    9065.132     72.015   4.520  1.01361E+00  9.88842E-01  2.47628E-02
    9066.516     73.398   4.560  1.00709E+00  9.89064E-01  1.80310E-02
    9067.912     74.794   4.600  1.00008E+00  9.89297E-01  1.07855E-02
    9069.320     76.203   4.640  9.92737E-01  9.89563E-01  3.17386E-03
    9070.741     77.623   4.680  9.85327E-01  9.89861E-01 -4.53403E-03
    9072.173     79.056   4.720  9.78134E-01  9.90170E-01 -1.20355E-02
    9073.618     80.500   4.760  9.71480E-01  9.90506E-01 -1.90261E-02
    9075.075     81.957   4.800  9.65662E-01  9.90847E-01 -2.51853E-02
    9076.544     83.426   4.840  9.60878E-01  9.91192E-01 -3.03136E-02
    9078.025     84.908   4.880  9.57220E-01  9.91540E-01 -3.43195E-02
    9079.519     86.401   4.920  9.54609E-01  9.91910E-01 -3.73019E-02
    9081.024     87.907   4.960  9.52725E-01  9.92261E-01 -3.95357E-02
    9082.542     89.425   5.000  9.51340E-01  9.92632E-01 -4.12920E-02
    9084.072     90.955   5.040  9.50245E-01  9.92980E-01 -4.27348E-02
    9085.615     92.497   5.080  9.49453E-01  9.93346E-01 -4.38934E-02
    9087.169     94.052   5.120  9.48978E-01  9.93686E-01 -4.47082E-02
    9088.736     95.618   5.160  9.48864E-01  9.94020E-01 -4.51555E-02
    9090.315     97.197   5.200  9.49049E-01  9.94325E-01 -4.52763E-02
    9091.906     98.788   5.240  9.49468E-01  9.94645E-01 -4.51768E-02
    9093.509    100.391   5.280  9.50007E-01  9.94913E-01 -4.49060E-02
    9095.124    102.007   5.320  9.50820E-01  9.95191E-01 -4.43706E-02
    9096.752    103.634   5.360  9.52045E-01  9.95415E-01 -4.33696E-02
    9098.392    105.274   5.400  9.53927E-01  9.95627E-01 -4.16997E-02
    9100.044    106.926   5.440  9.56595E-01  9.95826E-01 -3.92311E-02
    9101.708    108.591   5.480  9.60049E-01  9.95968E-01 -3.59188E-02
    9103.385    110.267   5.520  9.64318E-01  9.96095E-01 -3.17772E-02
    9105.073    111.956   5.560  9.69349E-01  9.96187E-01 -2.68382E-02
    9106.774    113.656   5.600  9.75136E-01  9.96266E-01 -2.11297E-02
    9108.487    115.369   5.640  9.81584E-01  9.96284E-01 -1.46995E-02
    9110.212    117.094   5.680  9.88623E-01  9.96287E-01 -7.66365E-03
    9111.949    118.832   5.720  9.96024E-01  9.96253E-01 -2.29234E-04
    9113.699    120.581   5.760  1.00353E+00  9.96182E-01  7.35070E-03
    9115.461    122.343   5.800  1.01090E+00  9.96072E-01  1.48326E-02
    9117.235    124.117   5.840  1.01793E+00  9.95926E-01  2.20082E-02
    9119.021    125.903   5.880  1.02443E+00  9.95767E-01  2.86615E-02
    9120.819    127.701   5.920  1.03004E+00  9.95549E-01  3.44871E-02
    9122.630    129.512   5.960  1.03432E+00  9.95318E-01  3.89971E-02
    9124.452    131.335   6.000  1.03665E+00  9.95031E-01  4.16197E-02
