# # comment:                                                     FEFF 9.9.1  
# # Source:
# # Structure
# # Reduced
# # space
# # abc:
# # angles:
# # sites:
# # POT  SCF 100  7.0000   0, screened core-hole, AFOLP (folp(0)= 1.150)
# # Abs   Z=29 Rmt= 1.261 Rnm= 1.329 K  shell
# # Pot 1 Z= 3 Rmt= 1.244 Rnm= 1.304
# # Pot 2 Z=29 Rmt= 1.261 Rnm= 1.329
# # Pot 3 Z= 5 Rmt= 0.768 Rnm= 0.984
# # Pot 4 Z= 8 Rmt= 0.891 Rnm= 1.047
# # Gam_ch=1.729E+00 H-L exch Vi= 0.000E+00 Vr= 0.000E+00
# # Mu=-7.128E+00eV kf=2.344E+00 Vint=-1.774E+01eV Rs_int= 1.547
# FMS rfms= 9.0000
# # PATH  Rmax=-1.000,  Keep_limit= 0.00, Heap_limit 0.00  Pwcrit= 2.50%
#  S02=0.950  Temp=   0.00  Debye_temp=   0.00  Global_sig2= 0.00000
#  Energy zero shift, vr, vi    0.00000E+00   0.00000E+00
#  Curved wave amplitude ratio filter   4.000%
#     file         sig2 tot  cw amp ratio   deg  nlegs   reff  inp sig2
#     0/   0 paths used
#  xsedge+ 50, used to normalize mu           2.4775E-04
#  -----------------------------------------------------------------------
#  omega    e    k    mu    mu0     chi     @#
    8983.894    -10.938  -1.000  4.69237E-02  5.42996E-02 -7.37591E-03
    8984.192    -10.639  -0.960  5.00227E-02  5.82901E-02 -8.26740E-03
    8984.479    -10.352  -0.920  5.34399E-02  6.27304E-02 -9.29043E-03
    8984.753    -10.078  -0.880  5.72196E-02  6.76872E-02 -1.04675E-02
    8985.015     -9.816  -0.840  6.14131E-02  7.32386E-02 -1.18255E-02
    8985.265     -9.566  -0.800  6.60791E-02  7.94750E-02 -1.33959E-02
    8985.503     -9.328  -0.760  7.12844E-02  8.65004E-02 -1.52160E-02
    8985.729     -9.103  -0.720  7.71036E-02  9.44322E-02 -1.73285E-02
    8985.942     -8.889  -0.680  8.36182E-02  1.03400E-01 -1.97818E-02
    8986.143     -8.688  -0.640  9.09131E-02  1.13541E-01 -2.26278E-02
    8986.332     -8.499  -0.600  9.90711E-02  1.24990E-01 -2.59185E-02
    8986.509     -8.322  -0.560  1.08163E-01  1.37861E-01 -2.96986E-02
    8986.673     -8.158  -0.520  1.18231E-01  1.52225E-01 -3.39943E-02
    8986.826     -8.005  -0.480  1.29270E-01  1.68067E-01 -3.87969E-02
    8986.966     -7.865  -0.440  1.41202E-01  1.85248E-01 -4.40451E-02
    8987.094     -7.737  -0.400  1.53854E-01  2.03465E-01 -4.96110E-02
    8987.210     -7.621  -0.360  1.66947E-01  2.22247E-01 -5.52999E-02
    8987.314     -7.518  -0.320  1.80104E-01  2.40976E-01 -6.08713E-02
    8987.405     -7.426  -0.280  1.92889E-01  2.58969E-01 -6.60800E-02
    8987.484     -7.347  -0.240  2.04852E-01  2.75572E-01 -7.07201E-02
    8987.551     -7.280  -0.200  2.15580E-01  2.90236E-01 -7.46561E-02
    8987.606     -7.225  -0.160  2.24739E-01  3.02565E-01 -7.78259E-02
    8987.649     -7.182  -0.120  2.32081E-01  3.12304E-01 -8.02230E-02
    8987.679     -7.152  -0.080  2.37444E-01  3.19317E-01 -8.18727E-02
    8987.704     -7.128   0.000  2.41839E-01  3.24948E-01 -8.31096E-02
    8987.759     -7.073   0.120  2.51396E-01  3.37644E-01 -8.62486E-02
    8987.801     -7.030   0.160  2.58908E-01  3.47491E-01 -8.85826E-02
    8987.856     -6.975   0.200  2.68591E-01  3.60047E-01 -9.14554E-02
    8987.923     -6.908   0.240  2.80394E-01  3.75147E-01 -9.47539E-02
    8988.002     -6.829   0.280  2.94077E-01  3.92434E-01 -9.83570E-02
    8988.094     -6.737   0.320  3.09263E-01  4.11462E-01 -1.02199E-01
    8988.197     -6.634   0.360  3.25401E-01  4.31659E-01 -1.06258E-01
    8988.313     -6.518   0.400  3.41748E-01  4.52376E-01 -1.10629E-01
    8988.441     -6.390   0.440  3.57727E-01  4.73079E-01 -1.15353E-01
    8988.582     -6.250   0.480  3.73147E-01  4.93342E-01 -1.20194E-01
    8988.734     -6.097   0.520  3.88451E-01  5.12871E-01 -1.24420E-01
    8988.898     -5.933   0.560  4.04741E-01  5.31523E-01 -1.26782E-01
    8989.075     -5.756   0.600  4.23368E-01  5.49288E-01 -1.25919E-01
    8989.264     -5.567   0.640  4.45235E-01  5.66228E-01 -1.20994E-01
    8989.465     -5.366   0.680  4.70102E-01  5.82428E-01 -1.12326E-01
    8989.679     -5.152   0.720  4.96283E-01  5.97985E-01 -1.01702E-01
    8989.904     -4.927   0.760  5.20534E-01  6.13036E-01 -9.25021E-02
    8990.142     -4.689   0.800  5.37790E-01  6.27631E-01 -8.98413E-02
    8990.392     -4.439   0.840  5.42804E-01  6.41884E-01 -9.90794E-02
    8990.654     -4.177   0.880  5.33902E-01  6.55834E-01 -1.21932E-01
    8990.928     -3.903   0.920  5.15631E-01  6.69570E-01 -1.53938E-01
    8991.215     -3.616   0.960  4.95776E-01  6.83084E-01 -1.87307E-01
    8991.514     -3.318   1.000  4.81102E-01  6.96440E-01 -2.15339E-01
    8991.825     -3.007   1.040  4.75927E-01  7.09653E-01 -2.33726E-01
    8992.148     -2.684   1.080  4.82229E-01  7.22706E-01 -2.40476E-01
    8992.483     -2.348   1.120  4.99357E-01  7.35617E-01 -2.36260E-01
    8992.830     -2.001   1.160  5.24625E-01  7.48382E-01 -2.23756E-01
    8993.190     -1.641   1.200  5.56334E-01  7.60987E-01 -2.04653E-01
    8993.562     -1.269   1.240  5.96128E-01  7.73417E-01 -1.77289E-01
    8993.946     -0.885   1.280  6.44710E-01  7.85695E-01 -1.40985E-01
    8994.342     -0.489   1.320  6.93017E-01  7.97740E-01 -1.04723E-01
    8994.751     -0.081   1.360  7.27468E-01  8.09590E-01 -8.21217E-02
    8995.171      0.340   1.400  7.46572E-01  8.21200E-01 -7.46282E-02
    8995.604      0.773   1.440  7.61701E-01  8.32545E-01 -7.08439E-02
    8996.049      1.218   1.480  7.85942E-01  8.43620E-01 -5.76782E-02
    8996.506      1.675   1.520  8.23017E-01  8.54401E-01 -3.13838E-02
    8996.976      2.144   1.560  8.62394E-01  8.64880E-01 -2.48675E-03
    8997.457      2.626   1.600  8.95706E-01  8.75033E-01  2.06737E-02
    8997.951      3.120   1.640  9.24441E-01  8.84833E-01  3.96083E-02
    8998.457      3.626   1.680  9.52654E-01  8.94276E-01  5.83778E-02
    8998.975      4.144   1.720  9.91135E-01  9.03358E-01  8.77769E-02
    8999.505      4.674   1.760  1.04607E+00  9.12054E-01  1.34021E-01
    9000.048      5.217   1.800  1.10803E+00  9.20362E-01  1.87672E-01
    9000.603      5.772   1.840  1.16000E+00  9.28279E-01  2.31725E-01
    9001.170      6.338   1.880  1.19454E+00  9.35804E-01  2.58735E-01
    9001.749      6.918   1.920  1.21627E+00  9.42897E-01  2.73369E-01
    9002.340      7.509   1.960  1.23257E+00  9.49618E-01  2.82955E-01
    9002.944      8.112   2.000  1.24339E+00  9.55926E-01  2.87462E-01
    9003.559      8.728   2.040  1.24355E+00  9.61824E-01  2.81724E-01
    9004.187      9.356   2.080  1.23703E+00  9.67316E-01  2.69714E-01
    9004.827      9.996   2.120  1.23373E+00  9.72423E-01  2.61311E-01
    9005.480     10.648   2.160  1.23551E+00  9.77151E-01  2.58360E-01
    9006.144     11.313   2.200  1.23512E+00  9.81503E-01  2.53614E-01
    9006.821     11.989   2.240  1.22899E+00  9.85484E-01  2.43508E-01
    9007.510     12.678   2.280  1.22210E+00  9.89101E-01  2.32995E-01
    9008.211     13.379   2.320  1.21917E+00  9.92377E-01  2.26790E-01
    9008.924     14.093   2.360  1.21227E+00  9.95300E-01  2.16974E-01
    9009.649     14.818   2.400  1.19162E+00  9.97917E-01  1.93706E-01
    9010.387     15.556   2.440  1.15800E+00  1.00022E+00  1.57779E-01
    9011.137     16.305   2.480  1.11335E+00  1.00224E+00  1.11110E-01
    9011.899     17.067   2.520  1.06385E+00  1.00397E+00  5.98880E-02
    9012.673     17.842   2.560  1.02244E+00  1.00543E+00  1.70078E-02
    9013.459     18.628   2.600  9.98278E-01  1.00665E+00 -8.37262E-03
    9014.258     19.427   2.640  9.89452E-01  1.00763E+00 -1.81732E-02
    9015.069     20.237   2.680  9.86086E-01  1.00839E+00 -2.22998E-02
    9015.891     21.060   2.720  9.76164E-01  1.00892E+00 -3.27554E-02
    9016.727     21.895   2.760  9.58317E-01  1.00928E+00 -5.09584E-02
    9017.574     22.743   2.800  9.41570E-01  1.00946E+00 -6.78901E-02
    9018.433     23.602   2.840  9.27439E-01  1.00948E+00 -8.20408E-02
    9019.305     24.474   2.880  9.14829E-01  1.00934E+00 -9.45155E-02
    9020.189     25.358   2.920  9.03099E-01  1.00908E+00 -1.05979E-01
    9021.085     26.254   2.960  8.92246E-01  1.00869E+00 -1.16443E-01
    9021.994     27.162   3.000  8.82703E-01  1.00821E+00 -1.25502E-01
    9022.914     28.083   3.040  8.74840E-01  1.00761E+00 -1.32769E-01
    9023.847     29.015   3.080  8.68755E-01  1.00693E+00 -1.38174E-01
    9024.792     29.960   3.120  8.64430E-01  1.00617E+00 -1.41738E-01
    9025.749     30.917   3.160  8.61803E-01  1.00535E+00 -1.43551E-01
    9026.718     31.887   3.200  8.60778E-01  1.00447E+00 -1.43696E-01
    9027.699     32.868   3.240  8.61680E-01  1.00357E+00 -1.41892E-01
    9028.693     33.862   3.280  8.65244E-01  1.00263E+00 -1.37387E-01
    9029.699     34.868   3.320  8.71666E-01  1.00165E+00 -1.29989E-01
    9030.717     35.886   3.360  8.81144E-01  1.00067E+00 -1.19525E-01
    9031.747     36.916   3.400  8.93577E-01  9.99657E-01 -1.06080E-01
    9032.790     37.958   3.440  9.08417E-01  9.98664E-01 -9.02474E-02
    9033.844     39.013   3.480  9.24706E-01  9.97674E-01 -7.29679E-02
    9034.911     40.080   3.520  9.41598E-01  9.96688E-01 -5.50895E-02
    9035.990     41.159   3.560  9.58326E-01  9.95730E-01 -3.74038E-02
    9037.081     42.250   3.600  9.74111E-01  9.94781E-01 -2.06701E-02
    9038.184     43.353   3.640  9.88592E-01  9.93866E-01 -5.27401E-03
    9039.300     44.469   3.680  1.00156E+00  9.92984E-01  8.57757E-03
    9040.428     45.597   3.720  1.01282E+00  9.92120E-01  2.07002E-02
    9041.568     46.736   3.760  1.02226E+00  9.91316E-01  3.09467E-02
    9042.720     47.889   3.800  1.02973E+00  9.90553E-01  3.91783E-02
    9043.884     49.053   3.840  1.03511E+00  9.89833E-01  4.52740E-02
    9045.061     50.229   3.880  1.03851E+00  9.89156E-01  4.93495E-02
    9046.249     51.418   3.920  1.04033E+00  9.88544E-01  5.17822E-02
    9047.450     52.619   3.960  1.04105E+00  9.87977E-01  5.30744E-02
    9048.663     53.832   4.000  1.04119E+00  9.87454E-01  5.37354E-02
    9049.889     55.057   4.040  1.04130E+00  9.86977E-01  5.43205E-02
    9051.126     56.295   4.080  1.04173E+00  9.86566E-01  5.51640E-02
    9052.376     57.545   4.120  1.04248E+00  9.86203E-01  5.62788E-02
    9053.638     58.807   4.160  1.04330E+00  9.85908E-01  5.73929E-02
    9054.912     60.081   4.200  1.04382E+00  9.85658E-01  5.81584E-02
    9056.198     61.367   4.240  1.04376E+00  9.85455E-01  5.83004E-02
    9057.496     62.665   4.280  1.04303E+00  9.85319E-01  5.77091E-02
    9058.807     63.976   4.320  1.04167E+00  9.85226E-01  5.64482E-02
    9060.130     65.299   4.360  1.03976E+00  9.85177E-01  5.45837E-02
    9061.465     66.634   4.400  1.03738E+00  9.85172E-01  5.22053E-02
    9062.812     67.981   4.440  1.03467E+00  9.85232E-01  4.94413E-02
    9064.172     69.340   4.480  1.03173E+00  9.85333E-01  4.63980E-02
    9065.543     70.712   4.520  1.02854E+00  9.85453E-01  4.30872E-02
    9066.927     72.096   4.560  1.02507E+00  9.85634E-01  3.94351E-02
    9068.323     73.492   4.600  1.02117E+00  9.85855E-01  3.53104E-02
    9069.731     74.900   4.640  1.01661E+00  9.86113E-01  3.04972E-02
    9071.151     76.320   4.680  1.01116E+00  9.86385E-01  2.47780E-02
    9072.584     77.753   4.720  1.00469E+00  9.86692E-01  1.80025E-02
    9074.029     79.198   4.760  9.97239E-01  9.87033E-01  1.02062E-02
    9075.486     80.654   4.800  9.89170E-01  9.87406E-01  1.76415E-03
    9076.955     82.124   4.840  9.81088E-01  9.87788E-01 -6.70040E-03
    9078.436     83.605   4.880  9.73657E-01  9.88177E-01 -1.45197E-02
    9079.930     85.098   4.920  9.67434E-01  9.88593E-01 -2.11593E-02
    9081.435     86.604   4.960  9.62692E-01  9.89013E-01 -2.63212E-02
    9082.953     88.122   5.000  9.59524E-01  9.89437E-01 -2.99130E-02
    9084.483     89.652   5.040  9.57864E-01  9.89884E-01 -3.20200E-02
    9086.026     91.194   5.080  9.57387E-01  9.90309E-01 -3.29221E-02
    9087.580     92.749   5.120  9.57708E-01  9.90732E-01 -3.30239E-02
    9089.147     94.316   5.160  9.58336E-01  9.91175E-01 -3.28395E-02
    9090.726     95.894   5.200  9.58751E-01  9.91592E-01 -3.28407E-02
    9092.317     97.485   5.240  9.58699E-01  9.91981E-01 -3.32812E-02
    9093.920     99.089   5.280  9.58311E-01  9.92384E-01 -3.40734E-02
    9095.535    100.704   5.320  9.57946E-01  9.92757E-01 -3.48112E-02
    9097.163    102.332   5.360  9.58106E-01  9.93098E-01 -3.49920E-02
    9098.803    103.972   5.400  9.59183E-01  9.93430E-01 -3.42463E-02
    9100.455    105.624   5.440  9.61235E-01  9.93750E-01 -3.25142E-02
    9102.119    107.288   5.480  9.64002E-01  9.94012E-01 -3.00098E-02
    9103.795    108.964   5.520  9.67149E-01  9.94260E-01 -2.71114E-02
    9105.484    110.653   5.560  9.70288E-01  9.94474E-01 -2.41863E-02
    9107.185    112.354   5.600  9.73198E-01  9.94673E-01 -2.14750E-02
    9108.898    114.067   5.640  9.75765E-01  9.94811E-01 -1.90458E-02
    9110.623    115.792   5.680  9.78115E-01  9.94930E-01 -1.68151E-02
    9112.360    117.529   5.720  9.80357E-01  9.94989E-01 -1.46318E-02
    9114.110    119.279   5.760  9.82623E-01  9.95031E-01 -1.24073E-02
    9115.872    121.040   5.800  9.84817E-01  9.95010E-01 -1.01939E-02
    9117.645    122.814   5.840  9.86836E-01  9.94974E-01 -8.13771E-03
    9119.432    124.600   5.880  9.88552E-01  9.94899E-01 -6.34716E-03
    9121.230    126.399   5.920  9.89970E-01  9.94761E-01 -4.79064E-03
    9123.040    128.209   5.960  9.91317E-01  9.94605E-01 -3.28791E-03
    9124.863    130.032   6.000  9.92864E-01  9.94386E-01 -1.52268E-03
