# # comment:                                                     FEFF 9.9.1  
# # Source:
# # Structure
# # Reduced
# # space
# # abc:
# # angles:
# # sites:
# # POT  SCF 100  7.0000   0, screened core-hole, AFOLP (folp(0)= 1.150)
# # Abs   Z=29 Rmt= 1.236 Rnm= 1.332 K  shell
# # Pot 1 Z=37 Rmt= 2.127 Rnm= 2.157
# # Pot 2 Z=29 Rmt= 1.236 Rnm= 1.332
# # Pot 3 Z=14 Rmt= 0.997 Rnm= 1.216
# # Pot 4 Z= 8 Rmt= 0.917 Rnm= 1.082
# # Gam_ch=1.729E+00 H-L exch Vi= 0.000E+00 Vr= 0.000E+00
# # Mu=-8.068E+00eV kf=2.345E+00 Vint=-1.691E+01eV Rs_int= 1.547
# FMS rfms= 9.0000
# # PATH  Rmax=-1.000,  Keep_limit= 0.00, Heap_limit 0.00  Pwcrit= 2.50%
#  S02=0.950  Temp=   0.00  Debye_temp=   0.00  Global_sig2= 0.00000
#  Energy zero shift, vr, vi    0.00000E+00   0.00000E+00
#  Curved wave amplitude ratio filter   4.000%
#     file         sig2 tot  cw amp ratio   deg  nlegs   reff  inp sig2
#     0/   0 paths used
#  xsedge+ 50, used to normalize mu           2.4896E-04
#  -----------------------------------------------------------------------
#  omega    e    k    mu    mu0     chi     @#
    8983.496    -11.878  -1.000  3.34849E-02  4.94235E-02 -1.59386E-02
    8983.795    -11.580  -0.960  3.51250E-02  5.29175E-02 -1.77926E-02
    8984.082    -11.293  -0.920  3.68844E-02  5.67938E-02 -1.99094E-02
    8984.356    -11.019  -0.880  3.87763E-02  6.11081E-02 -2.23317E-02
    8984.618    -10.757  -0.840  4.08160E-02  6.59253E-02 -2.51093E-02
    8984.868    -10.507  -0.800  4.30208E-02  7.13208E-02 -2.83000E-02
    8985.106    -10.269  -0.760  4.54103E-02  7.73809E-02 -3.19706E-02
    8985.331    -10.043  -0.720  4.80063E-02  8.42031E-02 -3.61968E-02
    8985.545     -9.830  -0.680  5.08324E-02  9.18947E-02 -4.10623E-02
    8985.746     -9.629  -0.640  5.39130E-02  1.00569E-01 -4.66559E-02
    8985.935     -9.440  -0.600  5.72714E-02  1.10337E-01 -5.30653E-02
    8986.112     -9.263  -0.560  6.09261E-02  1.21293E-01 -6.03667E-02
    8986.276     -9.098  -0.520  6.48862E-02  1.33493E-01 -6.86071E-02
    8986.429     -8.946  -0.480  6.91436E-02  1.46925E-01 -7.77809E-02
    8986.569     -8.806  -0.440  7.36657E-02  1.61469E-01 -8.78033E-02
    8986.697     -8.678  -0.400  7.83878E-02  1.76875E-01 -9.84868E-02
    8986.813     -8.562  -0.360  8.32105E-02  1.92746E-01 -1.09535E-01
    8986.916     -8.458  -0.320  8.80043E-02  2.08568E-01 -1.20563E-01
    8987.008     -8.367  -0.280  9.26223E-02  2.23770E-01 -1.31148E-01
    8987.087     -8.288  -0.240  9.69169E-02  2.37803E-01 -1.40886E-01
    8987.154     -8.221  -0.200  1.00755E-01  2.50206E-01 -1.49450E-01
    8987.209     -8.166  -0.160  1.04028E-01  2.60641E-01 -1.56612E-01
    8987.252     -8.123  -0.120  1.06655E-01  2.68891E-01 -1.62236E-01
    8987.282     -8.093  -0.080  1.08581E-01  2.74836E-01 -1.66256E-01
    8987.306     -8.068   0.000  1.10178E-01  2.79614E-01 -1.69436E-01
    8987.361     -8.013   0.120  1.13773E-01  2.90380E-01 -1.76608E-01
    8987.404     -7.971   0.160  1.16562E-01  2.98762E-01 -1.82201E-01
    8987.459     -7.916   0.200  1.20119E-01  3.09459E-01 -1.89339E-01
    8987.526     -7.849   0.240  1.24449E-01  3.22326E-01 -1.97877E-01
    8987.605     -7.770   0.280  1.29526E-01  3.37134E-01 -2.07608E-01
    8987.697     -7.678   0.320  1.35208E-01  3.53496E-01 -2.18288E-01
    8987.800     -7.574   0.360  1.41305E-01  3.70952E-01 -2.29647E-01
    8987.916     -7.459   0.400  1.47496E-01  3.88994E-01 -2.41498E-01
    8988.044     -7.331   0.440  1.53417E-01  4.07197E-01 -2.53780E-01
    8988.184     -7.190   0.480  1.58653E-01  4.25197E-01 -2.66544E-01
    8988.337     -7.038   0.520  1.62986E-01  4.42756E-01 -2.79769E-01
    8988.501     -6.873   0.560  1.66601E-01  4.59794E-01 -2.93193E-01
    8988.678     -6.697   0.600  1.70138E-01  4.76282E-01 -3.06145E-01
    8988.867     -6.508   0.640  1.74516E-01  4.92253E-01 -3.17738E-01
    8989.068     -6.306   0.680  1.80746E-01  5.07791E-01 -3.27045E-01
    8989.281     -6.093   0.720  1.89627E-01  5.22967E-01 -3.33340E-01
    8989.507     -5.868   0.760  2.01743E-01  5.37875E-01 -3.36132E-01
    8989.745     -5.630   0.800  2.17640E-01  5.52581E-01 -3.34941E-01
    8989.995     -5.380   0.840  2.38271E-01  5.67159E-01 -3.28887E-01
    8990.257     -5.118   0.880  2.65124E-01  5.81629E-01 -3.16505E-01
    8990.531     -4.843   0.920  3.00022E-01  5.96023E-01 -2.96001E-01
    8990.818     -4.557   0.960  3.44380E-01  6.10398E-01 -2.66018E-01
    8991.116     -4.258   1.000  3.98264E-01  6.24746E-01 -2.26482E-01
    8991.427     -3.947   1.040  4.58385E-01  6.39068E-01 -1.80683E-01
    8991.750     -3.624   1.080  5.13485E-01  6.53360E-01 -1.39875E-01
    8992.086     -3.289   1.120  5.44694E-01  6.67630E-01 -1.22937E-01
    8992.433     -2.942   1.160  5.40839E-01  6.81844E-01 -1.41005E-01
    8992.793     -2.582   1.200  5.11488E-01  6.96003E-01 -1.84515E-01
    8993.165     -2.210   1.240  4.77669E-01  7.10065E-01 -2.32396E-01
    8993.549     -1.826   1.280  4.56767E-01  7.24003E-01 -2.67236E-01
    8993.945     -1.430   1.320  4.55684E-01  7.37832E-01 -2.82149E-01
    8994.353     -1.021   1.360  4.71991E-01  7.51462E-01 -2.79471E-01
    8994.774     -0.601   1.400  4.99100E-01  7.64926E-01 -2.65825E-01
    8995.207     -0.168   1.440  5.29765E-01  7.78153E-01 -2.48387E-01
    8995.652      0.277   1.480  5.60957E-01  7.91152E-01 -2.30194E-01
    8996.109      0.734   1.520  5.95393E-01  8.03853E-01 -2.08460E-01
    8996.578      1.204   1.560  6.34695E-01  8.16286E-01 -1.81592E-01
    8997.060      1.685   1.600  6.77970E-01  8.28361E-01 -1.50391E-01
    8997.554      2.179   1.640  7.30284E-01  8.40129E-01 -1.09845E-01
    8998.060      2.685   1.680  8.01209E-01  8.51500E-01 -5.02904E-02
    8998.578      3.203   1.720  8.94980E-01  8.62507E-01  3.24735E-02
    8999.108      3.734   1.760  1.00649E+00  8.73102E-01  1.33392E-01
    8999.651      4.276   1.800  1.11291E+00  8.83281E-01  2.29628E-01
    9000.205      4.831   1.840  1.18437E+00  8.93058E-01  2.91308E-01
    9000.772      5.398   1.880  1.22147E+00  9.02368E-01  3.19105E-01
    9001.352      5.977   1.920  1.24247E+00  9.11250E-01  3.31224E-01
    9001.943      6.568   1.960  1.25031E+00  9.19701E-01  3.30608E-01
    9002.546      7.172   2.000  1.23818E+00  9.27681E-01  3.10503E-01
    9003.162      7.787   2.040  1.21616E+00  9.35208E-01  2.80956E-01
    9003.790      8.415   2.080  1.20242E+00  9.42306E-01  2.60114E-01
    9004.430      9.055   2.120  1.19769E+00  9.48935E-01  2.48756E-01
    9005.082      9.708   2.160  1.18657E+00  9.55138E-01  2.31436E-01
    9005.747     10.372   2.200  1.15996E+00  9.60902E-01  1.99054E-01
    9006.423     11.049   2.240  1.12623E+00  9.66248E-01  1.59983E-01
    9007.112     11.738   2.280  1.10028E+00  9.71182E-01  1.29096E-01
    9007.813     12.439   2.320  1.09073E+00  9.75690E-01  1.15037E-01
    9008.526     13.152   2.360  1.10062E+00  9.79819E-01  1.20804E-01
    9009.252     13.877   2.400  1.12654E+00  9.83576E-01  1.42961E-01
    9009.990     14.615   2.440  1.15669E+00  9.86967E-01  1.69725E-01
    9010.739     15.365   2.480  1.17792E+00  9.90020E-01  1.87902E-01
    9011.501     16.127   2.520  1.18328E+00  9.92724E-01  1.90553E-01
    9012.276     16.901   2.560  1.17288E+00  9.95106E-01  1.77776E-01
    9013.062     17.687   2.600  1.15174E+00  9.97192E-01  1.54543E-01
    9013.860     18.486   2.640  1.12493E+00  9.98993E-01  1.25941E-01
    9014.671     19.297   2.680  1.09302E+00  1.00052E+00  9.25044E-02
    9015.494     20.120   2.720  1.05412E+00  1.00179E+00  5.23339E-02
    9016.329     20.955   2.760  1.01600E+00  1.00282E+00  1.31771E-02
    9017.177     21.802   2.800  9.89448E-01  1.00364E+00 -1.41914E-02
    9018.036     22.662   2.840  9.72401E-01  1.00423E+00 -3.18316E-02
    9018.908     23.533   2.880  9.60620E-01  1.00465E+00 -4.40277E-02
    9019.792     24.417   2.920  9.50304E-01  1.00489E+00 -5.45898E-02
    9020.688     25.313   2.960  9.39331E-01  1.00496E+00 -6.56275E-02
    9021.596     26.222   3.000  9.27290E-01  1.00491E+00 -7.76177E-02
    9022.517     27.142   3.040  9.14489E-01  1.00469E+00 -9.01987E-02
    9023.449     28.075   3.080  9.01713E-01  1.00437E+00 -1.02655E-01
    9024.394     29.020   3.120  8.89831E-01  1.00395E+00 -1.14124E-01
    9025.351     29.977   3.160  8.79312E-01  1.00343E+00 -1.24119E-01
    9026.321     30.946   3.200  8.70589E-01  1.00282E+00 -1.32234E-01
    9027.302     31.927   3.240  8.64280E-01  1.00214E+00 -1.37858E-01
    9028.296     32.921   3.280  8.60743E-01  1.00140E+00 -1.40659E-01
    9029.302     33.927   3.320  8.59874E-01  1.00060E+00 -1.40723E-01
    9030.320     34.945   3.360  8.61436E-01  9.99772E-01 -1.38336E-01
    9031.350     35.975   3.400  8.65076E-01  9.98910E-01 -1.33834E-01
    9032.392     37.018   3.440  8.70342E-01  9.98013E-01 -1.27672E-01
    9033.447     38.072   3.480  8.77012E-01  9.97108E-01 -1.20096E-01
    9034.514     39.139   3.520  8.85032E-01  9.96197E-01 -1.11165E-01
    9035.593     40.218   3.560  8.94355E-01  9.95262E-01 -1.00907E-01
    9036.684     41.309   3.600  9.04975E-01  9.94349E-01 -8.93734E-02
    9037.787     42.413   3.640  9.16865E-01  9.93441E-01 -7.65754E-02
    9038.903     43.528   3.680  9.29966E-01  9.92561E-01 -6.25949E-02
    9040.030     44.656   3.720  9.44107E-01  9.91689E-01 -4.75820E-02
    9041.170     45.796   3.760  9.59166E-01  9.90847E-01 -3.16814E-02
    9042.323     46.948   3.800  9.74878E-01  9.90017E-01 -1.51388E-02
    9043.487     48.112   3.840  9.90771E-01  9.89222E-01  1.54962E-03
    9044.663     49.289   3.880  1.00619E+00  9.88464E-01  1.77304E-02
    9045.852     50.478   3.920  1.02046E+00  9.87744E-01  3.27125E-02
    9047.053     51.678   3.960  1.03282E+00  9.87065E-01  4.57558E-02
    9048.266     52.892   4.000  1.04271E+00  9.86447E-01  5.62606E-02
    9049.491     54.117   4.040  1.04971E+00  9.85849E-01  6.38599E-02
    9050.729     55.354   4.080  1.05377E+00  9.85292E-01  6.84820E-02
    9051.979     56.604   4.120  1.05510E+00  9.84799E-01  7.03054E-02
    9053.240     57.866   4.160  1.05421E+00  9.84348E-01  6.98652E-02
    9054.515     59.140   4.200  1.05179E+00  9.83940E-01  6.78494E-02
    9055.801     60.426   4.240  1.04850E+00  9.83574E-01  6.49239E-02
    9057.099     61.725   4.280  1.04486E+00  9.83251E-01  6.16107E-02
    9058.410     63.035   4.320  1.04127E+00  9.82992E-01  5.82793E-02
    9059.733     64.358   4.360  1.03792E+00  9.82777E-01  5.51436E-02
    9061.068     65.693   4.400  1.03497E+00  9.82604E-01  5.23646E-02
    9062.415     67.040   4.440  1.03261E+00  9.82471E-01  5.01389E-02
    9063.774     68.400   4.480  1.03091E+00  9.82377E-01  4.85360E-02
    9065.146     69.771   4.520  1.02976E+00  9.82323E-01  4.74407E-02
    9066.530     71.155   4.560  1.02884E+00  9.82310E-01  4.65263E-02
    9067.926     72.551   4.600  1.02760E+00  9.82336E-01  4.52671E-02
    9069.334     73.959   4.640  1.02552E+00  9.82421E-01  4.30968E-02
    9070.754     75.380   4.680  1.02214E+00  9.82500E-01  3.96443E-02
    9072.187     76.812   4.720  1.01747E+00  9.82637E-01  3.48342E-02
    9073.631     78.257   4.760  1.01172E+00  9.82808E-01  2.89076E-02
    9075.088     79.714   4.800  1.00537E+00  9.82992E-01  2.23770E-02
    9076.558     81.183   4.840  9.99058E-01  9.83207E-01  1.58506E-02
    9078.039     82.664   4.880  9.93274E-01  9.83433E-01  9.84067E-03
    9079.532     84.158   4.920  9.88325E-01  9.83689E-01  4.63544E-03
    9081.038     85.663   4.960  9.84238E-01  9.83974E-01  2.64712E-04
    9082.556     87.181   5.000  9.80868E-01  9.84242E-01 -3.37398E-03
    9084.086     88.711   5.040  9.78134E-01  9.84538E-01 -6.40380E-03
    9085.628     90.254   5.080  9.75725E-01  9.84860E-01 -9.13517E-03
    9087.183     91.808   5.120  9.73390E-01  9.85163E-01 -1.17735E-02
    9088.750     93.375   5.160  9.70879E-01  9.85488E-01 -1.46090E-02
    9090.328     94.954   5.200  9.67924E-01  9.85790E-01 -1.78664E-02
    9091.919     96.545   5.240  9.64451E-01  9.86113E-01 -2.16612E-02
    9093.523     98.148   5.280  9.60442E-01  9.86411E-01 -2.59691E-02
    9095.138     99.763   5.320  9.56117E-01  9.86704E-01 -3.05865E-02
    9096.766    101.391   5.360  9.51771E-01  9.86993E-01 -3.52221E-02
    9098.406    103.031   5.400  9.47533E-01  9.87277E-01 -3.97436E-02
    9100.058    104.683   5.440  9.43670E-01  9.87532E-01 -4.38622E-02
    9101.722    106.347   5.480  9.40511E-01  9.87779E-01 -4.72689E-02
    9103.398    108.024   5.520  9.38350E-01  9.88018E-01 -4.96683E-02
    9105.087    109.712   5.560  9.37336E-01  9.88203E-01 -5.08672E-02
    9106.787    111.413   5.600  9.37659E-01  9.88398E-01 -5.07391E-02
    9108.500    113.126   5.640  9.39343E-01  9.88539E-01 -4.91963E-02
    9110.226    114.851   5.680  9.42469E-01  9.88691E-01 -4.62221E-02
    9111.963    116.588   5.720  9.46853E-01  9.88787E-01 -4.19339E-02
    9113.713    118.338   5.760  9.52294E-01  9.88869E-01 -3.65745E-02
    9115.474    120.100   5.800  9.58452E-01  9.88915E-01 -3.04636E-02
    9117.248    121.874   5.840  9.65002E-01  9.88925E-01 -2.39233E-02
    9119.034    123.660   5.880  9.71626E-01  9.88898E-01 -1.72722E-02
    9120.833    125.458   5.920  9.78031E-01  9.88858E-01 -1.08273E-02
    9122.643    127.269   5.960  9.83837E-01  9.88756E-01 -4.91860E-03
    9124.466    129.091   6.000  9.88901E-01  9.88622E-01  2.79293E-04
