# # comment:                                                     FEFF 9.9.1  
# # Source:
# # Structure
# # Reduced
# # space
# # abc:
# # angles:
# # sites:
# # POT  SCF 100  7.0000   0, screened core-hole, AFOLP (folp(0)= 1.150)
# # Abs   Z=29 Rmt= 1.124 Rnm= 1.252 K  shell
# # Pot 1 Z=39 Rmt= 1.566 Rnm= 1.680
# # Pot 2 Z=29 Rmt= 1.137 Rnm= 1.262
# # Pot 3 Z= 8 Rmt= 1.016 Rnm= 1.110
# # Gam_ch=1.729E+00 H-L exch Vi= 0.000E+00 Vr= 0.000E+00
# # Mu=-7.551E+00eV kf=2.134E+00 Vint=-1.553E+01eV Rs_int= 1.699
# FMS rfms= 9.0000
# # PATH  Rmax=-1.000,  Keep_limit= 0.00, Heap_limit 0.00  Pwcrit= 2.50%
#  S02=0.950  Temp=   0.00  Debye_temp=   0.00  Global_sig2= 0.00000
#  Energy zero shift, vr, vi    0.00000E+00   0.00000E+00
#  Curved wave amplitude ratio filter   4.000%
#     file         sig2 tot  cw amp ratio   deg  nlegs   reff  inp sig2
#     0/   0 paths used
#  xsedge+ 50, used to normalize mu           2.4309E-04
#  -----------------------------------------------------------------------
#  omega    e    k    mu    mu0     chi     @#
    8983.964    -11.361  -1.000  3.63896E-02  5.61397E-02 -1.97502E-02
    8984.263    -11.063  -0.960  3.83242E-02  6.02244E-02 -2.19001E-02
    8984.550    -10.776  -0.920  4.04135E-02  6.47609E-02 -2.43474E-02
    8984.824    -10.502  -0.880  4.26743E-02  6.98153E-02 -2.71409E-02
    8985.086    -10.240  -0.840  4.51258E-02  7.54645E-02 -3.03387E-02
    8985.336     -9.990  -0.800  4.77892E-02  8.17974E-02 -3.40082E-02
    8985.574     -9.752  -0.760  5.06877E-02  8.89159E-02 -3.82282E-02
    8985.799     -9.526  -0.720  5.38469E-02  9.69352E-02 -4.30883E-02
    8986.013     -9.313  -0.680  5.72932E-02  1.05982E-01 -4.86887E-02
    8986.214     -9.112  -0.640  6.10533E-02  1.16190E-01 -5.51363E-02
    8986.403     -8.923  -0.600  6.51508E-02  1.27689E-01 -6.25383E-02
    8986.580     -8.746  -0.560  6.96029E-02  1.40592E-01 -7.09892E-02
    8986.744     -8.582  -0.520  7.44132E-02  1.54964E-01 -8.05513E-02
    8986.897     -8.429  -0.480  7.95637E-02  1.70791E-01 -9.12269E-02
    8987.037     -8.289  -0.440  8.50053E-02  1.87932E-01 -1.02927E-01
    8987.165     -8.161  -0.400  9.06496E-02  2.06092E-01 -1.15442E-01
    8987.281     -8.045  -0.360  9.63676E-02  2.24803E-01 -1.28436E-01
    8987.384     -7.941  -0.320  1.01998E-01  2.43461E-01 -1.41463E-01
    8987.476     -7.850  -0.280  1.07366E-01  2.61393E-01 -1.54027E-01
    8987.555     -7.771  -0.240  1.12303E-01  2.77949E-01 -1.65646E-01
    8987.622     -7.704  -0.200  1.16669E-01  2.92587E-01 -1.75918E-01
    8987.677     -7.649  -0.160  1.20358E-01  3.04906E-01 -1.84548E-01
    8987.720     -7.606  -0.120  1.23296E-01  3.14648E-01 -1.91352E-01
    8987.750     -7.576  -0.080  1.25434E-01  3.21670E-01 -1.96237E-01
    8987.774     -7.551   0.000  1.27181E-01  3.27315E-01 -2.00134E-01
    8987.829     -7.496   0.120  1.31113E-01  3.40046E-01 -2.08933E-01
    8987.872     -7.454   0.160  1.34156E-01  3.49942E-01 -2.15786E-01
    8987.927     -7.399   0.200  1.38104E-01  3.62604E-01 -2.24499E-01
    8987.994     -7.332   0.240  1.42936E-01  3.77829E-01 -2.34893E-01
    8988.073     -7.253   0.280  1.48721E-01  3.95371E-01 -2.46650E-01
    8988.165     -7.161   0.320  1.55471E-01  4.14739E-01 -2.59268E-01
    8988.268     -7.058   0.360  1.63352E-01  4.35443E-01 -2.72091E-01
    8988.384     -6.942   0.400  1.72652E-01  4.56892E-01 -2.84240E-01
    8988.512     -6.814   0.440  1.83795E-01  4.78547E-01 -2.94752E-01
    8988.652     -6.673   0.480  1.97413E-01  4.99982E-01 -3.02569E-01
    8988.805     -6.521   0.520  2.14307E-01  5.20942E-01 -3.06635E-01
    8988.969     -6.356   0.560  2.35265E-01  5.41304E-01 -3.06039E-01
    8989.146     -6.180   0.600  2.60762E-01  5.61035E-01 -3.00273E-01
    8989.335     -5.991   0.640  2.90496E-01  5.80147E-01 -2.89651E-01
    8989.536     -5.790   0.680  3.23032E-01  5.98709E-01 -2.75677E-01
    8989.750     -5.576   0.720  3.55746E-01  6.16845E-01 -2.61099E-01
    8989.975     -5.351   0.760  3.85297E-01  6.34594E-01 -2.49296E-01
    8990.213     -5.113   0.800  4.08399E-01  6.52024E-01 -2.43625E-01
    8990.463     -4.863   0.840  4.22270E-01  6.69215E-01 -2.46944E-01
    8990.725     -4.601   0.880  4.25605E-01  6.86187E-01 -2.60582E-01
    8990.999     -4.327   0.920  4.19695E-01  7.02948E-01 -2.83254E-01
    8991.286     -4.040   0.960  4.08381E-01  7.19536E-01 -3.11154E-01
    8991.584     -3.741   1.000  3.96955E-01  7.35935E-01 -3.38980E-01
    8991.895     -3.430   1.040  3.90200E-01  7.52121E-01 -3.61922E-01
    8992.218     -3.107   1.080  3.90778E-01  7.68105E-01 -3.77327E-01
    8992.554     -2.772   1.120  3.99232E-01  7.83807E-01 -3.84574E-01
    8992.901     -2.425   1.160  4.14599E-01  7.99267E-01 -3.84668E-01
    8993.261     -2.065   1.200  4.33675E-01  8.14398E-01 -3.80723E-01
    8993.633     -1.693   1.240  4.51425E-01  8.29193E-01 -3.77767E-01
    8994.017     -1.309   1.280  4.63380E-01  8.43601E-01 -3.80222E-01
    8994.413     -0.913   1.320  4.69333E-01  8.57593E-01 -3.88260E-01
    8994.821     -0.504   1.360  4.72813E-01  8.71137E-01 -3.98324E-01
    8995.242     -0.084   1.400  4.77274E-01  8.84223E-01 -4.06948E-01
    8995.675      0.349   1.440  4.85421E-01  8.96798E-01 -4.11377E-01
    8996.120      0.794   1.480  4.99506E-01  9.08833E-01 -4.09327E-01
    8996.577      1.251   1.520  5.20858E-01  9.20300E-01 -3.99443E-01
    8997.046      1.721   1.560  5.51245E-01  9.31214E-01 -3.79970E-01
    8997.528      2.202   1.600  5.90930E-01  9.41547E-01 -3.50617E-01
    8998.022      2.696   1.640  6.34944E-01  9.51256E-01 -3.16311E-01
    8998.528      3.202   1.680  6.78173E-01  9.60379E-01 -2.82206E-01
    8999.046      3.720   1.720  7.19831E-01  9.68876E-01 -2.49045E-01
    8999.576      4.251   1.760  7.64160E-01  9.76770E-01 -2.12610E-01
    9000.119      4.793   1.800  8.19198E-01  9.84063E-01 -1.64865E-01
    9000.674      5.348   1.840  8.92862E-01  9.90760E-01 -9.78985E-02
    9001.240      5.915   1.880  9.90472E-01  9.96889E-01 -6.41662E-03
    9001.820      6.494   1.920  1.11167E+00  1.00241E+00  1.09259E-01
    9002.411      7.085   1.960  1.24975E+00  1.00738E+00  2.42362E-01
    9003.014      7.689   2.000  1.39192E+00  1.01183E+00  3.80091E-01
    9003.630      8.304   2.040  1.51727E+00  1.01575E+00  5.01520E-01
    9004.258      8.932   2.080  1.60940E+00  1.01916E+00  5.90244E-01
    9004.898      9.572   2.120  1.64984E+00  1.02210E+00  6.27733E-01
    9005.550     10.225   2.160  1.62211E+00  1.02459E+00  5.97524E-01
    9006.215     10.889   2.200  1.54767E+00  1.02666E+00  5.21017E-01
    9006.891     11.566   2.240  1.46198E+00  1.02833E+00  4.33650E-01
    9007.580     12.255   2.280  1.38528E+00  1.02961E+00  3.55675E-01
    9008.281     12.956   2.320  1.32669E+00  1.03054E+00  2.96148E-01
    9008.995     13.669   2.360  1.28764E+00  1.03114E+00  2.56500E-01
    9009.720     14.394   2.400  1.26191E+00  1.03147E+00  2.30441E-01
    9010.458     15.132   2.440  1.23652E+00  1.03149E+00  2.05031E-01
    9011.207     15.882   2.480  1.20183E+00  1.03128E+00  1.70549E-01
    9011.969     16.644   2.520  1.16164E+00  1.03083E+00  1.30808E-01
    9012.744     17.418   2.560  1.13062E+00  1.03018E+00  1.00447E-01
    9013.530     18.204   2.600  1.11149E+00  1.02934E+00  8.21446E-02
    9014.328     19.003   2.640  1.09909E+00  1.02837E+00  7.07249E-02
    9015.139     19.814   2.680  1.08973E+00  1.02722E+00  6.25156E-02
    9015.962     20.636   2.720  1.08114E+00  1.02596E+00  5.51787E-02
    9016.797     21.472   2.760  1.07195E+00  1.02461E+00  4.73377E-02
    9017.645     22.319   2.800  1.06135E+00  1.02316E+00  3.81936E-02
    9018.504     23.179   2.840  1.04920E+00  1.02165E+00  2.75533E-02
    9019.376     24.050   2.880  1.03590E+00  1.02009E+00  1.58163E-02
    9020.260     24.934   2.920  1.02176E+00  1.01848E+00  3.27337E-03
    9021.156     25.830   2.960  1.00739E+00  1.01685E+00 -9.46375E-03
    9022.064     26.739   3.000  9.93414E-01  1.01521E+00 -2.17925E-02
    9022.985     27.659   3.040  9.80263E-01  1.01358E+00 -3.33202E-02
    9023.917     28.592   3.080  9.68122E-01  1.01194E+00 -4.38225E-02
    9024.862     29.537   3.120  9.57047E-01  1.01033E+00 -5.32864E-02
    9025.819     30.494   3.160  9.46720E-01  1.00876E+00 -6.20370E-02
    9026.789     31.463   3.200  9.36695E-01  1.00722E+00 -7.05258E-02
    9027.770     32.444   3.240  9.26798E-01  1.00573E+00 -7.89280E-02
    9028.764     33.438   3.280  9.16926E-01  1.00428E+00 -8.73504E-02
    9029.770     34.444   3.320  9.07207E-01  1.00290E+00 -9.56901E-02
    9030.788     35.462   3.360  8.97944E-01  1.00157E+00 -1.03625E-01
    9031.818     36.492   3.400  8.89438E-01  1.00032E+00 -1.10881E-01
    9032.860     37.535   3.440  8.81889E-01  9.99147E-01 -1.17258E-01
    9033.915     38.589   3.480  8.75659E-01  9.98076E-01 -1.22417E-01
    9034.982     39.656   3.520  8.71211E-01  9.97066E-01 -1.25855E-01
    9036.061     40.735   3.560  8.68842E-01  9.96138E-01 -1.27297E-01
    9037.152     41.826   3.600  8.68790E-01  9.95294E-01 -1.26504E-01
    9038.255     42.929   3.640  8.71129E-01  9.94557E-01 -1.23427E-01
    9039.371     44.045   3.680  8.75617E-01  9.93905E-01 -1.18288E-01
    9040.499     45.173   3.720  8.81756E-01  9.93339E-01 -1.11583E-01
    9041.638     46.313   3.760  8.89174E-01  9.92859E-01 -1.03684E-01
    9042.791     47.465   3.800  8.97622E-01  9.92486E-01 -9.48642E-02
    9043.955     48.629   3.840  9.06838E-01  9.92200E-01 -8.53624E-02
    9045.131     49.806   3.880  9.16648E-01  9.92000E-01 -7.53513E-02
    9046.320     50.994   3.920  9.26839E-01  9.91884E-01 -6.50450E-02
    9047.521     52.195   3.960  9.37091E-01  9.91873E-01 -5.47818E-02
    9048.734     53.408   4.000  9.46990E-01  9.91925E-01 -4.49345E-02
    9049.959     54.634   4.040  9.56442E-01  9.92081E-01 -3.56383E-02
    9051.197     55.871   4.080  9.65538E-01  9.92319E-01 -2.67817E-02
    9052.447     57.121   4.120  9.74540E-01  9.92616E-01 -1.80757E-02
    9053.708     58.383   4.160  9.83904E-01  9.93013E-01 -9.10919E-03
    9054.983     59.657   4.200  9.93969E-01  9.93468E-01  5.01168E-04
    9056.269     60.943   4.240  1.00498E+00  9.94020E-01  1.09557E-02
    9057.567     62.242   4.280  1.01685E+00  9.94603E-01  2.22461E-02
    9058.878     63.552   4.320  1.02942E+00  9.95278E-01  3.41372E-02
    9060.201     64.875   4.360  1.04211E+00  9.95981E-01  4.61335E-02
    9061.536     66.210   4.400  1.05433E+00  9.96754E-01  5.75770E-02
    9062.883     67.557   4.440  1.06547E+00  9.97592E-01  6.78824E-02
    9064.242     68.917   4.480  1.07498E+00  9.98452E-01  7.65310E-02
    9065.614     70.288   4.520  1.08245E+00  9.99374E-01  8.30718E-02
    9066.998     71.672   4.560  1.08753E+00  1.00031E+00  8.72126E-02
    9068.394     73.068   4.600  1.09015E+00  1.00129E+00  8.88637E-02
    9069.802     74.476   4.640  1.09042E+00  1.00229E+00  8.81324E-02
    9071.222     75.896   4.680  1.08864E+00  1.00330E+00  8.53346E-02
    9072.655     77.329   4.720  1.08521E+00  1.00432E+00  8.08812E-02
    9074.100     78.774   4.760  1.08065E+00  1.00537E+00  7.52784E-02
    9075.556     80.231   4.800  1.07557E+00  1.00642E+00  6.91533E-02
    9077.026     81.700   4.840  1.07057E+00  1.00747E+00  6.30973E-02
    9078.507     83.181   4.880  1.06602E+00  1.00852E+00  5.74998E-02
    9080.000     84.675   4.920  1.06207E+00  1.00956E+00  5.25061E-02
    9081.506     86.180   4.960  1.05855E+00  1.01057E+00  4.79815E-02
    9083.024     87.698   5.000  1.05525E+00  1.01157E+00  4.36770E-02
    9084.554     89.228   5.040  1.05192E+00  1.01254E+00  3.93810E-02
    9086.096     90.771   5.080  1.04843E+00  1.01347E+00  3.49574E-02
    9087.651     92.325   5.120  1.04470E+00  1.01439E+00  3.03176E-02
    9089.218     93.892   5.160  1.04063E+00  1.01526E+00  2.53676E-02
    9090.796     95.471   5.200  1.03611E+00  1.01607E+00  2.00430E-02
    9092.387     97.062   5.240  1.03125E+00  1.01686E+00  1.43954E-02
    9093.991     98.665   5.280  1.02614E+00  1.01758E+00  8.55546E-03
    9095.606    100.280   5.320  1.02087E+00  1.01828E+00  2.59464E-03
    9097.234    101.908   5.360  1.01537E+00  1.01888E+00 -3.50847E-03
    9098.874    103.548   5.400  1.00974E+00  1.01946E+00 -9.71951E-03
    9100.526    105.200   5.440  1.00411E+00  1.01994E+00 -1.58275E-02
    9102.190    106.864   5.480  9.98932E-01  1.02039E+00 -2.14593E-02
    9103.866    108.540   5.520  9.94537E-01  1.02075E+00 -2.62078E-02
    9105.555    110.229   5.560  9.91185E-01  1.02105E+00 -2.98621E-02
    9107.256    111.930   5.600  9.88802E-01  1.02129E+00 -3.24929E-02
    9108.969    113.643   5.640  9.87150E-01  1.02144E+00 -3.42932E-02
    9110.694    115.368   5.680  9.86181E-01  1.02154E+00 -3.53584E-02
    9112.431    117.105   5.720  9.85837E-01  1.02158E+00 -3.57450E-02
    9114.181    118.855   5.760  9.85945E-01  1.02153E+00 -3.55809E-02
    9115.942    120.617   5.800  9.86358E-01  1.02142E+00 -3.50581E-02
    9117.716    122.390   5.840  9.86925E-01  1.02123E+00 -3.43072E-02
    9119.502    124.177   5.880  9.87596E-01  1.02100E+00 -3.34018E-02
    9121.301    125.975   5.920  9.88208E-01  1.02069E+00 -3.24818E-02
    9123.111    127.785   5.960  9.88477E-01  1.02030E+00 -3.18220E-02
    9124.934    129.608   6.000  9.88058E-01  1.01981E+00 -3.17494E-02
