# # comment:                                                     FEFF 9.9.1  
# # Source:
# # Structure
# # Reduced
# # space
# # abc:
# # angles:
# # sites:
# # POT  SCF 100  7.0000   0, screened core-hole, AFOLP (folp(0)= 1.150)
# # Abs   Z=29 Rmt= 1.182 Rnm= 1.336 K  shell
# # Pot 1 Z=11 Rmt= 1.538 Rnm= 1.599
# # Pot 2 Z=29 Rmt= 1.182 Rnm= 1.336
# # Pot 3 Z= 8 Rmt= 0.989 Rnm= 1.117
# # Gam_ch=1.729E+00 H-L exch Vi= 0.000E+00 Vr= 0.000E+00
# # Mu=-6.696E+00eV kf=1.978E+00 Vint=-1.481E+01eV Rs_int= 1.833
# FMS rfms= 9.0000
# # PATH  Rmax=-1.000,  Keep_limit= 0.00, Heap_limit 0.00  Pwcrit= 2.50%
#  S02=0.950  Temp=   0.00  Debye_temp=   0.00  Global_sig2= 0.00000
#  Energy zero shift, vr, vi    0.00000E+00   0.00000E+00
#  Curved wave amplitude ratio filter   4.000%
#     file         sig2 tot  cw amp ratio   deg  nlegs   reff  inp sig2
#     0/   0 paths used
#  xsedge+ 50, used to normalize mu           2.4128E-04
#  -----------------------------------------------------------------------
#  omega    e    k    mu    mu0     chi     @#
    8984.242    -10.506  -1.000  5.47363E-02  6.32546E-02 -8.51827E-03
    8984.541    -10.207  -0.960  5.87729E-02  6.80597E-02 -9.28682E-03
    8984.827     -9.920  -0.920  6.32880E-02  7.34123E-02 -1.01243E-02
    8985.102     -9.646  -0.880  6.83596E-02  7.93937E-02 -1.10341E-02
    8985.364     -9.384  -0.840  7.40797E-02  8.60986E-02 -1.20190E-02
    8985.614     -9.134  -0.800  8.05568E-02  9.36367E-02 -1.30799E-02
    8985.851     -8.896  -0.760  8.79178E-02  1.02134E-01 -1.42160E-02
    8986.077     -8.671  -0.720  9.63084E-02  1.11732E-01 -1.54238E-02
    8986.290     -8.457  -0.680  1.05892E-01  1.22589E-01 -1.66967E-02
    8986.491     -8.256  -0.640  1.16844E-01  1.34868E-01 -1.80244E-02
    8986.680     -8.067  -0.600  1.29341E-01  1.48735E-01 -1.93937E-02
    8986.857     -7.891  -0.560  1.43536E-01  1.64326E-01 -2.07901E-02
    8987.022     -7.726  -0.520  1.59524E-01  1.81725E-01 -2.22007E-02
    8987.174     -7.574  -0.480  1.77296E-01  2.00916E-01 -2.36199E-02
    8987.314     -7.433  -0.440  1.96674E-01  2.21729E-01 -2.50548E-02
    8987.442     -7.305  -0.400  2.17272E-01  2.43801E-01 -2.65292E-02
    8987.558     -7.189  -0.360  2.38480E-01  2.66560E-01 -2.80801E-02
    8987.662     -7.086  -0.320  2.59517E-01  2.89262E-01 -2.97452E-02
    8987.753     -6.994  -0.280  2.79541E-01  3.11082E-01 -3.15416E-02
    8987.833     -6.915  -0.240  2.97779E-01  3.31226E-01 -3.34462E-02
    8987.900     -6.848  -0.200  3.13642E-01  3.49028E-01 -3.53861E-02
    8987.954     -6.793  -0.160  3.26758E-01  3.64003E-01 -3.72451E-02
    8987.997     -6.751  -0.120  3.36954E-01  3.75840E-01 -3.88858E-02
    8988.028     -6.720  -0.080  3.44186E-01  3.84368E-01 -4.01817E-02
    8988.052     -6.696   0.000  3.49862E-01  3.91219E-01 -4.13568E-02
    8988.107     -6.641   0.120  3.62180E-01  4.06668E-01 -4.44880E-02
    8988.150     -6.598   0.160  3.71714E-01  4.18666E-01 -4.69522E-02
    8988.204     -6.543   0.200  3.83641E-01  4.33988E-01 -5.03464E-02
    8988.271     -6.476   0.240  3.97541E-01  4.52406E-01 -5.48649E-02
    8988.351     -6.397   0.280  4.12814E-01  4.73551E-01 -6.07365E-02
    8988.442     -6.306   0.320  4.28677E-01  4.96862E-01 -6.81851E-02
    8988.546     -6.202   0.360  4.44242E-01  5.21668E-01 -7.74265E-02
    8988.662     -6.086   0.400  4.58596E-01  5.47231E-01 -8.86350E-02
    8988.790     -5.958   0.440  4.70980E-01  5.72872E-01 -1.01892E-01
    8988.930     -5.818   0.480  4.81052E-01  5.98084E-01 -1.17032E-01
    8989.082     -5.665   0.520  4.89059E-01  6.22475E-01 -1.33417E-01
    8989.247     -5.501   0.560  4.96044E-01  6.45912E-01 -1.49869E-01
    8989.424     -5.324   0.600  5.03162E-01  6.68309E-01 -1.65147E-01
    8989.613     -5.135   0.640  5.10967E-01  6.89728E-01 -1.78761E-01
    8989.814     -4.934   0.680  5.18830E-01  7.10235E-01 -1.91405E-01
    8990.027     -4.721   0.720  5.25609E-01  7.29911E-01 -2.04302E-01
    8990.253     -4.495   0.760  5.31092E-01  7.48879E-01 -2.17788E-01
    8990.490     -4.257   0.800  5.36767E-01  7.67188E-01 -2.30420E-01
    8990.740     -4.007   0.840  5.45194E-01  7.84910E-01 -2.39716E-01
    8991.002     -3.745   0.880  5.58346E-01  8.02103E-01 -2.43756E-01
    8991.277     -3.471   0.920  5.76228E-01  8.18765E-01 -2.42538E-01
    8991.563     -3.184   0.960  5.96708E-01  8.34924E-01 -2.38216E-01
    8991.862     -2.886   1.000  6.16373E-01  8.50573E-01 -2.34200E-01
    8992.173     -2.575   1.040  6.32509E-01  8.65717E-01 -2.33208E-01
    8992.496     -2.252   1.080  6.44493E-01  8.80332E-01 -2.35838E-01
    8992.831     -1.916   1.120  6.53223E-01  8.94408E-01 -2.41185E-01
    8993.179     -1.569   1.160  6.59544E-01  9.07931E-01 -2.48387E-01
    8993.538     -1.209   1.200  6.63970E-01  9.20843E-01 -2.56873E-01
    8993.910     -0.837   1.240  6.68173E-01  9.33166E-01 -2.64993E-01
    8994.294     -0.453   1.280  6.74942E-01  9.44858E-01 -2.69916E-01
    8994.691     -0.057   1.320  6.85744E-01  9.55900E-01 -2.70156E-01
    8995.099      0.351   1.360  6.99758E-01  9.66292E-01 -2.66534E-01
    8995.520      0.772   1.400  7.17115E-01  9.75992E-01 -2.58877E-01
    8995.952      1.205   1.440  7.40664E-01  9.85025E-01 -2.44361E-01
    8996.397      1.650   1.480  7.73250E-01  9.93391E-01 -2.20141E-01
    8996.855      2.107   1.520  8.15950E-01  1.00105E+00 -1.85105E-01
    8997.324      2.576   1.560  8.66531E-01  1.00804E+00 -1.41514E-01
    8997.806      3.058   1.600  9.18291E-01  1.01439E+00 -9.60970E-02
    8998.299      3.552   1.640  9.66452E-01  1.02005E+00 -5.35997E-02
    8998.805      4.058   1.680  1.01394E+00  1.02511E+00 -1.11709E-02
    8999.323      4.576   1.720  1.06334E+00  1.02953E+00  3.38066E-02
    8999.854      5.106   1.760  1.11176E+00  1.03336E+00  7.84030E-02
    9000.396      5.649   1.800  1.15773E+00  1.03663E+00  1.21096E-01
    9000.951      6.203   1.840  1.20080E+00  1.03935E+00  1.61444E-01
    9001.518      6.770   1.880  1.24069E+00  1.04156E+00  1.99126E-01
    9002.097      7.349   1.920  1.27795E+00  1.04329E+00  2.34664E-01
    9002.688      7.941   1.960  1.31471E+00  1.04455E+00  2.70165E-01
    9003.292      8.544   2.000  1.35169E+00  1.04540E+00  3.06288E-01
    9003.908      9.160   2.040  1.38493E+00  1.04585E+00  3.39075E-01
    9004.536      9.788   2.080  1.40634E+00  1.04595E+00  3.60396E-01
    9005.176     10.428   2.120  1.40695E+00  1.04573E+00  3.61223E-01
    9005.828     11.080   2.160  1.38146E+00  1.04518E+00  3.36279E-01
    9006.492     11.745   2.200  1.33454E+00  1.04438E+00  2.90167E-01
    9007.169     12.421   2.240  1.27762E+00  1.04334E+00  2.34279E-01
    9007.858     13.110   2.280  1.22070E+00  1.04209E+00  1.78608E-01
    9008.559     13.811   2.320  1.16954E+00  1.04064E+00  1.28901E-01
    9009.272     14.524   2.360  1.12523E+00  1.03905E+00  8.61834E-02
    9009.998     15.250   2.400  1.08994E+00  1.03730E+00  5.26460E-02
    9010.735     15.987   2.440  1.06356E+00  1.03544E+00  2.81182E-02
    9011.485     16.737   2.480  1.04193E+00  1.03350E+00  8.42842E-03
    9012.247     17.499   2.520  1.02363E+00  1.03148E+00 -7.84803E-03
    9013.021     18.273   2.560  1.00854E+00  1.02941E+00 -2.08639E-02
    9013.807     19.060   2.600  9.96565E-01  1.02731E+00 -3.07501E-02
    9014.606     19.858   2.640  9.87586E-01  1.02519E+00 -3.76072E-02
    9015.417     20.669   2.680  9.81325E-01  1.02307E+00 -4.17437E-02
    9016.240     21.492   2.720  9.77384E-01  1.02097E+00 -4.35849E-02
    9017.075     22.327   2.760  9.75364E-01  1.01888E+00 -4.35159E-02
    9017.922     23.175   2.800  9.74645E-01  1.01683E+00 -4.21823E-02
    9018.782     24.034   2.840  9.74925E-01  1.01484E+00 -3.99146E-02
    9019.654     24.906   2.880  9.76024E-01  1.01290E+00 -3.68768E-02
    9020.537     25.790   2.920  9.77736E-01  1.01101E+00 -3.32784E-02
    9021.434     26.686   2.960  9.80159E-01  1.00923E+00 -2.90694E-02
    9022.342     27.594   3.000  9.83243E-01  1.00752E+00 -2.42813E-02
    9023.262     28.515   3.040  9.86654E-01  1.00590E+00 -1.92500E-02
    9024.195     29.447   3.080  9.89889E-01  1.00437E+00 -1.44809E-02
    9025.140     30.392   3.120  9.92433E-01  1.00293E+00 -1.04944E-02
    9026.097     31.349   3.160  9.93846E-01  1.00162E+00 -7.77342E-03
    9027.066     32.319   3.200  9.93674E-01  1.00041E+00 -6.73229E-03
    9028.048     33.300   3.240  9.91656E-01  9.99287E-01 -7.63059E-03
    9029.041     34.294   3.280  9.87739E-01  9.98306E-01 -1.05675E-02
    9030.047     35.299   3.320  9.82096E-01  9.97423E-01 -1.53266E-02
    9031.065     36.317   3.360  9.75274E-01  9.96659E-01 -2.13851E-02
    9032.095     37.348   3.400  9.67892E-01  9.96013E-01 -2.81208E-02
    9033.138     38.390   3.440  9.60472E-01  9.95466E-01 -3.49935E-02
    9034.192     39.445   3.480  9.53330E-01  9.95058E-01 -4.17276E-02
    9035.259     40.512   3.520  9.46497E-01  9.94748E-01 -4.82508E-02
    9036.338     41.590   3.560  9.39983E-01  9.94556E-01 -5.45735E-02
    9037.429     42.682   3.600  9.33938E-01  9.94479E-01 -6.05417E-02
    9038.533     43.785   3.640  9.28737E-01  9.94497E-01 -6.57601E-02
    9039.648     44.901   3.680  9.24868E-01  9.94630E-01 -6.97620E-02
    9040.776     46.028   3.720  9.22638E-01  9.94854E-01 -7.22157E-02
    9041.916     47.168   3.760  9.22334E-01  9.95190E-01 -7.28559E-02
    9043.068     48.320   3.800  9.24023E-01  9.95614E-01 -7.15913E-02
    9044.232     49.485   3.840  9.27569E-01  9.96147E-01 -6.85777E-02
    9045.409     50.661   3.880  9.32556E-01  9.96742E-01 -6.41862E-02
    9046.598     51.850   3.920  9.38626E-01  9.97440E-01 -5.88142E-02
    9047.799     53.051   3.960  9.45458E-01  9.98195E-01 -5.27370E-02
    9049.012     54.264   4.000  9.53049E-01  9.99028E-01 -4.59781E-02
    9050.237     55.489   4.040  9.61543E-01  9.99935E-01 -3.83922E-02
    9051.475     56.727   4.080  9.71050E-01  1.00089E+00 -2.98430E-02
    9052.724     57.976   4.120  9.81552E-01  1.00192E+00 -2.03683E-02
    9053.986     59.238   4.160  9.92877E-01  1.00299E+00 -1.01173E-02
    9055.260     60.512   4.200  1.00483E+00  1.00411E+00  7.14789E-04
    9056.546     61.799   4.240  1.01724E+00  1.00527E+00  1.19737E-02
    9057.845     63.097   4.280  1.03003E+00  1.00646E+00  2.35789E-02
    9059.155     64.408   4.320  1.04310E+00  1.00766E+00  3.54424E-02
    9060.478     65.731   4.360  1.05615E+00  1.00889E+00  4.72581E-02
    9061.813     67.066   4.400  1.06858E+00  1.01013E+00  5.84502E-02
    9063.160     68.413   4.440  1.07964E+00  1.01139E+00  6.82432E-02
    9064.520     69.772   4.480  1.08846E+00  1.01264E+00  7.58211E-02
    9065.891     71.144   4.520  1.09453E+00  1.01390E+00  8.06319E-02
    9067.275     72.528   4.560  1.09782E+00  1.01513E+00  8.26947E-02
    9068.671     73.924   4.600  1.09882E+00  1.01633E+00  8.24935E-02
    9070.079     75.332   4.640  1.09820E+00  1.01751E+00  8.06829E-02
    9071.500     76.752   4.680  1.09641E+00  1.01869E+00  7.77278E-02
    9072.932     78.185   4.720  1.09355E+00  1.01980E+00  7.37497E-02
    9074.377     79.629   4.760  1.08956E+00  1.02089E+00  6.86702E-02
    9075.834     81.086   4.800  1.08434E+00  1.02192E+00  6.24234E-02
    9077.303     82.555   4.840  1.07797E+00  1.02290E+00  5.50770E-02
    9078.784     84.037   4.880  1.07068E+00  1.02383E+00  4.68535E-02
    9080.278     85.530   4.920  1.06284E+00  1.02471E+00  3.81252E-02
    9081.784     87.036   4.960  1.05482E+00  1.02552E+00  2.93010E-02
    9083.302     88.554   5.000  1.04696E+00  1.02625E+00  2.07029E-02
    9084.832     90.084   5.040  1.03942E+00  1.02693E+00  1.24853E-02
    9086.374     91.626   5.080  1.03221E+00  1.02753E+00  4.68028E-03
    9087.928     93.181   5.120  1.02537E+00  1.02808E+00 -2.70429E-03
    9089.495     94.747   5.160  1.01882E+00  1.02852E+00 -9.69715E-03
    9091.074     96.326   5.200  1.01246E+00  1.02890E+00 -1.64460E-02
    9092.665     97.917   5.240  1.00591E+00  1.02921E+00 -2.32994E-02
    9094.268     99.521   5.280  9.98717E-01  1.02943E+00 -3.07110E-02
    9095.884    101.136   5.320  9.90650E-01  1.02957E+00 -3.89166E-02
    9097.511    102.764   5.360  9.81998E-01  1.02962E+00 -4.76249E-02
    9099.151    104.403   5.400  9.73595E-01  1.02960E+00 -5.60012E-02
    9100.803    106.055   5.440  9.66496E-01  1.02949E+00 -6.29945E-02
    9102.467    107.720   5.480  9.61643E-01  1.02933E+00 -6.76829E-02
    9104.144    109.396   5.520  9.59632E-01  1.02906E+00 -6.94282E-02
    9105.832    111.085   5.560  9.60721E-01  1.02874E+00 -6.80181E-02
    9107.533    112.785   5.600  9.64568E-01  1.02834E+00 -6.37726E-02
    9109.246    114.498   5.640  9.70390E-01  1.02789E+00 -5.75020E-02
    9110.971    116.224   5.680  9.77217E-01  1.02737E+00 -5.01543E-02
    9112.709    117.961   5.720  9.84402E-01  1.02680E+00 -4.23982E-02
    9114.458    119.710   5.760  9.91754E-01  1.02616E+00 -3.44041E-02
    9116.220    121.472   5.800  9.99494E-01  1.02547E+00 -2.59778E-02
    9117.994    123.246   5.840  1.00793E+00  1.02474E+00 -1.68109E-02
    9119.780    125.032   5.880  1.01738E+00  1.02395E+00 -6.57742E-03
    9121.578    126.831   5.920  1.02816E+00  1.02316E+00  5.00578E-03
    9123.389    128.641   5.960  1.04010E+00  1.02230E+00  1.77987E-02
    9125.211    130.464   6.000  1.05241E+00  1.02141E+00  3.10036E-02
