# # comment:                                                     FEFF 9.9.1  
# # Source:
# # Structure
# # Reduced
# # space
# # abc:
# # angles:122.578888
# # sites:
# # POT  SCF 100  7.0000   0, screened core-hole, AFOLP (folp(0)= 1.150)
# # Abs   Z=29 Rmt= 1.270 Rnm= 1.337 K  shell
# # Pot 1 Z=29 Rmt= 1.239 Rnm= 1.305
# # Pot 2 Z=82 Rmt= 1.528 Rnm= 1.608
# # Pot 3 Z= 8 Rmt= 1.073 Rnm= 1.128
# # Gam_ch=1.729E+00 H-L exch Vi= 0.000E+00 Vr= 0.000E+00
# # Mu=-7.068E+00eV kf=2.157E+00 Vint=-1.532E+01eV Rs_int= 1.681
# FMS rfms= 9.0000
# # PATH  Rmax=-1.000,  Keep_limit= 0.00, Heap_limit 0.00  Pwcrit= 2.50%
#  S02=0.950  Temp=   0.00  Debye_temp=   0.00  Global_sig2= 0.00000
#  Energy zero shift, vr, vi    0.00000E+00   0.00000E+00
#  Curved wave amplitude ratio filter   4.000%
#     file         sig2 tot  cw amp ratio   deg  nlegs   reff  inp sig2
#     0/   0 paths used
#  xsedge+ 50, used to normalize mu           2.4526E-04
#  -----------------------------------------------------------------------
#  omega    e    k    mu    mu0     chi     @#
    8983.551    -10.878  -1.000  3.38522E-02  5.46380E-02 -2.07858E-02
    8983.850    -10.580  -0.960  3.53730E-02  5.86197E-02 -2.32467E-02
    8984.136    -10.293  -0.920  3.69935E-02  6.30442E-02 -2.60506E-02
    8984.410    -10.019  -0.880  3.87254E-02  6.79763E-02 -2.92509E-02
    8984.672     -9.757  -0.840  4.05823E-02  7.34918E-02 -3.29095E-02
    8984.922     -9.507  -0.800  4.25800E-02  7.96782E-02 -3.70983E-02
    8985.160     -9.269  -0.760  4.47368E-02  8.66361E-02 -4.18993E-02
    8985.386     -9.043  -0.720  4.70738E-02  9.44791E-02 -4.74052E-02
    8985.599     -8.830  -0.680  4.96141E-02  1.03332E-01 -5.37178E-02
    8985.800     -8.629  -0.640  5.23823E-02  1.13327E-01 -6.09443E-02
    8985.989     -8.440  -0.600  5.54024E-02  1.24592E-01 -6.91901E-02
    8986.166     -8.263  -0.560  5.86947E-02  1.37240E-01 -7.85451E-02
    8986.331     -8.098  -0.520  6.22707E-02  1.51334E-01 -8.90635E-02
    8986.483     -7.946  -0.480  6.61258E-02  1.66861E-01 -1.00735E-01
    8986.623     -7.806  -0.440  7.02311E-02  1.83683E-01 -1.13452E-01
    8986.751     -7.678  -0.400  7.45263E-02  2.01509E-01 -1.26983E-01
    8986.867     -7.562  -0.360  7.89166E-02  2.19880E-01 -1.40964E-01
    8986.971     -7.458  -0.320  8.32776E-02  2.38199E-01 -1.54922E-01
    8987.062     -7.367  -0.280  8.74680E-02  2.55804E-01 -1.68336E-01
    8987.141     -7.288  -0.240  9.13481E-02  2.72056E-01 -1.80708E-01
    8987.208     -7.221  -0.200  9.47956E-02  2.86422E-01 -1.91626E-01
    8987.263     -7.166  -0.160  9.77154E-02  2.98509E-01 -2.00794E-01
    8987.306     -7.123  -0.120  1.00042E-01  3.08066E-01 -2.08024E-01
    8987.336     -7.093  -0.080  1.01736E-01  3.14953E-01 -2.13216E-01
    8987.361     -7.068   0.000  1.03134E-01  3.20487E-01 -2.17353E-01
    8987.416     -7.013   0.120  1.06290E-01  3.32963E-01 -2.26673E-01
    8987.458     -6.971   0.160  1.08689E-01  3.42669E-01 -2.33981E-01
    8987.513     -6.916   0.200  1.11713E-01  3.55067E-01 -2.43354E-01
    8987.580     -6.849   0.240  1.15291E-01  3.69972E-01 -2.54681E-01
    8987.660     -6.770   0.280  1.19331E-01  3.87115E-01 -2.67784E-01
    8987.751     -6.678   0.320  1.23644E-01  4.06048E-01 -2.82404E-01
    8987.855     -6.574   0.360  1.27952E-01  4.26239E-01 -2.98288E-01
    8987.970     -6.459   0.400  1.31919E-01  4.47102E-01 -3.15183E-01
    8988.098     -6.331   0.440  1.35268E-01  4.68119E-01 -3.32851E-01
    8988.239     -6.190   0.480  1.37803E-01  4.88888E-01 -3.51085E-01
    8988.391     -6.038   0.520  1.39573E-01  5.09111E-01 -3.69539E-01
    8988.556     -5.873   0.560  1.40950E-01  5.28691E-01 -3.87741E-01
    8988.732     -5.697   0.600  1.42443E-01  5.47552E-01 -4.05108E-01
    8988.921     -5.508   0.640  1.44708E-01  5.65767E-01 -4.21059E-01
    8989.123     -5.307   0.680  1.48324E-01  5.83409E-01 -4.35085E-01
    8989.336     -5.093   0.720  1.53770E-01  6.00559E-01 -4.46789E-01
    8989.561     -4.868   0.760  1.61522E-01  6.17278E-01 -4.55756E-01
    8989.799     -4.630   0.800  1.72126E-01  6.33638E-01 -4.61513E-01
    8990.049     -4.380   0.840  1.86192E-01  6.49739E-01 -4.63547E-01
    8990.311     -4.118   0.880  2.04024E-01  6.65564E-01 -4.61540E-01
    8990.586     -3.843   0.920  2.25050E-01  6.81186E-01 -4.56136E-01
    8990.872     -3.557   0.960  2.46923E-01  6.96582E-01 -4.49660E-01
    8991.171     -3.258   1.000  2.65754E-01  7.11805E-01 -4.46051E-01
    8991.482     -2.947   1.040  2.78248E-01  7.26791E-01 -4.48543E-01
    8991.805     -2.624   1.080  2.84718E-01  7.41575E-01 -4.56856E-01
    8992.140     -2.289   1.120  2.88925E-01  7.56123E-01 -4.67197E-01
    8992.488     -1.942   1.160  2.95533E-01  7.70419E-01 -4.74885E-01
    8992.847     -1.582   1.200  3.07774E-01  7.84420E-01 -4.76646E-01
    8993.219     -1.210   1.240  3.28894E-01  7.98103E-01 -4.69209E-01
    8993.603     -0.826   1.280  3.63466E-01  8.11462E-01 -4.47996E-01
    8993.999     -0.430   1.320  4.16080E-01  8.24472E-01 -4.08392E-01
    8994.408     -0.021   1.360  4.88942E-01  8.37062E-01 -3.48120E-01
    8994.828      0.399   1.400  5.79706E-01  8.49268E-01 -2.69562E-01
    8995.261      0.832   1.440  6.81411E-01  8.61021E-01 -1.79609E-01
    8995.706      1.277   1.480  7.85554E-01  8.72313E-01 -8.67592E-02
    8996.163      1.734   1.520  8.86576E-01  8.83121E-01  3.45578E-03
    8996.633      2.204   1.560  9.99856E-01  8.93459E-01  1.06398E-01
    8997.114      2.685   1.600  1.14461E+00  9.03303E-01  2.41309E-01
    8997.608      3.179   1.640  1.29743E+00  9.12612E-01  3.84814E-01
    8998.114      3.685   1.680  1.41332E+00  9.21423E-01  4.91895E-01
    8998.632      4.203   1.720  1.50505E+00  9.29719E-01  5.75332E-01
    8999.163      4.734   1.760  1.62158E+00  9.37479E-01  6.84098E-01
    8999.705      5.276   1.800  1.73711E+00  9.44748E-01  7.92362E-01
    9000.260      5.831   1.840  1.79464E+00  9.51511E-01  8.43125E-01
    9000.827      6.398   1.880  1.79658E+00  9.57751E-01  8.38825E-01
    9001.406      6.977   1.920  1.75487E+00  9.63536E-01  7.91334E-01
    9001.997      7.568   1.960  1.66716E+00  9.68833E-01  6.98325E-01
    9002.601      8.172   2.000  1.53872E+00  9.73668E-01  5.65050E-01
    9003.216      8.787   2.040  1.40346E+00  9.78052E-01  4.25406E-01
    9003.844      9.415   2.080  1.29297E+00  9.82036E-01  3.10935E-01
    9004.484     10.055   2.120  1.20734E+00  9.85587E-01  2.21750E-01
    9005.137     10.708   2.160  1.11988E+00  9.88779E-01  1.31101E-01
    9005.801     11.372   2.200  1.01774E+00  9.91578E-01  2.61601E-02
    9006.478     12.049   2.240  9.26565E-01  9.94059E-01 -6.74935E-02
    9007.167     12.738   2.280  8.71717E-01  9.96190E-01 -1.24473E-01
    9007.868     13.439   2.320  8.51755E-01  9.98044E-01 -1.46290E-01
    9008.581     14.152   2.360  8.50941E-01  9.99590E-01 -1.48648E-01
    9009.306     14.877   2.400  8.59248E-01  1.00088E+00 -1.41632E-01
    9010.044     15.615   2.440  8.83730E-01  1.00194E+00 -1.18214E-01
    9010.794     16.365   2.480  9.28014E-01  1.00277E+00 -7.47596E-02
    9011.556     17.127   2.520  9.74903E-01  1.00340E+00 -2.84946E-02
    9012.330     17.901   2.560  1.01445E+00  1.00385E+00  1.06069E-02
    9013.116     18.687   2.600  1.04325E+00  1.00413E+00  3.91180E-02
    9013.915     19.486   2.640  1.05624E+00  1.00427E+00  5.19704E-02
    9014.726     20.297   2.680  1.05200E+00  1.00427E+00  4.77287E-02
    9015.549     21.120   2.720  1.03290E+00  1.00414E+00  2.87515E-02
    9016.384     21.955   2.760  1.00193E+00  1.00395E+00 -2.01604E-03
    9017.231     22.802   2.800  9.61741E-01  1.00364E+00 -4.19017E-02
    9018.091     23.662   2.840  9.17515E-01  1.00326E+00 -8.57449E-02
    9018.962     24.533   2.880  8.76025E-01  1.00283E+00 -1.26801E-01
    9019.846     25.417   2.920  8.42190E-01  1.00235E+00 -1.60156E-01
    9020.742     26.313   2.960  8.18281E-01  1.00183E+00 -1.83545E-01
    9021.651     27.222   3.000  8.02900E-01  1.00129E+00 -1.98393E-01
    9022.571     28.142   3.040  7.93757E-01  1.00073E+00 -2.06971E-01
    9023.504     29.075   3.080  7.89181E-01  1.00016E+00 -2.10978E-01
    9024.449     30.020   3.120  7.88057E-01  9.99586E-01 -2.11530E-01
    9025.406     30.977   3.160  7.90238E-01  9.99017E-01 -2.08779E-01
    9026.375     31.946   3.200  7.96263E-01  9.98474E-01 -2.02211E-01
    9027.357     32.927   3.240  8.06423E-01  9.97939E-01 -1.91517E-01
    9028.350     33.921   3.280  8.20126E-01  9.97436E-01 -1.77310E-01
    9029.356     34.927   3.320  8.36771E-01  9.96947E-01 -1.60176E-01
    9030.374     35.945   3.360  8.56080E-01  9.96514E-01 -1.40434E-01
    9031.404     36.975   3.400  8.78139E-01  9.96100E-01 -1.17961E-01
    9032.447     38.018   3.440  9.03453E-01  9.95748E-01 -9.22947E-02
    9033.501     39.072   3.480  9.32199E-01  9.95436E-01 -6.32370E-02
    9034.568     40.139   3.520  9.63494E-01  9.95143E-01 -3.16496E-02
    9035.647     41.218   3.560  9.95310E-01  9.94916E-01  3.94107E-04
    9036.738     42.309   3.600  1.02558E+00  9.94732E-01  3.08483E-02
    9037.842     43.413   3.640  1.05283E+00  9.94613E-01  5.82128E-02
    9038.957     44.528   3.680  1.07648E+00  9.94540E-01  8.19393E-02
    9040.085     45.656   3.720  1.09673E+00  9.94488E-01  1.02242E-01
    9041.225     46.796   3.760  1.11405E+00  9.94521E-01  1.19525E-01
    9042.377     47.948   3.800  1.12854E+00  9.94576E-01  1.33965E-01
    9043.541     49.112   3.840  1.14025E+00  9.94675E-01  1.45577E-01
    9044.718     50.289   3.880  1.14912E+00  9.94838E-01  1.54286E-01
    9045.907     51.477   3.920  1.15480E+00  9.95042E-01  1.59753E-01
    9047.107     52.678   3.960  1.15627E+00  9.95286E-01  1.60985E-01
    9048.321     53.891   4.000  1.15232E+00  9.95549E-01  1.56767E-01
    9049.546     55.117   4.040  1.14182E+00  9.95872E-01  1.45946E-01
    9050.783     56.354   4.080  1.12471E+00  9.96234E-01  1.28471E-01
    9052.033     57.604   4.120  1.10259E+00  9.96632E-01  1.05961E-01
    9053.295     58.866   4.160  1.07819E+00  9.97042E-01  8.11486E-02
    9054.569     60.140   4.200  1.05433E+00  9.97486E-01  5.68482E-02
    9055.855     61.426   4.240  1.03307E+00  9.97940E-01  3.51347E-02
    9057.154     62.725   4.280  1.01542E+00  9.98447E-01  1.69735E-02
    9058.464     64.035   4.320  1.00136E+00  9.98940E-01  2.42115E-03
    9059.787     65.358   4.360  9.90569E-01  9.99459E-01 -8.88999E-03
    9061.122     66.693   4.400  9.82465E-01  9.99984E-01 -1.75191E-02
    9062.469     68.040   4.440  9.76572E-01  1.00053E+00 -2.39606E-02
    9063.829     69.400   4.480  9.72738E-01  1.00106E+00 -2.83237E-02
    9065.200     70.771   4.520  9.71430E-01  1.00161E+00 -3.01812E-02
    9066.584     72.155   4.560  9.73200E-01  1.00214E+00 -2.89383E-02
    9067.980     73.551   4.600  9.78190E-01  1.00268E+00 -2.44941E-02
    9069.388     74.959   4.640  9.85433E-01  1.00320E+00 -1.77705E-02
    9070.809     76.380   4.680  9.93097E-01  1.00372E+00 -1.06193E-02
    9072.241     77.812   4.720  9.99054E-01  1.00422E+00 -5.16761E-03
    9073.686     79.257   4.760  1.00156E+00  1.00470E+00 -3.13777E-03
    9075.143     80.714   4.800  9.99726E-01  1.00514E+00 -5.41141E-03
    9076.612     82.183   4.840  9.93796E-01  1.00559E+00 -1.17928E-02
    9078.093     83.664   4.880  9.85065E-01  1.00599E+00 -2.09205E-02
    9079.587     85.158   4.920  9.75881E-01  1.00637E+00 -3.04864E-02
    9081.093     86.663   4.960  9.68856E-01  1.00671E+00 -3.78563E-02
    9082.610     88.181   5.000  9.65943E-01  1.00702E+00 -4.10791E-02
    9084.141     89.711   5.040  9.67453E-01  1.00732E+00 -3.98621E-02
    9085.683     91.254   5.080  9.72232E-01  1.00757E+00 -3.53375E-02
    9087.237     92.808   5.120  9.78732E-01  1.00776E+00 -2.90283E-02
    9088.804     94.375   5.160  9.85907E-01  1.00793E+00 -2.20271E-02
    9090.383     95.954   5.200  9.92890E-01  1.00807E+00 -1.51783E-02
    9091.974     97.545   5.240  9.98605E-01  1.00816E+00 -9.55696E-03
    9093.577     99.148   5.280  1.00191E+00  1.00821E+00 -6.30509E-03
    9095.193    100.763   5.320  1.00202E+00  1.00823E+00 -6.20560E-03
    9096.820    102.391   5.360  9.98726E-01  1.00820E+00 -9.46960E-03
    9098.460    104.031   5.400  9.92150E-01  1.00812E+00 -1.59739E-02
    9100.112    105.683   5.440  9.82609E-01  1.00801E+00 -2.54020E-02
    9101.776    107.347   5.480  9.70767E-01  1.00786E+00 -3.70909E-02
    9103.453    109.023   5.520  9.57936E-01  1.00766E+00 -4.97284E-02
    9105.141    110.712   5.560  9.46055E-01  1.00743E+00 -6.13735E-02
    9106.842    112.413   5.600  9.37110E-01  1.00715E+00 -7.00435E-02
    9108.555    114.126   5.640  9.32528E-01  1.00684E+00 -7.43132E-02
    9110.280    115.851   5.680  9.32990E-01  1.00651E+00 -7.35234E-02
    9112.017    117.588   5.720  9.38507E-01  1.00613E+00 -6.76190E-02
    9113.767    119.338   5.760  9.48593E-01  1.00573E+00 -5.71327E-02
    9115.529    121.100   5.800  9.62012E-01  1.00529E+00 -4.32812E-02
    9117.303    122.874   5.840  9.77148E-01  1.00485E+00 -2.77016E-02
    9119.089    124.660   5.880  9.92570E-01  1.00435E+00 -1.17802E-02
    9120.887    126.458   5.920  1.00778E+00  1.00385E+00  3.93038E-03
    9122.698    128.268   5.960  1.02299E+00  1.00335E+00  1.96444E-02
    9124.520    130.091   6.000  1.03897E+00  1.00280E+00  3.61667E-02
