# # comment:                                                     FEFF 9.9.1  
# # Source:
# # Structure
# # Reduced
# # space
# # abc:
# # angles:
# # sites:
# # POT  SCF 100  7.0000   0, screened core-hole, AFOLP (folp(0)= 1.150)
# # Abs   Z=29 Rmt= 1.275 Rnm= 1.343 K  shell
# # Pot 1 Z= 3 Rmt= 1.321 Rnm= 1.401
# # Pot 2 Z=29 Rmt= 1.288 Rnm= 1.351
# # Pot 3 Z=15 Rmt= 0.946 Rnm= 1.160
# # Pot 4 Z= 8 Rmt= 0.919 Rnm= 1.044
# # Gam_ch=1.729E+00 H-L exch Vi= 0.000E+00 Vr= 0.000E+00
# # Mu=-6.211E+00eV kf=2.417E+00 Vint=-1.693E+01eV Rs_int= 1.501
# FMS rfms= 9.0000
# # PATH  Rmax=-1.000,  Keep_limit= 0.00, Heap_limit 0.00  Pwcrit= 2.50%
#  S02=0.950  Temp=   0.00  Debye_temp=   0.00  Global_sig2= 0.00000
#  Energy zero shift, vr, vi    0.00000E+00   0.00000E+00
#  Curved wave amplitude ratio filter   4.000%
#     file         sig2 tot  cw amp ratio   deg  nlegs   reff  inp sig2
#     0/   0 paths used
#  xsedge+ 50, used to normalize mu           2.4708E-04
#  -----------------------------------------------------------------------
#  omega    e    k    mu    mu0     chi     @#
    8983.496    -10.021  -1.000  4.45538E-02  5.63823E-02 -1.18285E-02
    8983.795     -9.723  -0.960  4.70425E-02  6.05792E-02 -1.35367E-02
    8984.082     -9.436  -0.920  4.97147E-02  6.52530E-02 -1.55383E-02
    8984.356     -9.162  -0.880  5.25865E-02  7.04749E-02 -1.78885E-02
    8984.618     -8.900  -0.840  5.56752E-02  7.63280E-02 -2.06528E-02
    8984.868     -8.650  -0.800  5.89993E-02  8.29085E-02 -2.39092E-02
    8985.106     -8.412  -0.760  6.25787E-02  9.03273E-02 -2.77485E-02
    8985.331     -8.187  -0.720  6.64336E-02  9.87095E-02 -3.22759E-02
    8985.545     -7.973  -0.680  7.05842E-02  1.08193E-01 -3.76091E-02
    8985.746     -7.772  -0.640  7.50491E-02  1.18925E-01 -4.38757E-02
    8985.935     -7.583  -0.600  7.98434E-02  1.31048E-01 -5.12046E-02
    8986.112     -7.406  -0.560  8.49744E-02  1.44686E-01 -5.97112E-02
    8986.276     -7.242  -0.520  9.04375E-02  1.59912E-01 -6.94744E-02
    8986.429     -7.089  -0.480  9.62086E-02  1.76712E-01 -8.05037E-02
    8986.569     -6.949  -0.440  1.02238E-01  1.94939E-01 -9.27011E-02
    8986.697     -6.821  -0.400  1.08441E-01  2.14271E-01 -1.05830E-01
    8986.813     -6.705  -0.360  1.14702E-01  2.34204E-01 -1.19503E-01
    8986.916     -6.602  -0.320  1.20871E-01  2.54084E-01 -1.33213E-01
    8987.008     -6.510  -0.280  1.26783E-01  2.73184E-01 -1.46401E-01
    8987.087     -6.431  -0.240  1.32272E-01  2.90807E-01 -1.58535E-01
    8987.154     -6.364  -0.200  1.37182E-01  3.06370E-01 -1.69188E-01
    8987.209     -6.309  -0.160  1.41383E-01  3.19453E-01 -1.78070E-01
    8987.252     -6.266  -0.120  1.44767E-01  3.29787E-01 -1.85020E-01
    8987.282     -6.236  -0.080  1.47253E-01  3.37227E-01 -1.89974E-01
    8987.306     -6.211   0.000  1.49308E-01  3.43201E-01 -1.93894E-01
    8987.361     -6.157   0.120  1.54018E-01  3.56669E-01 -2.02650E-01
    8987.404     -6.114   0.160  1.57699E-01  3.67117E-01 -2.09418E-01
    8987.459     -6.059   0.200  1.62496E-01  3.80431E-01 -2.17935E-01
    8987.526     -5.992   0.240  1.68498E-01  3.96412E-01 -2.27915E-01
    8987.605     -5.913   0.280  1.75817E-01  4.14739E-01 -2.38922E-01
    8987.697     -5.821   0.320  1.84539E-01  4.34872E-01 -2.50333E-01
    8987.800     -5.718   0.360  1.94812E-01  4.56197E-01 -2.61386E-01
    8987.916     -5.602   0.400  2.06853E-01  4.78084E-01 -2.71231E-01
    8988.044     -5.474   0.440  2.20885E-01  4.99898E-01 -2.79013E-01
    8988.184     -5.334   0.480  2.37265E-01  5.21181E-01 -2.83916E-01
    8988.337     -5.181   0.520  2.56419E-01  5.41643E-01 -2.85224E-01
    8988.501     -5.017   0.560  2.78888E-01  5.61149E-01 -2.82261E-01
    8988.678     -4.840   0.600  3.05308E-01  5.79646E-01 -2.74338E-01
    8988.867     -4.651   0.640  3.36294E-01  5.97203E-01 -2.60909E-01
    8989.068     -4.450   0.680  3.72228E-01  6.13928E-01 -2.41700E-01
    8989.281     -4.236   0.720  4.12862E-01  6.29927E-01 -2.17065E-01
    8989.507     -4.011   0.760  4.57129E-01  6.45305E-01 -1.88175E-01
    8989.745     -3.773   0.800  5.03083E-01  6.60154E-01 -1.57071E-01
    8989.995     -3.523   0.840  5.47941E-01  6.74579E-01 -1.26638E-01
    8990.257     -3.261   0.880  5.88506E-01  6.88625E-01 -1.00118E-01
    8990.531     -2.987   0.920  6.22629E-01  7.02382E-01 -7.97530E-02
    8990.818     -2.700   0.960  6.49787E-01  7.15847E-01 -6.60593E-02
    8991.116     -2.401   1.000  6.70859E-01  7.29087E-01 -5.82284E-02
    8991.427     -2.091   1.040  6.88603E-01  7.42118E-01 -5.35152E-02
    8991.750     -1.767   1.080  7.08155E-01  7.54927E-01 -4.67715E-02
    8992.086     -1.432   1.120  7.32854E-01  7.67514E-01 -3.46603E-02
    8992.433     -1.085   1.160  7.61634E-01  7.79916E-01 -1.82824E-02
    8992.793     -0.725   1.200  7.93220E-01  7.92081E-01  1.13931E-03
    8993.165     -0.353   1.240  8.29267E-01  8.04014E-01  2.52533E-02
    8993.549      0.031   1.280  8.71268E-01  8.15720E-01  5.55479E-02
    8993.945      0.427   1.320  9.16151E-01  8.27160E-01  8.89913E-02
    8994.353      0.836   1.360  9.54426E-01  8.38332E-01  1.16094E-01
    8994.774      1.256   1.400  9.72151E-01  8.49217E-01  1.22934E-01
    8995.207      1.689   1.440  9.62028E-01  8.59790E-01  1.02238E-01
    8995.652      2.134   1.480  9.36292E-01  8.70045E-01  6.62461E-02
    8996.109      2.591   1.520  9.18685E-01  8.79983E-01  3.87027E-02
    8996.578      3.061   1.560  9.28950E-01  8.89558E-01  3.93921E-02
    8997.060      3.542   1.600  9.74661E-01  8.98766E-01  7.58944E-02
    8997.554      4.036   1.640  1.04193E+00  9.07606E-01  1.34323E-01
    8998.060      4.542   1.680  1.09624E+00  9.16075E-01  1.80166E-01
    8998.578      5.060   1.720  1.11402E+00  9.24149E-01  1.89871E-01
    8999.108      5.590   1.760  1.10741E+00  9.31828E-01  1.75586E-01
    8999.651      6.133   1.800  1.10140E+00  9.39092E-01  1.62309E-01
    9000.205      6.688   1.840  1.10849E+00  9.45980E-01  1.62506E-01
    9000.772      7.255   1.880  1.12333E+00  9.52454E-01  1.70871E-01
    9001.352      7.834   1.920  1.13107E+00  9.58516E-01  1.72551E-01
    9001.943      8.425   1.960  1.12516E+00  9.64187E-01  1.60974E-01
    9002.546      9.029   2.000  1.11322E+00  9.69471E-01  1.43754E-01
    9003.162      9.644   2.040  1.10349E+00  9.74373E-01  1.29113E-01
    9003.790     10.272   2.080  1.09462E+00  9.78877E-01  1.15746E-01
    9004.430     10.912   2.120  1.08433E+00  9.83028E-01  1.01300E-01
    9005.082     11.564   2.160  1.07842E+00  9.86830E-01  9.15917E-02
    9005.747     12.229   2.200  1.08201E+00  9.90271E-01  9.17401E-02
    9006.423     12.906   2.240  1.09513E+00  9.93355E-01  1.01778E-01
    9007.112     13.594   2.280  1.11903E+00  9.96133E-01  1.22900E-01
    9007.813     14.295   2.320  1.15160E+00  9.98609E-01  1.52992E-01
    9008.526     15.009   2.360  1.18401E+00  1.00077E+00  1.83240E-01
    9009.252     15.734   2.400  1.20813E+00  1.00267E+00  2.05461E-01
    9009.990     16.472   2.440  1.22098E+00  1.00428E+00  2.16699E-01
    9010.739     17.221   2.480  1.22251E+00  1.00567E+00  2.16843E-01
    9011.501     17.983   2.520  1.21062E+00  1.00679E+00  2.03824E-01
    9012.276     18.758   2.560  1.18314E+00  1.00770E+00  1.75438E-01
    9013.062     19.544   2.600  1.14255E+00  1.00840E+00  1.34150E-01
    9013.860     20.343   2.640  1.09545E+00  1.00892E+00  8.65319E-02
    9014.671     21.153   2.680  1.04866E+00  1.00925E+00  3.94165E-02
    9015.494     21.976   2.720  1.00408E+00  1.00941E+00 -5.32871E-03
    9016.329     22.811   2.760  9.55975E-01  1.00941E+00 -5.34360E-02
    9017.177     23.659   2.800  9.06329E-01  1.00930E+00 -1.02973E-01
    9018.036     24.518   2.840  8.71111E-01  1.00905E+00 -1.37940E-01
    9018.908     25.390   2.880  8.51237E-01  1.00870E+00 -1.57462E-01
    9019.792     26.274   2.920  8.40898E-01  1.00824E+00 -1.67339E-01
    9020.688     27.170   2.960  8.36452E-01  1.00769E+00 -1.71238E-01
    9021.596     28.078   3.000  8.35526E-01  1.00708E+00 -1.71557E-01
    9022.517     28.999   3.040  8.36860E-01  1.00640E+00 -1.69540E-01
    9023.449     29.932   3.080  8.39950E-01  1.00565E+00 -1.65699E-01
    9024.394     30.876   3.120  8.44939E-01  1.00487E+00 -1.59935E-01
    9025.351     31.834   3.160  8.52049E-01  1.00406E+00 -1.52011E-01
    9026.321     32.803   3.200  8.60932E-01  1.00321E+00 -1.42279E-01
    9027.302     33.784   3.240  8.71480E-01  1.00235E+00 -1.30872E-01
    9028.296     34.778   3.280  8.83509E-01  1.00146E+00 -1.17955E-01
    9029.302     35.784   3.320  8.96617E-01  1.00060E+00 -1.03979E-01
    9030.320     36.802   3.360  9.10028E-01  9.99728E-01 -8.97000E-02
    9031.350     37.832   3.400  9.22693E-01  9.98863E-01 -7.61702E-02
    9032.392     38.874   3.440  9.33740E-01  9.98004E-01 -6.42636E-02
    9033.447     39.929   3.480  9.43028E-01  9.97173E-01 -5.41455E-02
    9034.514     40.996   3.520  9.51276E-01  9.96375E-01 -4.50995E-02
    9035.593     42.075   3.560  9.59483E-01  9.95590E-01 -3.61071E-02
    9036.684     43.166   3.600  9.68439E-01  9.94840E-01 -2.64018E-02
    9037.787     44.269   3.640  9.78404E-01  9.94128E-01 -1.57243E-02
    9038.903     45.385   3.680  9.89051E-01  9.93477E-01 -4.42589E-03
    9040.030     46.513   3.720  9.99597E-01  9.92845E-01  6.75282E-03
    9041.170     47.653   3.760  1.00936E+00  9.92252E-01  1.71082E-02
    9042.323     48.805   3.800  1.01797E+00  9.91723E-01  2.62443E-02
    9043.487     49.969   3.840  1.02519E+00  9.91215E-01  3.39719E-02
    9044.663     51.146   3.880  1.03109E+00  9.90771E-01  4.03198E-02
    9045.852     52.334   3.920  1.03574E+00  9.90371E-01  4.53732E-02
    9047.053     53.535   3.960  1.03921E+00  9.90037E-01  4.91742E-02
    9048.266     54.748   4.000  1.04155E+00  9.89725E-01  5.18234E-02
    9049.491     55.974   4.040  1.04313E+00  9.89479E-01  5.36535E-02
    9050.729     57.211   4.080  1.04445E+00  9.89276E-01  5.51753E-02
    9051.979     58.461   4.120  1.04612E+00  9.89139E-01  5.69847E-02
    9053.240     59.723   4.160  1.04866E+00  9.89025E-01  5.96363E-02
    9054.515     60.997   4.200  1.05241E+00  9.88973E-01  6.34380E-02
    9055.801     62.283   4.240  1.05726E+00  9.88963E-01  6.82945E-02
    9057.099     63.581   4.280  1.06267E+00  9.88995E-01  7.36708E-02
    9058.410     64.892   4.320  1.06784E+00  9.89068E-01  7.87711E-02
    9059.733     66.215   4.360  1.07187E+00  9.89179E-01  8.26921E-02
    9061.068     67.550   4.400  1.07397E+00  9.89330E-01  8.46404E-02
    9062.415     68.897   4.440  1.07365E+00  9.89518E-01  8.41278E-02
    9063.774     70.256   4.480  1.07066E+00  9.89742E-01  8.09214E-02
    9065.146     71.628   4.520  1.06496E+00  9.89980E-01  7.49819E-02
    9066.530     73.012   4.560  1.05669E+00  9.90273E-01  6.64170E-02
    9067.926     74.408   4.600  1.04605E+00  9.90557E-01  5.54933E-02
    9069.334     75.816   4.640  1.03359E+00  9.90893E-01  4.27014E-02
    9070.754     77.236   4.680  1.02002E+00  9.91238E-01  2.87823E-02
    9072.187     78.669   4.720  1.00608E+00  9.91590E-01  1.44920E-02
    9073.631     80.114   4.760  9.92326E-01  9.91970E-01  3.55198E-04
    9075.088     81.571   4.800  9.78992E-01  9.92357E-01 -1.33658E-02
    9076.558     83.040   4.840  9.66254E-01  9.92769E-01 -2.65149E-02
    9078.039     84.521   4.880  9.54346E-01  9.93160E-01 -3.88140E-02
    9079.532     86.015   4.920  9.43812E-01  9.93572E-01 -4.97600E-02
    9081.038     87.520   4.960  9.35210E-01  9.93960E-01 -5.87497E-02
    9082.556     89.038   5.000  9.29101E-01  9.94347E-01 -6.52461E-02
    9084.086     90.568   5.040  9.25726E-01  9.94753E-01 -6.90272E-02
    9085.628     92.111   5.080  9.24832E-01  9.95132E-01 -7.03003E-02
    9087.183     93.665   5.120  9.25911E-01  9.95482E-01 -6.95714E-02
    9088.750     95.232   5.160  9.28387E-01  9.95848E-01 -6.74605E-02
    9090.328     96.811   5.200  9.31813E-01  9.96183E-01 -6.43702E-02
    9091.919     98.402   5.240  9.36096E-01  9.96485E-01 -6.03892E-02
    9093.523    100.005   5.280  9.41413E-01  9.96779E-01 -5.53659E-02
    9095.138    101.620   5.320  9.47947E-01  9.97061E-01 -4.91146E-02
    9096.766    103.248   5.360  9.55728E-01  9.97287E-01 -4.15587E-02
    9098.406    104.888   5.400  9.64722E-01  9.97499E-01 -3.27765E-02
    9100.058    106.540   5.440  9.74661E-01  9.97698E-01 -2.30368E-02
    9101.722    108.204   5.480  9.84978E-01  9.97839E-01 -1.28614E-02
    9103.398    109.880   5.520  9.94954E-01  9.97964E-01 -3.01066E-03
    9105.087    111.569   5.560  1.00377E+00  9.98052E-01  5.71894E-03
    9106.787    113.270   5.600  1.01096E+00  9.98100E-01  1.28595E-02
    9108.500    114.983   5.640  1.01654E+00  9.98109E-01  1.84338E-02
    9110.226    116.708   5.680  1.02078E+00  9.98080E-01  2.27005E-02
    9111.963    118.445   5.720  1.02369E+00  9.98013E-01  2.56782E-02
    9113.713    120.195   5.760  1.02490E+00  9.97930E-01  2.69749E-02
    9115.474    121.956   5.800  1.02384E+00  9.97787E-01  2.60487E-02
    9117.248    123.730   5.840  1.02025E+00  9.97628E-01  2.26177E-02
    9119.034    125.516   5.880  1.01433E+00  9.97409E-01  1.69158E-02
    9120.833    127.315   5.920  1.00691E+00  9.97179E-01  9.73328E-03
    9122.643    129.125   5.960  9.99137E-01  9.96912E-01  2.22493E-03
    9124.466    130.948   6.000  9.92069E-01  9.96584E-01 -4.51545E-03
