# # comment:                                                     FEFF 9.9.1  
# # Source:
# # Structure
# # Reduced
# # space
# # abc:
# # angles:130.830448
# # sites:
# # POT  SCF 100  7.0000   0, screened core-hole, AFOLP (folp(0)= 1.150)
# # Abs   Z=29 Rmt= 1.222 Rnm= 1.307 K  shell
# # Pot 1 Z=38 Rmt= 1.761 Rnm= 1.824
# # Pot 2 Z=29 Rmt= 1.222 Rnm= 1.307
# # Pot 3 Z= 6 Rmt= 0.676 Rnm= 0.925
# # Pot 4 Z= 8 Rmt= 1.071 Rnm= 1.121
# # Gam_ch=1.729E+00 H-L exch Vi= 0.000E+00 Vr= 0.000E+00
# # Mu=-1.009E+01eV kf=2.179E+00 Vint=-1.848E+01eV Rs_int= 1.664
# FMS rfms= 9.0000
# # PATH  Rmax=-1.000,  Keep_limit= 0.00, Heap_limit 0.00  Pwcrit= 2.50%
#  S02=0.950  Temp=   0.00  Debye_temp=   0.00  Global_sig2= 0.00000
#  Energy zero shift, vr, vi    0.00000E+00   0.00000E+00
#  Curved wave amplitude ratio filter   4.000%
#     file         sig2 tot  cw amp ratio   deg  nlegs   reff  inp sig2
#     0/   0 paths used
#  xsedge+ 50, used to normalize mu           2.4716E-04
#  -----------------------------------------------------------------------
#  omega    e    k    mu    mu0     chi     @#
    8984.944    -13.905  -1.000  3.64330E-02  5.14607E-02 -1.50277E-02
    8985.243    -13.606  -0.960  3.83101E-02  5.51295E-02 -1.68194E-02
    8985.529    -13.320  -0.920  4.03288E-02  5.92005E-02 -1.88717E-02
    8985.804    -13.045  -0.880  4.25047E-02  6.37324E-02 -2.12276E-02
    8986.066    -12.783  -0.840  4.48559E-02  6.87935E-02 -2.39376E-02
    8986.316    -12.533  -0.800  4.74027E-02  7.44628E-02 -2.70601E-02
    8986.553    -12.295  -0.760  5.01683E-02  8.08311E-02 -3.06628E-02
    8986.779    -12.070  -0.720  5.31783E-02  8.80007E-02 -3.48224E-02
    8986.992    -11.857  -0.680  5.64606E-02  9.60843E-02 -3.96237E-02
    8987.193    -11.655  -0.640  6.00440E-02  1.05201E-01 -4.51566E-02
    8987.382    -11.466  -0.600  6.39559E-02  1.15466E-01 -5.15103E-02
    8987.559    -11.290  -0.560  6.82183E-02  1.26980E-01 -5.87618E-02
    8987.724    -11.125  -0.520  7.28418E-02  1.39801E-01 -6.69595E-02
    8987.876    -10.973  -0.480  7.78164E-02  1.53915E-01 -7.60990E-02
    8988.016    -10.832  -0.440  8.31024E-02  1.69199E-01 -8.60965E-02
    8988.144    -10.704  -0.400  8.86213E-02  1.85387E-01 -9.67659E-02
    8988.260    -10.589  -0.360  9.42521E-02  2.02065E-01 -1.07813E-01
    8988.364    -10.485  -0.320  9.98374E-02  2.18692E-01 -1.18855E-01
    8988.455    -10.394  -0.280  1.05199E-01  2.34669E-01 -1.29470E-01
    8988.535    -10.314  -0.240  1.10160E-01  2.49419E-01 -1.39259E-01
    8988.602    -10.247  -0.200  1.14565E-01  2.62458E-01 -1.47893E-01
    8988.657    -10.192  -0.160  1.18294E-01  2.73430E-01 -1.55136E-01
    8988.699    -10.150  -0.120  1.21265E-01  2.82106E-01 -1.60841E-01
    8988.730    -10.119  -0.080  1.23426E-01  2.88358E-01 -1.64932E-01
    8988.754    -10.095   0.000  1.25201E-01  2.93383E-01 -1.68183E-01
    8988.809    -10.040   0.120  1.29122E-01  3.04719E-01 -1.75597E-01
    8988.852     -9.997   0.160  1.32135E-01  3.13538E-01 -1.81403E-01
    8988.906     -9.942   0.200  1.35933E-01  3.24788E-01 -1.88855E-01
    8988.974     -9.875   0.240  1.40497E-01  3.38362E-01 -1.97865E-01
    8989.053     -9.796   0.280  1.45665E-01  3.53959E-01 -2.08295E-01
    8989.144     -9.705   0.320  1.51255E-01  3.71197E-01 -2.19942E-01
    8989.248     -9.601   0.360  1.57000E-01  3.89598E-01 -2.32598E-01
    8989.364     -9.485   0.400  1.62640E-01  4.08654E-01 -2.46014E-01
    8989.492     -9.357   0.440  1.68004E-01  4.27901E-01 -2.59897E-01
    8989.632     -9.217   0.480  1.73157E-01  4.46957E-01 -2.73800E-01
    8989.784     -9.065   0.520  1.78540E-01  4.65576E-01 -2.87036E-01
    8989.949     -8.900   0.560  1.84970E-01  4.83651E-01 -2.98681E-01
    8990.126     -8.723   0.600  1.93508E-01  5.01171E-01 -3.07663E-01
    8990.315     -8.534   0.640  2.05315E-01  5.18190E-01 -3.12875E-01
    8990.516     -8.333   0.680  2.21357E-01  5.34730E-01 -3.13373E-01
    8990.729     -8.120   0.720  2.42275E-01  5.50909E-01 -3.08634E-01
    8990.955     -7.894   0.760  2.68028E-01  5.66799E-01 -2.98771E-01
    8991.192     -7.656   0.800  2.97925E-01  5.82467E-01 -2.84542E-01
    8991.442     -7.406   0.840  3.30981E-01  5.97966E-01 -2.66985E-01
    8991.704     -7.144   0.880  3.65908E-01  6.13337E-01 -2.47429E-01
    8991.979     -6.870   0.920  4.00761E-01  6.28629E-01 -2.27869E-01
    8992.265     -6.584   0.960  4.33696E-01  6.43840E-01 -2.10144E-01
    8992.564     -6.285   1.000  4.65347E-01  6.58977E-01 -1.93630E-01
    8992.875     -5.974   1.040  4.97660E-01  6.74038E-01 -1.76378E-01
    8993.198     -5.651   1.080  5.28597E-01  6.89018E-01 -1.60421E-01
    8993.533     -5.316   1.120  5.54516E-01  7.03903E-01 -1.49387E-01
    8993.881     -4.968   1.160  5.77969E-01  7.18674E-01 -1.40704E-01
    8994.240     -4.608   1.200  5.99989E-01  7.33289E-01 -1.33299E-01
    8994.612     -4.237   1.240  6.09520E-01  7.47744E-01 -1.38224E-01
    8994.996     -3.853   1.280  5.97434E-01  7.62013E-01 -1.64579E-01
    8995.393     -3.456   1.320  5.72379E-01  7.76045E-01 -2.03666E-01
    8995.801     -3.048   1.360  5.50780E-01  7.89811E-01 -2.39030E-01
    8996.222     -2.627   1.400  5.43353E-01  8.03299E-01 -2.59945E-01
    8996.654     -2.194   1.440  5.55534E-01  8.16459E-01 -2.60925E-01
    8997.099     -1.749   1.480  5.91091E-01  8.29280E-01 -2.38190E-01
    8997.557     -1.292   1.520  6.46078E-01  8.41734E-01 -1.95656E-01
    8998.026     -0.823   1.560  7.08830E-01  8.53787E-01 -1.44957E-01
    8998.508     -0.341   1.600  7.71264E-01  8.65412E-01 -9.41480E-02
    8999.001      0.153   1.640  8.27112E-01  8.76601E-01 -4.94896E-02
    8999.507      0.658   1.680  8.70281E-01  8.87348E-01 -1.70669E-02
    9000.026      1.177   1.720  9.04182E-01  8.97625E-01  6.55695E-03
    9000.556      1.707   1.760  9.52574E-01  9.07410E-01  4.51644E-02
    9001.098      2.250   1.800  1.04902E+00  9.16719E-01  1.32305E-01
    9001.653      2.804   1.840  1.19841E+00  9.25529E-01  2.72879E-01
    9002.220      3.371   1.880  1.33647E+00  9.33840E-01  4.02632E-01
    9002.799      3.950   1.920  1.39940E+00  9.41653E-01  4.57744E-01
    9003.390      4.542   1.960  1.39956E+00  9.48989E-01  4.50572E-01
    9003.994      5.145   2.000  1.36986E+00  9.55811E-01  4.14045E-01
    9004.610      5.761   2.040  1.33006E+00  9.62163E-01  3.67893E-01
    9005.238      6.389   2.080  1.28576E+00  9.68029E-01  3.17726E-01
    9005.878      7.029   2.120  1.23686E+00  9.73436E-01  2.63421E-01
    9006.530      7.681   2.160  1.18632E+00  9.78389E-01  2.07930E-01
    9007.194      8.346   2.200  1.13857E+00  9.82897E-01  1.55670E-01
    9007.871      9.022   2.240  1.10075E+00  9.86987E-01  1.13765E-01
    9008.560      9.711   2.280  1.08070E+00  9.90668E-01  9.00276E-02
    9009.261     10.412   2.320  1.07837E+00  9.93968E-01  8.43988E-02
    9009.974     11.125   2.360  1.08047E+00  9.96876E-01  8.35909E-02
    9010.700     11.851   2.400  1.07542E+00  9.99442E-01  7.59780E-02
    9011.437     12.588   2.440  1.07044E+00  1.00168E+00  6.87680E-02
    9012.187     13.338   2.480  1.07866E+00  1.00359E+00  7.50718E-02
    9012.949     14.100   2.520  1.09526E+00  1.00518E+00  9.00828E-02
    9013.723     14.874   2.560  1.09995E+00  1.00652E+00  9.34348E-02
    9014.510     15.661   2.600  1.08386E+00  1.00759E+00  7.62622E-02
    9015.308     16.459   2.640  1.06029E+00  1.00841E+00  5.18808E-02
    9016.119     17.270   2.680  1.03829E+00  1.00901E+00  2.92835E-02
    9016.942     18.093   2.720  1.02015E+00  1.00942E+00  1.07271E-02
    9017.777     18.928   2.760  1.00556E+00  1.00962E+00 -4.05911E-03
    9018.624     19.775   2.800  9.92692E-01  1.00967E+00 -1.69732E-02
    9019.484     20.635   2.840  9.79632E-01  1.00953E+00 -2.98997E-02
    9020.356     21.507   2.880  9.65262E-01  1.00927E+00 -4.40038E-02
    9021.239     22.391   2.920  9.49414E-01  1.00890E+00 -5.94807E-02
    9022.136     23.287   2.960  9.32663E-01  1.00839E+00 -7.57229E-02
    9023.044     24.195   3.000  9.16239E-01  1.00779E+00 -9.15485E-02
    9023.964     25.116   3.040  9.01344E-01  1.00711E+00 -1.05762E-01
    9024.897     26.048   3.080  8.89126E-01  1.00637E+00 -1.17241E-01
    9025.842     26.993   3.120  8.80248E-01  1.00556E+00 -1.25309E-01
    9026.799     27.950   3.160  8.74605E-01  1.00470E+00 -1.30095E-01
    9027.768     28.919   3.200  8.71665E-01  1.00380E+00 -1.32138E-01
    9028.750     29.901   3.240  8.71002E-01  1.00287E+00 -1.31867E-01
    9029.743     30.895   3.280  8.72155E-01  1.00193E+00 -1.29771E-01
    9030.749     31.900   3.320  8.74776E-01  1.00097E+00 -1.26198E-01
    9031.767     32.918   3.360  8.79087E-01  1.00000E+00 -1.20913E-01
    9032.797     33.949   3.400  8.85525E-01  9.99049E-01 -1.13524E-01
    9033.840     34.991   3.440  8.94184E-01  9.98102E-01 -1.03918E-01
    9034.894     36.046   3.480  9.05157E-01  9.97183E-01 -9.20261E-02
    9035.961     37.112   3.520  9.18360E-01  9.96273E-01 -7.79132E-02
    9037.040     38.191   3.560  9.33373E-01  9.95398E-01 -6.20246E-02
    9038.131     39.283   3.600  9.49293E-01  9.94557E-01 -4.52642E-02
    9039.235     40.386   3.640  9.64884E-01  9.93733E-01 -2.88489E-02
    9040.350     41.502   3.680  9.78994E-01  9.92970E-01 -1.39758E-02
    9041.478     42.629   3.720  9.90566E-01  9.92247E-01 -1.68062E-03
    9042.618     43.769   3.760  9.99156E-01  9.91565E-01  7.59145E-03
    9043.770     44.921   3.800  1.00486E+00  9.90926E-01  1.39377E-02
    9044.935     46.086   3.840  1.00831E+00  9.90331E-01  1.79764E-02
    9046.111     47.262   3.880  1.01041E+00  9.89802E-01  2.06092E-02
    9047.300     48.451   3.920  1.01211E+00  9.89317E-01  2.27942E-02
    9048.501     49.652   3.960  1.01414E+00  9.88876E-01  2.52611E-02
    9049.714     50.865   4.000  1.01698E+00  9.88480E-01  2.84956E-02
    9050.939     52.090   4.040  1.02074E+00  9.88154E-01  3.25833E-02
    9052.177     53.328   4.080  1.02520E+00  9.87894E-01  3.73085E-02
    9053.426     54.577   4.120  1.03004E+00  9.87658E-01  4.23819E-02
    9054.688     55.839   4.160  1.03509E+00  9.87489E-01  4.75958E-02
    9055.962     57.113   4.200  1.04011E+00  9.87365E-01  5.27480E-02
    9057.248     58.400   4.240  1.04481E+00  9.87306E-01  5.75017E-02
    9058.547     59.698   4.280  1.04870E+00  9.87268E-01  6.14322E-02
    9059.857     61.009   4.320  1.05151E+00  9.87294E-01  6.42170E-02
    9061.180     62.331   4.360  1.05320E+00  9.87364E-01  6.58365E-02
    9062.515     63.666   4.400  1.05417E+00  9.87474E-01  6.66926E-02
    9063.863     65.014   4.440  1.05499E+00  9.87622E-01  6.73654E-02
    9065.222     66.373   4.480  1.05608E+00  9.87809E-01  6.82666E-02
    9066.594     67.745   4.520  1.05746E+00  9.88034E-01  6.94220E-02
    9067.977     69.128   4.560  1.05879E+00  9.88273E-01  7.05144E-02
    9069.373     70.524   4.600  1.05943E+00  9.88569E-01  7.08639E-02
    9070.781     71.933   4.640  1.05858E+00  9.88878E-01  6.96997E-02
    9072.202     73.353   4.680  1.05545E+00  9.89217E-01  6.62307E-02
    9073.634     74.786   4.720  1.04934E+00  9.89566E-01  5.97793E-02
    9075.079     76.230   4.760  1.03973E+00  9.89923E-01  4.98039E-02
    9076.536     77.687   4.800  1.02650E+00  9.90329E-01  3.61672E-02
    9078.005     79.156   4.840  1.01019E+00  9.90720E-01  1.94727E-02
    9079.487     80.638   4.880  9.92300E-01  9.91134E-01  1.16546E-03
    9080.980     82.131   4.920  9.74656E-01  9.91529E-01 -1.68727E-02
    9082.486     83.637   4.960  9.59057E-01  9.91946E-01 -3.28893E-02
    9084.004     85.155   5.000  9.46845E-01  9.92365E-01 -4.55199E-02
    9085.534     86.685   5.040  9.38766E-01  9.92782E-01 -5.40166E-02
    9087.076     88.227   5.080  9.35079E-01  9.93196E-01 -5.81162E-02
    9088.630     89.782   5.120  9.35558E-01  9.93581E-01 -5.80232E-02
    9090.197     91.348   5.160  9.39525E-01  9.93960E-01 -5.44349E-02
    9091.776     92.927   5.200  9.45813E-01  9.94333E-01 -4.85201E-02
    9093.367     94.518   5.240  9.52908E-01  9.94677E-01 -4.17697E-02
    9094.970     96.121   5.280  9.59344E-01  9.95035E-01 -3.56906E-02
    9096.586     97.737   5.320  9.63825E-01  9.95339E-01 -3.15134E-02
    9098.213     99.365   5.360  9.65819E-01  9.95630E-01 -2.98105E-02
    9099.853    101.004   5.400  9.65531E-01  9.95888E-01 -3.03571E-02
    9101.505    102.656   5.440  9.63847E-01  9.96133E-01 -3.22858E-02
    9103.169    104.321   5.480  9.61789E-01  9.96343E-01 -3.45543E-02
    9104.846    105.997   5.520  9.60255E-01  9.96516E-01 -3.62613E-02
    9106.534    107.686   5.560  9.59934E-01  9.96653E-01 -3.67189E-02
    9108.235    109.386   5.600  9.61340E-01  9.96776E-01 -3.54360E-02
    9109.948    111.099   5.640  9.64560E-01  9.96862E-01 -3.23016E-02
    9111.673    112.824   5.680  9.69256E-01  9.96906E-01 -2.76502E-02
    9113.411    114.562   5.720  9.74649E-01  9.96891E-01 -2.22413E-02
    9115.160    116.311   5.760  9.79765E-01  9.96883E-01 -1.71186E-02
    9116.922    118.073   5.800  9.83331E-01  9.96815E-01 -1.34839E-02
    9118.696    119.847   5.840  9.84419E-01  9.96707E-01 -1.22877E-02
    9120.482    121.633   5.880  9.82956E-01  9.96563E-01 -1.36072E-02
    9122.280    123.431   5.920  9.80142E-01  9.96406E-01 -1.62642E-02
    9124.091    125.242   5.960  9.77365E-01  9.96186E-01 -1.88200E-02
    9125.913    127.065   6.000  9.77172E-01  9.95932E-01 -1.87604E-02
