# # comment:                                                     FEFF 9.9.1  
# # Source:
# # Structure
# # Reduced
# # space
# # abc:
# # angles:109.471221
# # sites:
# # POT  SCF 100  7.0000   0, screened core-hole, AFOLP (folp(0)= 1.150)
# # Abs   Z=29 Rmt= 1.238 Rnm= 1.308 K  shell
# # Pot 1 Z=20 Rmt= 1.675 Rnm= 1.712
# # Pot 2 Z=23 Rmt= 1.259 Rnm= 1.383
# # Pot 3 Z=29 Rmt= 1.238 Rnm= 1.308
# # Pot 4 Z= 8 Rmt= 1.018 Rnm= 1.096
# # Gam_ch=1.729E+00 H-L exch Vi= 0.000E+00 Vr= 0.000E+00
# # Mu=-1.081E+01eV kf=2.197E+00 Vint=-1.936E+01eV Rs_int= 1.651
# FMS rfms= 9.0000
# # PATH  Rmax=-1.000,  Keep_limit= 0.00, Heap_limit 0.00  Pwcrit= 2.50%
#  S02=0.950  Temp=   0.00  Debye_temp=   0.00  Global_sig2= 0.00000
#  Energy zero shift, vr, vi    0.00000E+00   0.00000E+00
#  Curved wave amplitude ratio filter   4.000%
#     file         sig2 tot  cw amp ratio   deg  nlegs   reff  inp sig2
#     0/   0 paths used
#  xsedge+ 50, used to normalize mu           2.4863E-04
#  -----------------------------------------------------------------------
#  omega    e    k    mu    mu0     chi     @#
    8985.028    -14.617  -1.000  3.55406E-02  4.92193E-02 -1.36787E-02
    8985.327    -14.318  -0.960  3.73035E-02  5.26695E-02 -1.53660E-02
    8985.614    -14.031  -0.920  3.91883E-02  5.64942E-02 -1.73058E-02
    8985.888    -13.757  -0.880  4.12071E-02  6.07475E-02 -1.95404E-02
    8986.150    -13.495  -0.840  4.33739E-02  6.54929E-02 -2.21191E-02
    8986.400    -13.245  -0.800  4.57044E-02  7.08037E-02 -2.50993E-02
    8986.638    -13.007  -0.760  4.82165E-02  7.67638E-02 -2.85473E-02
    8986.863    -12.782  -0.720  5.09301E-02  8.34682E-02 -3.25381E-02
    8987.077    -12.568  -0.680  5.38666E-02  9.10210E-02 -3.71544E-02
    8987.278    -12.367  -0.640  5.70481E-02  9.95324E-02 -4.24843E-02
    8987.467    -12.178  -0.600  6.04956E-02  1.09110E-01 -4.86147E-02
    8987.644    -12.002  -0.560  6.42252E-02  1.19846E-01 -5.56210E-02
    8987.808    -11.837  -0.520  6.82433E-02  1.31794E-01 -6.35510E-02
    8987.961    -11.685  -0.480  7.25394E-02  1.44941E-01 -7.24019E-02
    8988.101    -11.544  -0.440  7.70773E-02  1.59172E-01 -8.20946E-02
    8988.229    -11.416  -0.400  8.17886E-02  1.74240E-01 -9.24517E-02
    8988.345    -11.300  -0.360  8.65696E-02  1.89761E-01 -1.03191E-01
    8988.448    -11.197  -0.320  9.12872E-02  2.05232E-01 -1.13944E-01
    8988.540    -11.105  -0.280  9.57930E-02  2.20097E-01 -1.24304E-01
    8988.619    -11.026  -0.240  9.99420E-02  2.33820E-01 -1.33878E-01
    8988.686    -10.959  -0.200  1.03610E-01  2.45950E-01 -1.42340E-01
    8988.741    -10.904  -0.160  1.06704E-01  2.56158E-01 -1.49454E-01
    8988.784    -10.862  -0.120  1.09162E-01  2.64231E-01 -1.55069E-01
    8988.814    -10.831  -0.080  1.10946E-01  2.70049E-01 -1.59102E-01
    8988.838    -10.807   0.000  1.12405E-01  2.74725E-01 -1.62319E-01
    8988.893    -10.752   0.120  1.15604E-01  2.85286E-01 -1.69681E-01
    8988.936    -10.709   0.160  1.18055E-01  2.93485E-01 -1.75430E-01
    8988.991    -10.654   0.200  1.21173E-01  3.03965E-01 -1.82792E-01
    8989.058    -10.587   0.240  1.24897E-01  3.16591E-01 -1.91695E-01
    8989.137    -10.508   0.280  1.29164E-01  3.31124E-01 -2.01960E-01
    8989.229    -10.417   0.320  1.33790E-01  3.47185E-01 -2.13396E-01
    8989.332    -10.313   0.360  1.38631E-01  3.64356E-01 -2.25725E-01
    8989.448    -10.197   0.400  1.43455E-01  3.82145E-01 -2.38690E-01
    8989.576    -10.069   0.440  1.48058E-01  4.00104E-01 -2.52045E-01
    8989.716     -9.929   0.480  1.52434E-01  4.17939E-01 -2.65505E-01
    8989.869     -9.776   0.520  1.56780E-01  4.35401E-01 -2.78620E-01
    8990.033     -9.612   0.560  1.61743E-01  4.52394E-01 -2.90651E-01
    8990.210     -9.435   0.600  1.68269E-01  4.68891E-01 -3.00622E-01
    8990.399     -9.246   0.640  1.77518E-01  4.84961E-01 -3.07443E-01
    8990.600     -9.045   0.680  1.90621E-01  5.00646E-01 -3.10025E-01
    8990.813     -8.832   0.720  2.08483E-01  5.16036E-01 -3.07553E-01
    8991.039     -8.606   0.760  2.31319E-01  5.31221E-01 -2.99902E-01
    8991.277     -8.368   0.800  2.58150E-01  5.46265E-01 -2.88115E-01
    8991.527     -8.118   0.840  2.86986E-01  5.61216E-01 -2.74230E-01
    8991.789     -7.856   0.880  3.16741E-01  5.76135E-01 -2.59394E-01
    8992.063     -7.582   0.920  3.48716E-01  5.91030E-01 -2.42314E-01
    8992.350     -7.295   0.960  3.85681E-01  6.05916E-01 -2.20236E-01
    8992.648     -6.997   1.000  4.29654E-01  6.20843E-01 -1.91190E-01
    8992.959     -6.686   1.040  4.80179E-01  6.35791E-01 -1.55611E-01
    8993.282     -6.363   1.080  5.35409E-01  6.50751E-01 -1.15342E-01
    8993.618     -6.027   1.120  6.01381E-01  6.65713E-01 -6.43320E-02
    8993.965     -5.680   1.160  6.93242E-01  6.80660E-01  1.25818E-02
    8994.325     -5.320   1.200  8.00336E-01  6.95568E-01  1.04767E-01
    8994.697     -4.948   1.240  8.57699E-01  7.10415E-01  1.47284E-01
    8995.081     -4.564   1.280  8.06912E-01  7.25172E-01  8.17401E-02
    8995.477     -4.168   1.320  6.91990E-01  7.39813E-01 -4.78228E-02
    8995.885     -3.760   1.360  5.99953E-01  7.54326E-01 -1.54373E-01
    8996.306     -3.339   1.400  5.65256E-01  7.68637E-01 -2.03381E-01
    8996.739     -2.906   1.440  5.83827E-01  7.82736E-01 -1.98909E-01
    8997.184     -2.461   1.480  6.43662E-01  7.96589E-01 -1.52927E-01
    8997.641     -2.004   1.520  7.18610E-01  8.10165E-01 -9.15550E-02
    8998.110     -1.535   1.560  7.77416E-01  8.23428E-01 -4.60125E-02
    8998.592     -1.053   1.600  8.26038E-01  8.36367E-01 -1.03283E-02
    8999.086     -0.559   1.640  8.77296E-01  8.48950E-01  2.83464E-02
    8999.592     -0.053   1.680  9.13718E-01  8.61126E-01  5.25915E-02
    9000.110      0.465   1.720  9.23527E-01  8.72906E-01  5.06210E-02
    9000.640      0.995   1.760  9.13821E-01  8.84259E-01  2.95621E-02
    9001.183      1.538   1.800  8.89561E-01  8.95156E-01 -5.59478E-03
    9001.737      2.092   1.840  8.72091E-01  9.05570E-01 -3.34797E-02
    9002.304      2.659   1.880  8.79444E-01  9.15518E-01 -3.60743E-02
    9002.884      3.238   1.920  9.00067E-01  9.24993E-01 -2.49255E-02
    9003.475      3.830   1.960  9.49647E-01  9.33951E-01  1.56962E-02
    9004.078      4.433   2.000  1.04086E+00  9.42411E-01  9.84479E-02
    9004.694      5.049   2.040  1.12425E+00  9.50351E-01  1.73902E-01
    9005.322      5.677   2.080  1.17584E+00  9.57813E-01  2.18028E-01
    9005.962      6.317   2.120  1.22589E+00  9.64758E-01  2.61137E-01
    9006.614      6.969   2.160  1.29742E+00  9.71208E-01  3.26213E-01
    9007.279      7.634   2.200  1.36766E+00  9.77147E-01  3.90513E-01
    9007.955      8.310   2.240  1.36623E+00  9.82619E-01  3.83611E-01
    9008.644      8.999   2.280  1.29368E+00  9.87630E-01  3.06050E-01
    9009.345      9.700   2.320  1.24086E+00  9.92145E-01  2.48713E-01
    9010.058     10.413   2.360  1.24533E+00  9.96233E-01  2.49100E-01
    9010.784     11.139   2.400  1.27164E+00  9.99900E-01  2.71741E-01
    9011.522     11.876   2.440  1.27425E+00  1.00314E+00  2.71109E-01
    9012.271     12.626   2.480  1.23380E+00  1.00597E+00  2.27831E-01
    9013.033     13.388   2.520  1.16491E+00  1.00842E+00  1.56489E-01
    9013.808     14.162   2.560  1.09255E+00  1.01051E+00  8.20394E-02
    9014.594     14.949   2.600  1.03605E+00  1.01225E+00  2.38047E-02
    9015.392     15.747   2.640  1.00218E+00  1.01365E+00 -1.14760E-02
    9016.203     16.558   2.680  9.79516E-01  1.01476E+00 -3.52449E-02
    9017.026     17.381   2.720  9.60508E-01  1.01556E+00 -5.50539E-02
    9017.861     18.216   2.760  9.45344E-01  1.01611E+00 -7.07616E-02
    9018.709     19.064   2.800  9.35569E-01  1.01640E+00 -8.08338E-02
    9019.568     19.923   2.840  9.30977E-01  1.01646E+00 -8.54835E-02
    9020.440     20.795   2.880  9.28775E-01  1.01631E+00 -8.75343E-02
    9021.324     21.679   2.920  9.25526E-01  1.01596E+00 -9.04303E-02
    9022.220     22.575   2.960  9.19047E-01  1.01541E+00 -9.63654E-02
    9023.128     23.483   3.000  9.09002E-01  1.01473E+00 -1.05725E-01
    9024.049     24.404   3.040  8.96426E-01  1.01389E+00 -1.17461E-01
    9024.981     25.336   3.080  8.83110E-01  1.01292E+00 -1.29811E-01
    9025.926     26.281   3.120  8.70947E-01  1.01184E+00 -1.40891E-01
    9026.883     27.238   3.160  8.61393E-01  1.01066E+00 -1.49270E-01
    9027.853     28.208   3.200  8.55813E-01  1.00941E+00 -1.53595E-01
    9028.834     29.189   3.240  8.55108E-01  1.00807E+00 -1.52967E-01
    9029.828     30.183   3.280  8.59106E-01  1.00669E+00 -1.47587E-01
    9030.834     31.188   3.320  8.66983E-01  1.00527E+00 -1.38285E-01
    9031.852     32.206   3.360  8.77796E-01  1.00381E+00 -1.26009E-01
    9032.882     33.237   3.400  8.90357E-01  1.00233E+00 -1.11973E-01
    9033.924     34.279   3.440  9.03044E-01  1.00083E+00 -9.77821E-02
    9034.979     35.334   3.480  9.14852E-01  9.99320E-01 -8.44675E-02
    9036.046     36.401   3.520  9.25556E-01  9.97816E-01 -7.22601E-02
    9037.125     37.480   3.560  9.35749E-01  9.96339E-01 -6.05897E-02
    9038.216     38.571   3.600  9.46641E-01  9.94894E-01 -4.82529E-02
    9039.319     39.674   3.640  9.59472E-01  9.93462E-01 -3.39893E-02
    9040.435     40.790   3.680  9.74909E-01  9.92065E-01 -1.71556E-02
    9041.562     41.917   3.720  9.92693E-01  9.90710E-01  1.98323E-03
    9042.702     43.057   3.760  1.01184E+00  9.89419E-01  2.24200E-02
    9043.855     44.209   3.800  1.03038E+00  9.88151E-01  4.22268E-02
    9045.019     45.374   3.840  1.04570E+00  9.86972E-01  5.87267E-02
    9046.195     46.550   3.880  1.05515E+00  9.85824E-01  6.93267E-02
    9047.384     47.739   3.920  1.05703E+00  9.84767E-01  7.22594E-02
    9048.585     48.940   3.960  1.05102E+00  9.83762E-01  6.72548E-02
    9049.798     50.153   4.000  1.03857E+00  9.82831E-01  5.57371E-02
    9051.023     51.378   4.040  1.02243E+00  9.81955E-01  4.04727E-02
    9052.261     52.616   4.080  1.00614E+00  9.81175E-01  2.49642E-02
    9053.511     53.865   4.120  9.93040E-01  9.80450E-01  1.25909E-02
    9054.772     55.127   4.160  9.85851E-01  9.79801E-01  6.05002E-03
    9056.047     56.401   4.200  9.86223E-01  9.79230E-01  6.99284E-03
    9057.333     57.688   4.240  9.94598E-01  9.78737E-01  1.58609E-02
    9058.631     58.986   4.280  1.00993E+00  9.78320E-01  3.16128E-02
    9059.942     60.297   4.320  1.02943E+00  9.77959E-01  5.14741E-02
    9061.265     61.620   4.360  1.04894E+00  9.77695E-01  7.12445E-02
    9062.600     62.955   4.400  1.06397E+00  9.77486E-01  8.64885E-02
    9063.947     64.302   4.440  1.07149E+00  9.77353E-01  9.41324E-02
    9065.306     65.661   4.480  1.07036E+00  9.77294E-01  9.30644E-02
    9066.678     67.033   4.520  1.06147E+00  9.77310E-01  8.41574E-02
    9068.062     68.417   4.560  1.04732E+00  9.77373E-01  6.99449E-02
    9069.458     69.813   4.600  1.03145E+00  9.77486E-01  5.39664E-02
    9070.866     71.221   4.640  1.01744E+00  9.77669E-01  3.97719E-02
    9072.286     72.641   4.680  1.00769E+00  9.77920E-01  2.97734E-02
    9073.719     74.074   4.720  1.00277E+00  9.78195E-01  2.45793E-02
    9075.163     75.518   4.760  1.00181E+00  9.78536E-01  2.32772E-02
    9076.620     76.975   4.800  1.00302E+00  9.78942E-01  2.40739E-02
    9078.090     78.444   4.840  1.00440E+00  9.79365E-01  2.50334E-02
    9079.571     79.926   4.880  1.00462E+00  9.79827E-01  2.47946E-02
    9081.064     81.419   4.920  1.00306E+00  9.80324E-01  2.27327E-02
    9082.570     82.925   4.960  9.99603E-01  9.80835E-01  1.87679E-02
    9084.088     84.443   5.000  9.94687E-01  9.81401E-01  1.32855E-02
    9085.618     85.973   5.040  9.88981E-01  9.81977E-01  7.00368E-03
    9087.160     87.515   5.080  9.82892E-01  9.82562E-01  3.30932E-04
    9088.715     89.070   5.120  9.75782E-01  9.83173E-01 -7.39057E-03
    9090.282     90.636   5.160  9.66178E-01  9.83787E-01 -1.76088E-02
    9091.860     92.215   5.200  9.53105E-01  9.84403E-01 -3.12985E-02
    9093.451     93.806   5.240  9.36853E-01  9.85018E-01 -4.81645E-02
    9095.055     95.410   5.280  9.18927E-01  9.85629E-01 -6.67022E-02
    9096.670     97.025   5.320  9.01394E-01  9.86216E-01 -8.48221E-02
    9098.298     98.653   5.360  8.86352E-01  9.86819E-01 -1.00467E-01
    9099.938    100.292   5.400  8.75365E-01  9.87394E-01 -1.12028E-01
    9101.590    101.944   5.440  8.69504E-01  9.87957E-01 -1.18453E-01
    9103.254    103.609   5.480  8.69120E-01  9.88467E-01 -1.19347E-01
    9104.930    105.285   5.520  8.74019E-01  9.88984E-01 -1.14965E-01
    9106.619    106.974   5.560  8.83434E-01  9.89445E-01 -1.06011E-01
    9108.320    108.674   5.600  8.96754E-01  9.89891E-01 -9.31369E-02
    9110.032    110.387   5.640  9.13750E-01  9.90299E-01 -7.65484E-02
    9111.758    112.113   5.680  9.34557E-01  9.90667E-01 -5.61099E-02
    9113.495    113.850   5.720  9.59053E-01  9.90993E-01 -3.19402E-02
    9115.245    115.599   5.760  9.86250E-01  9.91253E-01 -5.00322E-03
    9117.006    117.361   5.800  1.01446E+00  9.91493E-01  2.29648E-02
    9118.780    119.135   5.840  1.04198E+00  9.91667E-01  5.03164E-02
    9120.566    120.921   5.880  1.06765E+00  9.91797E-01  7.58492E-02
    9122.365    122.720   5.920  1.08976E+00  9.91882E-01  9.78775E-02
    9124.175    124.530   5.960  1.10501E+00  9.91915E-01  1.13095E-01
    9125.998    126.353   6.000  1.10884E+00  9.91847E-01  1.16990E-01
