# # comment:                                                     FEFF 9.9.1  
# # Source:
# # Structure
# # Reduced
# # space
# # abc:
# # angles:
# # sites:
# # POT  SCF 100  7.0000   0, screened core-hole, AFOLP (folp(0)= 1.150)
# # Abs   Z=29 Rmt= 1.303 Rnm= 1.372 K  shell
# # Pot 1 Z= 3 Rmt= 1.330 Rnm= 1.380
# # Pot 2 Z=29 Rmt= 1.303 Rnm= 1.372
# # Pot 3 Z= 6 Rmt= 0.708 Rnm= 0.923
# # Pot 4 Z= 8 Rmt= 0.835 Rnm= 1.012
# # Gam_ch=1.729E+00 H-L exch Vi= 0.000E+00 Vr= 0.000E+00
# # Mu=-6.590E+00eV kf=2.610E+00 Vint=-1.791E+01eV Rs_int= 1.389
# FMS rfms= 9.0000
# # PATH  Rmax=-1.000,  Keep_limit= 0.00, Heap_limit 0.00  Pwcrit= 2.50%
#  S02=0.950  Temp=   0.00  Debye_temp=   0.00  Global_sig2= 0.00000
#  Energy zero shift, vr, vi    0.00000E+00   0.00000E+00
#  Curved wave amplitude ratio filter   4.000%
#     file         sig2 tot  cw amp ratio   deg  nlegs   reff  inp sig2
#     0/   0 paths used
#  xsedge+ 50, used to normalize mu           2.4758E-04
#  -----------------------------------------------------------------------
#  omega    e    k    mu    mu0     chi     @#
    8983.409    -10.400  -1.000  4.61346E-02  5.27044E-02 -6.56978E-03
    8983.708    -10.101  -0.960  4.91122E-02  5.65102E-02 -7.39801E-03
    8983.995     -9.815  -0.920  5.23942E-02  6.07399E-02 -8.34572E-03
    8984.269     -9.541  -0.880  5.60245E-02  6.54562E-02 -9.43172E-03
    8984.531     -9.278  -0.840  6.00544E-02  7.07324E-02 -1.06779E-02
    8984.781     -9.028  -0.800  6.45432E-02  7.66530E-02 -1.21098E-02
    8985.019     -8.791  -0.760  6.95589E-02  8.33157E-02 -1.37568E-02
    8985.244     -8.565  -0.720  7.51784E-02  9.08304E-02 -1.56520E-02
    8985.458     -8.352  -0.680  8.14862E-02  9.93185E-02 -1.78323E-02
    8985.659     -8.151  -0.640  8.85717E-02  1.08908E-01 -2.03367E-02
    8985.848     -7.962  -0.600  9.65231E-02  1.19726E-01 -2.32030E-02
    8986.025     -7.785  -0.560  1.05417E-01  1.31879E-01 -2.64625E-02
    8986.189     -7.620  -0.520  1.15302E-01  1.45433E-01 -3.01303E-02
    8986.342     -7.468  -0.480  1.26179E-01  1.60372E-01 -3.41937E-02
    8986.482     -7.328  -0.440  1.37969E-01  1.76567E-01 -3.85972E-02
    8986.610     -7.200  -0.400  1.50499E-01  1.93732E-01 -4.32330E-02
    8986.726     -7.084  -0.360  1.63483E-01  2.11425E-01 -4.79413E-02
    8986.829     -6.980  -0.320  1.76536E-01  2.29065E-01 -5.25286E-02
    8986.921     -6.889  -0.280  1.89210E-01  2.46011E-01 -5.68004E-02
    8987.000     -6.810  -0.240  2.01050E-01  2.61647E-01 -6.05965E-02
    8987.067     -6.742  -0.200  2.11644E-01  2.75458E-01 -6.38136E-02
    8987.122     -6.688  -0.160  2.20665E-01  2.87070E-01 -6.64056E-02
    8987.164     -6.645  -0.120  2.27878E-01  2.96245E-01 -6.83673E-02
    8987.195     -6.614  -0.080  2.33136E-01  3.02853E-01 -6.97166E-02
    8987.219     -6.590   0.000  2.37438E-01  3.08160E-01 -7.07221E-02
    8987.274     -6.535   0.120  2.46725E-01  3.20123E-01 -7.33983E-02
    8987.317     -6.493   0.160  2.54012E-01  3.29407E-01 -7.53954E-02
    8987.372     -6.438   0.200  2.63352E-01  3.41238E-01 -7.78861E-02
    8987.439     -6.371   0.240  2.74682E-01  3.55484E-01 -8.08024E-02
    8987.518     -6.291   0.280  2.87704E-01  3.71785E-01 -8.40814E-02
    8987.609     -6.200   0.320  3.02028E-01  3.89750E-01 -8.77215E-02
    8987.713     -6.096   0.360  3.17018E-01  4.08843E-01 -9.18249E-02
    8987.829     -5.980   0.400  3.31856E-01  4.28455E-01 -9.65995E-02
    8987.957     -5.852   0.440  3.45731E-01  4.48090E-01 -1.02359E-01
    8988.097     -5.712   0.480  3.58003E-01  4.67347E-01 -1.09344E-01
    8988.250     -5.560   0.520  3.68299E-01  4.85935E-01 -1.17635E-01
    8988.414     -5.395   0.560  3.76685E-01  5.03779E-01 -1.27094E-01
    8988.591     -5.218   0.600  3.83345E-01  5.20854E-01 -1.37510E-01
    8988.780     -5.029   0.640  3.88393E-01  5.37200E-01 -1.48807E-01
    8988.981     -4.828   0.680  3.91908E-01  5.52916E-01 -1.61008E-01
    8989.194     -4.615   0.720  3.94181E-01  5.68117E-01 -1.73936E-01
    8989.420     -4.389   0.760  3.95914E-01  5.82875E-01 -1.86961E-01
    8989.658     -4.152   0.800  3.98304E-01  5.97334E-01 -1.99031E-01
    8989.908     -3.902   0.840  4.02387E-01  6.11526E-01 -2.09139E-01
    8990.170     -3.640   0.880  4.08649E-01  6.25549E-01 -2.16900E-01
    8990.444     -3.365   0.920  4.16948E-01  6.39447E-01 -2.22499E-01
    8990.731     -3.079   0.960  4.28040E-01  6.53253E-01 -2.25213E-01
    8991.029     -2.780   1.000  4.44254E-01  6.67009E-01 -2.22755E-01
    8991.340     -2.469   1.040  4.67442E-01  6.80728E-01 -2.13287E-01
    8991.663     -2.146   1.080  4.96718E-01  6.94416E-01 -1.97699E-01
    8991.999     -1.811   1.120  5.29163E-01  7.08089E-01 -1.78926E-01
    8992.346     -1.463   1.160  5.63619E-01  7.21718E-01 -1.58099E-01
    8992.706     -1.104   1.200  6.03280E-01  7.35314E-01 -1.32033E-01
    8993.078     -0.732   1.240  6.53807E-01  7.48858E-01 -9.50506E-02
    8993.462     -0.348   1.280  7.18052E-01  7.62352E-01 -4.43001E-02
    8993.858      0.048   1.320  7.91475E-01  7.75730E-01  1.57453E-02
    8994.266      0.457   1.360  8.64191E-01  7.89007E-01  7.51835E-02
    8994.687      0.878   1.400  9.28340E-01  8.02159E-01  1.26180E-01
    8995.120      1.310   1.440  9.85771E-01  8.15137E-01  1.70634E-01
    8995.565      1.755   1.480  1.04152E+00  8.27929E-01  2.13591E-01
    8996.022      2.213   1.520  1.08660E+00  8.40505E-01  2.46099E-01
    8996.491      2.682   1.560  1.10696E+00  8.52836E-01  2.54128E-01
    8996.973      3.164   1.600  1.10273E+00  8.64887E-01  2.37839E-01
    8997.467      3.657   1.640  1.08581E+00  8.76651E-01  2.09162E-01
    8997.973      4.163   1.680  1.06769E+00  8.88095E-01  1.79596E-01
    8998.491      4.681   1.720  1.05327E+00  8.99167E-01  1.54105E-01
    8999.021      5.212   1.760  1.03887E+00  9.09879E-01  1.28993E-01
    8999.564      5.754   1.800  1.02062E+00  9.20201E-01  1.00416E-01
    9000.118      6.309   1.840  1.00759E+00  9.30124E-01  7.74634E-02
    9000.685      6.876   1.880  1.01009E+00  9.39597E-01  7.04926E-02
    9001.264      7.455   1.920  1.02504E+00  9.48617E-01  7.64240E-02
    9001.856      8.046   1.960  1.04205E+00  9.57197E-01  8.48571E-02
    9002.459      8.650   2.000  1.06114E+00  9.65290E-01  9.58464E-02
    9003.075      9.266   2.040  1.08403E+00  9.72913E-01  1.11120E-01
    9003.703      9.893   2.080  1.09780E+00  9.80026E-01  1.17779E-01
    9004.343     10.534   2.120  1.09825E+00  9.86666E-01  1.11586E-01
    9004.995     11.186   2.160  1.10195E+00  9.92832E-01  1.09118E-01
    9005.660     11.850   2.200  1.12995E+00  9.98486E-01  1.31465E-01
    9006.336     12.527   2.240  1.18901E+00  1.00365E+00  1.85357E-01
    9007.025     13.216   2.280  1.25857E+00  1.00835E+00  2.50220E-01
    9007.726     13.917   2.320  1.30470E+00  1.01256E+00  2.92135E-01
    9008.439     14.630   2.360  1.31099E+00  1.01632E+00  2.94670E-01
    9009.165     15.355   2.400  1.27634E+00  1.01962E+00  2.56721E-01
    9009.902     16.093   2.440  1.20717E+00  1.02248E+00  1.84686E-01
    9010.652     16.843   2.480  1.12499E+00  1.02493E+00  1.00060E-01
    9011.414     17.605   2.520  1.05365E+00  1.02697E+00  2.66811E-02
    9012.188     18.379   2.560  1.00330E+00  1.02862E+00 -2.53214E-02
    9012.975     19.165   2.600  9.72909E-01  1.02989E+00 -5.69837E-02
    9013.773     19.964   2.640  9.57692E-01  1.03082E+00 -7.31293E-02
    9014.584     20.775   2.680  9.53139E-01  1.03142E+00 -7.82810E-02
    9015.407     21.598   2.720  9.57577E-01  1.03170E+00 -7.41228E-02
    9016.242     22.433   2.760  9.68851E-01  1.03169E+00 -6.28411E-02
    9017.090     23.280   2.800  9.78935E-01  1.03143E+00 -5.24920E-02
    9017.949     24.140   2.840  9.77460E-01  1.03092E+00 -5.34556E-02
    9018.821     25.011   2.880  9.60943E-01  1.03017E+00 -6.92227E-02
    9019.705     25.895   2.920  9.35651E-01  1.02921E+00 -9.35577E-02
    9020.601     26.792   2.960  9.12694E-01  1.02805E+00 -1.15359E-01
    9021.509     27.700   3.000  9.02571E-01  1.02673E+00 -1.24163E-01
    9022.430     28.620   3.040  9.00208E-01  1.02528E+00 -1.25072E-01
    9023.362     29.553   3.080  8.99644E-01  1.02370E+00 -1.24057E-01
    9024.307     30.498   3.120  9.00250E-01  1.02200E+00 -1.21754E-01
    9025.264     31.455   3.160  9.02988E-01  1.02022E+00 -1.17233E-01
    9026.234     32.424   3.200  9.07958E-01  1.01836E+00 -1.10400E-01
    9027.215     33.406   3.240  9.14404E-01  1.01645E+00 -1.02043E-01
    9028.209     34.399   3.280  9.21523E-01  1.01449E+00 -9.29686E-02
    9029.214     35.405   3.320  9.28870E-01  1.01250E+00 -8.36311E-02
    9030.233     36.423   3.360  9.36514E-01  1.01050E+00 -7.39892E-02
    9031.263     37.453   3.400  9.44823E-01  1.00850E+00 -6.36799E-02
    9032.305     38.496   3.440  9.54097E-01  1.00651E+00 -5.24112E-02
    9033.360     39.550   3.480  9.64293E-01  1.00454E+00 -4.02506E-02
    9034.427     40.617   3.520  9.75171E-01  1.00262E+00 -2.74457E-02
    9035.506     41.696   3.560  9.86143E-01  1.00073E+00 -1.45872E-02
    9036.597     42.787   3.600  9.96485E-01  9.98890E-01 -2.40531E-03
    9037.700     43.891   3.640  1.00572E+00  9.97120E-01  8.59806E-03
    9038.816     45.006   3.680  1.01360E+00  9.95425E-01  1.81782E-02
    9039.943     46.134   3.720  1.02006E+00  9.93787E-01  2.62709E-02
    9041.083     47.274   3.760  1.02530E+00  9.92250E-01  3.30457E-02
    9042.235     48.426   3.800  1.02961E+00  9.90797E-01  3.88171E-02
    9043.400     49.590   3.840  1.03330E+00  9.89430E-01  4.38672E-02
    9044.576     50.767   3.880  1.03653E+00  9.88171E-01  4.83628E-02
    9045.765     51.956   3.920  1.03931E+00  9.87001E-01  5.23105E-02
    9046.966     53.157   3.960  1.04150E+00  9.85921E-01  5.55748E-02
    9048.179     54.370   4.000  1.04293E+00  9.84974E-01  5.79523E-02
    9049.404     55.595   4.040  1.04342E+00  9.84121E-01  5.92962E-02
    9050.642     56.832   4.080  1.04270E+00  9.83361E-01  5.93375E-02
    9051.892     58.082   4.120  1.04052E+00  9.82735E-01  5.77857E-02
    9053.153     59.344   4.160  1.03673E+00  9.82203E-01  5.45239E-02
    9054.427     60.618   4.200  1.03148E+00  9.81762E-01  4.97216E-02
    9055.714     61.904   4.240  1.02524E+00  9.81454E-01  4.37833E-02
    9057.012     63.203   4.280  1.01843E+00  9.81217E-01  3.72145E-02
    9058.323     64.513   4.320  1.01159E+00  9.81114E-01  3.04780E-02
    9059.646     65.836   4.360  1.00499E+00  9.81100E-01  2.38856E-02
    9060.981     67.171   4.400  9.98841E-01  9.81172E-01  1.76689E-02
    9062.328     68.518   4.440  9.93382E-01  9.81350E-01  1.20318E-02
    9063.687     69.878   4.480  9.88739E-01  9.81592E-01  7.14764E-03
    9065.059     71.249   4.520  9.85122E-01  9.81936E-01  3.18535E-03
    9066.443     72.633   4.560  9.82661E-01  9.82361E-01  3.00020E-04
    9067.839     74.029   4.600  9.81448E-01  9.82864E-01 -1.41580E-03
    9069.247     75.437   4.640  9.81426E-01  9.83420E-01 -1.99420E-03
    9070.667     76.858   4.680  9.82394E-01  9.84049E-01 -1.65572E-03
    9072.100     78.290   4.720  9.83897E-01  9.84749E-01 -8.51442E-04
    9073.544     79.735   4.760  9.85296E-01  9.85495E-01 -1.98604E-04
    9075.001     81.192   4.800  9.85919E-01  9.86281E-01 -3.62088E-04
    9076.470     82.661   4.840  9.85241E-01  9.87106E-01 -1.86411E-03
    9077.952     84.142   4.880  9.83061E-01  9.87945E-01 -4.88387E-03
    9079.445     85.636   4.920  9.79668E-01  9.88838E-01 -9.17031E-03
    9080.951     87.142   4.960  9.75556E-01  9.89721E-01 -1.41641E-02
    9082.469     88.660   5.000  9.71444E-01  9.90650E-01 -1.92059E-02
    9083.999     90.190   5.040  9.67819E-01  9.91560E-01 -2.37416E-02
    9085.541     91.732   5.080  9.65060E-01  9.92469E-01 -2.74089E-02
    9087.096     93.286   5.120  9.63347E-01  9.93373E-01 -3.00265E-02
    9088.662     94.853   5.160  9.62687E-01  9.94271E-01 -3.15847E-02
    9090.241     96.432   5.200  9.63002E-01  9.95136E-01 -3.21342E-02
    9091.832     98.023   5.240  9.64200E-01  9.95966E-01 -3.17665E-02
    9093.436     99.626   5.280  9.66175E-01  9.96782E-01 -3.06071E-02
    9095.051    101.242   5.320  9.68778E-01  9.97557E-01 -2.87789E-02
    9096.679    102.869   5.360  9.71921E-01  9.98266E-01 -2.63450E-02
    9098.318    104.509   5.400  9.75643E-01  9.98930E-01 -2.32871E-02
    9099.970    106.161   5.440  9.80039E-01  9.99548E-01 -1.95095E-02
    9101.635    107.825   5.480  9.85255E-01  1.00012E+00 -1.48638E-02
    9103.311    109.502   5.520  9.91392E-01  1.00062E+00 -9.22313E-03
    9105.000    111.190   5.560  9.98412E-01  1.00104E+00 -2.62437E-03
    9106.700    112.891   5.600  1.00597E+00  1.00138E+00  4.58710E-03
    9108.413    114.604   5.640  1.01338E+00  1.00167E+00  1.17136E-02
    9110.139    116.329   5.680  1.01972E+00  1.00188E+00  1.78379E-02
    9111.876    118.067   5.720  1.02412E+00  1.00202E+00  2.20991E-02
    9113.625    119.816   5.760  1.02608E+00  1.00207E+00  2.40129E-02
    9115.387    121.578   5.800  1.02569E+00  1.00202E+00  2.36685E-02
    9117.161    123.352   5.840  1.02357E+00  1.00192E+00  2.16535E-02
    9118.947    125.138   5.880  1.02049E+00  1.00174E+00  1.87571E-02
    9120.746    126.936   5.920  1.01713E+00  1.00150E+00  1.56271E-02
    9122.556    128.747   5.960  1.01369E+00  1.00116E+00  1.25310E-02
    9124.379    130.569   6.000  1.00988E+00  1.00068E+00  9.19794E-03
