# # comment:                                                     FEFF 9.9.1  
# # Source:
# # Structure
# # Reduced
# # space
# # abc:
# # angles:
# # sites:
# # POT  SCF 100  7.0000   0, screened core-hole, AFOLP (folp(0)= 1.150)
# # Abs   Z=29 Rmt= 1.208 Rnm= 1.289 K  shell
# # Pot 1 Z=56 Rmt= 2.020 Rnm= 2.090
# # Pot 2 Z=29 Rmt= 1.208 Rnm= 1.290
# # Pot 3 Z= 6 Rmt= 0.762 Rnm= 0.972
# # Pot 4 Z= 8 Rmt= 0.836 Rnm= 1.015
# # Gam_ch=1.729E+00 H-L exch Vi= 0.000E+00 Vr= 0.000E+00
# # Mu=-7.337E+00eV kf=2.666E+00 Vint=-1.875E+01eV Rs_int= 1.360
# FMS rfms= 9.0000
# # PATH  Rmax=-1.000,  Keep_limit= 0.00, Heap_limit 0.00  Pwcrit= 2.50%
#  S02=0.950  Temp=   0.00  Debye_temp=   0.00  Global_sig2= 0.00000
#  Energy zero shift, vr, vi    0.00000E+00   0.00000E+00
#  Curved wave amplitude ratio filter   4.000%
#     file         sig2 tot  cw amp ratio   deg  nlegs   reff  inp sig2
#     0/   0 paths used
#  xsedge+ 50, used to normalize mu           2.5232E-04
#  -----------------------------------------------------------------------
#  omega    e    k    mu    mu0     chi     @#
    8983.311    -11.147  -1.000  3.59826E-02  4.86759E-02 -1.26934E-02
    8983.610    -10.848  -0.960  3.78716E-02  5.21591E-02 -1.42875E-02
    8983.897    -10.562  -0.920  3.99064E-02  5.60300E-02 -1.61236E-02
    8984.171    -10.287  -0.880  4.21036E-02  6.03460E-02 -1.82424E-02
    8984.433    -10.025  -0.840  4.44824E-02  6.51744E-02 -2.06920E-02
    8984.683     -9.775  -0.800  4.70646E-02  7.05927E-02 -2.35280E-02
    8984.921     -9.538  -0.760  4.98754E-02  7.66903E-02 -2.68149E-02
    8985.146     -9.312  -0.720  5.29427E-02  8.35683E-02 -3.06256E-02
    8985.360     -9.099  -0.680  5.62972E-02  9.13382E-02 -3.50409E-02
    8985.561     -8.898  -0.640  5.99710E-02  1.00118E-01 -4.01466E-02
    8985.750     -8.709  -0.600  6.39947E-02  1.10022E-01 -4.60276E-02
    8985.927     -8.532  -0.560  6.83931E-02  1.21152E-01 -5.27585E-02
    8986.091     -8.367  -0.520  7.31778E-02  1.33564E-01 -6.03867E-02
    8986.244     -8.215  -0.480  7.83372E-02  1.47249E-01 -6.89115E-02
    8986.384     -8.075  -0.440  8.38250E-02  1.62084E-01 -7.82585E-02
    8986.512     -7.947  -0.400  8.95509E-02  1.77810E-01 -8.82587E-02
    8986.628     -7.831  -0.360  9.53772E-02  1.94018E-01 -9.86409E-02
    8986.731     -7.727  -0.320  1.01128E-01  2.10179E-01 -1.09051E-01
    8986.823     -7.636  -0.280  1.06611E-01  2.25703E-01 -1.19092E-01
    8986.902     -7.556  -0.240  1.11642E-01  2.40026E-01 -1.28384E-01
    8986.969     -7.489  -0.200  1.16068E-01  2.52675E-01 -1.36607E-01
    8987.024     -7.435  -0.160  1.19782E-01  2.63309E-01 -1.43527E-01
    8987.066     -7.392  -0.120  1.22715E-01  2.71710E-01 -1.48995E-01
    8987.097     -7.361  -0.080  1.24830E-01  2.77758E-01 -1.52927E-01
    8987.121     -7.337   0.000  1.26540E-01  2.82614E-01 -1.56074E-01
    8987.176     -7.282   0.120  1.30304E-01  2.93550E-01 -1.63246E-01
    8987.219     -7.239   0.160  1.33237E-01  3.02066E-01 -1.68829E-01
    8987.274     -7.185   0.200  1.36928E-01  3.12897E-01 -1.75969E-01
    8987.341     -7.118   0.240  1.41322E-01  3.25904E-01 -1.84582E-01
    8987.420     -7.038   0.280  1.46364E-01  3.40832E-01 -1.94469E-01
    8987.512     -6.947   0.320  1.51862E-01  3.57241E-01 -2.05379E-01
    8987.615     -6.843   0.360  1.57685E-01  3.74654E-01 -2.16968E-01
    8987.731     -6.727   0.400  1.63675E-01  3.92549E-01 -2.28874E-01
    8987.859     -6.599   0.440  1.69724E-01  4.10429E-01 -2.40706E-01
    8987.999     -6.459   0.480  1.75851E-01  4.27946E-01 -2.52095E-01
    8988.152     -6.307   0.520  1.82170E-01  4.44828E-01 -2.62658E-01
    8988.316     -6.142   0.560  1.89012E-01  4.61009E-01 -2.71997E-01
    8988.493     -5.965   0.600  1.96793E-01  4.76424E-01 -2.79630E-01
    8988.682     -5.776   0.640  2.06103E-01  4.91170E-01 -2.85067E-01
    8988.883     -5.575   0.680  2.17454E-01  5.05319E-01 -2.87864E-01
    8989.096     -5.362   0.720  2.31258E-01  5.18956E-01 -2.87699E-01
    8989.322     -5.136   0.760  2.47871E-01  5.32187E-01 -2.84316E-01
    8989.560     -4.899   0.800  2.67848E-01  5.45107E-01 -2.77259E-01
    8989.810     -4.649   0.840  2.91957E-01  5.57785E-01 -2.65827E-01
    8990.072     -4.387   0.880  3.21237E-01  5.70311E-01 -2.49075E-01
    8990.346     -4.112   0.920  3.56619E-01  5.82690E-01 -2.26070E-01
    8990.633     -3.826   0.960  3.98806E-01  5.94990E-01 -1.96185E-01
    8990.931     -3.527   1.000  4.47886E-01  6.07253E-01 -1.59367E-01
    8991.242     -3.216   1.040  5.03173E-01  6.19472E-01 -1.16299E-01
    8991.565     -2.893   1.080  5.62774E-01  6.31692E-01 -6.89175E-02
    8991.901     -2.558   1.120  6.22149E-01  6.43892E-01 -2.17426E-02
    8992.248     -2.210   1.160  6.74499E-01  6.56085E-01  1.84147E-02
    8992.608     -1.851   1.200  7.14700E-01  6.68263E-01  4.64366E-02
    8992.980     -1.479   1.240  7.41958E-01  6.80434E-01  6.15241E-02
    8993.364     -1.095   1.280  7.56846E-01  6.92600E-01  6.42461E-02
    8993.760     -0.698   1.320  7.57999E-01  7.04700E-01  5.32986E-02
    8994.168     -0.290   1.360  7.43551E-01  7.16776E-01  2.67751E-02
    8994.589      0.131   1.400  7.17668E-01  7.28784E-01 -1.11165E-02
    8995.022      0.563   1.440  6.91995E-01  7.40699E-01 -4.87043E-02
    8995.467      1.008   1.480  6.74206E-01  7.52517E-01 -7.83107E-02
    8995.924      1.466   1.520  6.66575E-01  7.64213E-01 -9.76374E-02
    8996.393      1.935   1.560  6.73822E-01  7.75779E-01 -1.01957E-01
    8996.875      2.417   1.600  6.94745E-01  7.87187E-01 -9.24420E-02
    8997.369      2.910   1.640  7.17367E-01  7.98432E-01 -8.10649E-02
    8997.875      3.416   1.680  7.32805E-01  8.09464E-01 -7.66587E-02
    8998.393      3.934   1.720  7.45821E-01  8.20297E-01 -7.44765E-02
    8998.923      4.465   1.760  7.64559E-01  8.30883E-01 -6.63248E-02
    8999.466      5.007   1.800  7.91390E-01  8.41235E-01 -4.98451E-02
    9000.020      5.562   1.840  8.26413E-01  8.51305E-01 -2.48927E-02
    9000.587      6.129   1.880  8.68699E-01  8.61108E-01  7.59070E-03
    9001.166      6.708   1.920  9.14302E-01  8.70616E-01  4.36854E-02
    9001.758      7.299   1.960  9.58509E-01  8.79806E-01  7.87031E-02
    9002.361      7.903   2.000  9.95739E-01  8.88690E-01  1.07049E-01
    9002.977      8.519   2.040  1.02458E+00  8.97245E-01  1.27335E-01
    9003.605      9.147   2.080  1.05578E+00  9.05448E-01  1.50336E-01
    9004.245      9.787   2.120  1.10322E+00  9.13313E-01  1.89912E-01
    9004.897     10.439   2.160  1.17101E+00  9.20841E-01  2.50169E-01
    9005.562     11.103   2.200  1.24254E+00  9.28007E-01  3.14536E-01
    9006.238     11.780   2.240  1.28282E+00  9.34791E-01  3.48028E-01
    9006.927     12.469   2.280  1.27550E+00  9.41232E-01  3.34268E-01
    9007.628     13.170   2.320  1.23852E+00  9.47311E-01  2.91212E-01
    9008.341     13.883   2.360  1.19670E+00  9.53048E-01  2.43656E-01
    9009.067     14.609   2.400  1.16145E+00  9.58404E-01  2.03042E-01
    9009.804     15.346   2.440  1.13322E+00  9.63400E-01  1.69822E-01
    9010.554     16.096   2.480  1.11208E+00  9.68059E-01  1.44018E-01
    9011.316     16.858   2.520  1.09761E+00  9.72363E-01  1.25246E-01
    9012.090     17.632   2.560  1.08560E+00  9.76316E-01  1.09286E-01
    9012.877     18.419   2.600  1.07062E+00  9.79962E-01  9.06552E-02
    9013.675     19.217   2.640  1.05071E+00  9.83264E-01  6.74510E-02
    9014.486     20.028   2.680  1.02882E+00  9.86248E-01  4.25691E-02
    9015.309     20.851   2.720  1.01085E+00  9.88938E-01  2.19093E-02
    9016.144     21.686   2.760  1.00196E+00  9.91321E-01  1.06438E-02
    9016.992     22.533   2.800  1.00503E+00  9.93441E-01  1.15940E-02
    9017.851     23.393   2.840  1.02045E+00  9.95263E-01  2.51880E-02
    9018.723     24.265   2.880  1.03944E+00  9.96833E-01  4.26051E-02
    9019.607     25.148   2.920  1.04549E+00  9.98159E-01  4.73265E-02
    9020.503     26.045   2.960  1.02815E+00  9.99245E-01  2.89089E-02
    9021.411     26.953   3.000  9.92020E-01  1.00010E+00 -8.07888E-03
    9022.332     27.873   3.040  9.57456E-01  1.00075E+00 -4.32903E-02
    9023.264     28.806   3.080  9.39024E-01  1.00121E+00 -6.21885E-02
    9024.209     29.751   3.120  9.31309E-01  1.00146E+00 -7.01559E-02
    9025.166     30.708   3.160  9.28587E-01  1.00155E+00 -7.29600E-02
    9026.136     31.677   3.200  9.28177E-01  1.00147E+00 -7.32916E-02
    9027.117     32.659   3.240  9.29109E-01  1.00123E+00 -7.21239E-02
    9028.111     33.652   3.280  9.30879E-01  1.00087E+00 -6.99904E-02
    9029.117     34.658   3.320  9.32905E-01  1.00038E+00 -6.74756E-02
    9030.135     35.676   3.360  9.34460E-01  9.99773E-01 -6.53130E-02
    9031.165     36.706   3.400  9.34694E-01  9.99052E-01 -6.43582E-02
    9032.207     37.749   3.440  9.33058E-01  9.98244E-01 -6.51859E-02
    9033.262     38.803   3.480  9.29599E-01  9.97353E-01 -6.77546E-02
    9034.329     39.870   3.520  9.24878E-01  9.96384E-01 -7.15059E-02
    9035.408     40.949   3.560  9.19657E-01  9.95344E-01 -7.56867E-02
    9036.499     42.040   3.600  9.14821E-01  9.94276E-01 -7.94555E-02
    9037.602     43.144   3.640  9.11153E-01  9.93145E-01 -8.19921E-02
    9038.718     44.259   3.680  9.09136E-01  9.91976E-01 -8.28396E-02
    9039.845     45.387   3.720  9.09098E-01  9.90791E-01 -8.16936E-02
    9040.985     46.527   3.760  9.11101E-01  9.89577E-01 -7.84761E-02
    9042.138     47.679   3.800  9.14920E-01  9.88355E-01 -7.34359E-02
    9043.302     48.844   3.840  9.19988E-01  9.87131E-01 -6.71429E-02
    9044.478     50.020   3.880  9.25636E-01  9.85908E-01 -6.02722E-02
    9045.667     51.209   3.920  9.31280E-01  9.84707E-01 -5.34271E-02
    9046.868     52.410   3.960  9.36550E-01  9.83492E-01 -4.69417E-02
    9048.081     53.623   4.000  9.41579E-01  9.82305E-01 -4.07261E-02
    9049.306     54.848   4.040  9.46751E-01  9.81150E-01 -3.43982E-02
    9050.544     56.086   4.080  9.52521E-01  9.80029E-01 -2.75074E-02
    9051.794     57.335   4.120  9.59225E-01  9.78923E-01 -1.96982E-02
    9053.055     58.597   4.160  9.67025E-01  9.77875E-01 -1.08496E-02
    9054.329     59.871   4.200  9.75678E-01  9.76844E-01 -1.16602E-03
    9055.616     61.157   4.240  9.84781E-01  9.75874E-01  8.90695E-03
    9056.914     62.456   4.280  9.93753E-01  9.74925E-01  1.88284E-02
    9058.225     63.766   4.320  1.00210E+00  9.74039E-01  2.80651E-02
    9059.548     65.089   4.360  1.00937E+00  9.73198E-01  3.61729E-02
    9060.883     66.424   4.400  1.01534E+00  9.72423E-01  4.29138E-02
    9062.230     67.772   4.440  1.01993E+00  9.71694E-01  4.82368E-02
    9063.589     69.131   4.480  1.02328E+00  9.71010E-01  5.22707E-02
    9064.961     70.503   4.520  1.02573E+00  9.70394E-01  5.53404E-02
    9066.345     71.886   4.560  1.02765E+00  9.69826E-01  5.78224E-02
    9067.741     73.282   4.600  1.02935E+00  9.69326E-01  6.00267E-02
    9069.149     74.690   4.640  1.03100E+00  9.68873E-01  6.21318E-02
    9070.569     76.111   4.680  1.03258E+00  9.68488E-01  6.40900E-02
    9072.002     77.543   4.720  1.03378E+00  9.68148E-01  6.56364E-02
    9073.446     78.988   4.760  1.03428E+00  9.67854E-01  6.64211E-02
    9074.903     80.445   4.800  1.03376E+00  9.67627E-01  6.61347E-02
    9076.373     81.914   4.840  1.03203E+00  9.67444E-01  6.45814E-02
    9077.854     83.396   4.880  1.02906E+00  9.67306E-01  6.17490E-02
    9079.347     84.889   4.920  1.02496E+00  9.67234E-01  5.77224E-02
    9080.853     86.395   4.960  1.01984E+00  9.67205E-01  5.26359E-02
    9082.371     87.913   5.000  1.01390E+00  9.67217E-01  4.66854E-02
    9083.901     89.443   5.040  1.00735E+00  9.67269E-01  4.00852E-02
    9085.443     90.985   5.080  1.00046E+00  9.67360E-01  3.31024E-02
    9086.998     92.539   5.120  9.93488E-01  9.67490E-01  2.59980E-02
    9088.564     94.106   5.160  9.86616E-01  9.67657E-01  1.89596E-02
    9090.143     95.685   5.200  9.79943E-01  9.67860E-01  1.20825E-02
    9091.734     97.276   5.240  9.73465E-01  9.68078E-01  5.38757E-03
    9093.338     98.879   5.280  9.67150E-01  9.68350E-01 -1.20014E-03
    9094.953    100.495   5.320  9.60929E-01  9.68633E-01 -7.70424E-03
    9096.581    102.122   5.360  9.54822E-01  9.68924E-01 -1.41024E-02
    9098.220    103.762   5.400  9.48936E-01  9.69245E-01 -2.03088E-02
    9099.873    105.414   5.440  9.43356E-01  9.69572E-01 -2.62162E-02
    9101.537    107.078   5.480  9.38215E-01  9.69926E-01 -3.17112E-02
    9103.213    108.755   5.520  9.33591E-01  9.70286E-01 -3.66950E-02
    9104.902    110.443   5.560  9.29596E-01  9.70646E-01 -4.10493E-02
    9106.602    112.144   5.600  9.26277E-01  9.71002E-01 -4.47253E-02
    9108.315    113.857   5.640  9.23689E-01  9.71336E-01 -4.76473E-02
    9110.041    115.582   5.680  9.21925E-01  9.71690E-01 -4.97659E-02
    9111.778    117.320   5.720  9.20987E-01  9.72042E-01 -5.10544E-02
    9113.527    119.069   5.760  9.20839E-01  9.72365E-01 -5.15251E-02
    9115.289    120.831   5.800  9.21487E-01  9.72679E-01 -5.11921E-02
    9117.063    122.605   5.840  9.22880E-01  9.72963E-01 -5.00831E-02
    9118.849    124.391   5.880  9.25005E-01  9.73236E-01 -4.82306E-02
    9120.648    126.189   5.920  9.27809E-01  9.73475E-01 -4.56660E-02
    9122.458    128.000   5.960  9.31294E-01  9.73699E-01 -4.24050E-02
    9124.281    129.822   6.000  9.35569E-01  9.73879E-01 -3.83103E-02
