# # comment:                                                     FEFF 9.9.1  
# # Source:
# # Structure
# # Reduced
# # space
# # abc:
# # angles:
# # sites:
# # POT  SCF 100  7.0000   0, screened core-hole, AFOLP (folp(0)= 1.150)
# # Abs   Z=29 Rmt= 1.229 Rnm= 1.296 K  shell
# # Pot 1 Z=23 Rmt= 1.086 Rnm= 1.307
# # Pot 2 Z=29 Rmt= 1.156 Rnm= 1.273
# # Pot 3 Z= 8 Rmt= 0.994 Rnm= 1.101
# # Gam_ch=1.729E+00 H-L exch Vi= 0.000E+00 Vr= 0.000E+00
# # Mu=-8.514E+00eV kf=2.224E+00 Vint=-1.564E+01eV Rs_int= 1.631
# FMS rfms= 9.0000
# # PATH  Rmax=-1.000,  Keep_limit= 0.00, Heap_limit 0.00  Pwcrit= 2.50%
#  S02=0.950  Temp=   0.00  Debye_temp=   0.00  Global_sig2= 0.00000
#  Energy zero shift, vr, vi    0.00000E+00   0.00000E+00
#  Curved wave amplitude ratio filter   4.000%
#     file         sig2 tot  cw amp ratio   deg  nlegs   reff  inp sig2
#     0/   0 paths used
#  xsedge+ 50, used to normalize mu           2.4423E-04
#  -----------------------------------------------------------------------
#  omega    e    k    mu    mu0     chi     @#
    8983.894    -12.324  -1.000  3.12993E-02  5.30852E-02 -2.17859E-02
    8984.192    -12.025  -0.960  3.27121E-02  5.68620E-02 -2.41499E-02
    8984.479    -11.739  -0.920  3.42271E-02  6.10490E-02 -2.68218E-02
    8984.753    -11.464  -0.880  3.58576E-02  6.57052E-02 -2.98477E-02
    8985.015    -11.202  -0.840  3.76188E-02  7.08996E-02 -3.32808E-02
    8985.265    -10.952  -0.800  3.95290E-02  7.67116E-02 -3.71825E-02
    8985.503    -10.715  -0.760  4.16091E-02  8.32323E-02 -4.16232E-02
    8985.729    -10.489  -0.720  4.38827E-02  9.05643E-02 -4.66816E-02
    8985.942    -10.276  -0.680  4.63763E-02  9.88206E-02 -5.24443E-02
    8986.143    -10.074  -0.640  4.91176E-02  1.08120E-01 -5.90023E-02
    8986.332     -9.885  -0.600  5.21338E-02  1.18578E-01 -6.64446E-02
    8986.509     -9.709  -0.560  5.54472E-02  1.30295E-01 -7.48476E-02
    8986.673     -9.544  -0.520  5.90693E-02  1.43327E-01 -8.42578E-02
    8986.826     -9.392  -0.480  6.29917E-02  1.57660E-01 -9.46683E-02
    8986.966     -9.251  -0.440  6.71767E-02  1.73168E-01 -1.05992E-01
    8987.094     -9.123  -0.400  7.15487E-02  1.89586E-01 -1.18037E-01
    8987.210     -9.008  -0.360  7.59934E-02  2.06495E-01 -1.30501E-01
    8987.314     -8.904  -0.320  8.03662E-02  2.23352E-01 -1.42986E-01
    8987.405     -8.813  -0.280  8.45126E-02  2.39555E-01 -1.55042E-01
    8987.484     -8.733  -0.240  8.82911E-02  2.54520E-01 -1.66228E-01
    8987.551     -8.666  -0.200  9.15916E-02  2.67756E-01 -1.76165E-01
    8987.606     -8.611  -0.160  9.43427E-02  2.78903E-01 -1.84560E-01
    8987.649     -8.569  -0.120  9.65071E-02  2.87723E-01 -1.91216E-01
    8987.679     -8.538  -0.080  9.80691E-02  2.94083E-01 -1.96014E-01
    8987.704     -8.514   0.000  9.93473E-02  2.99198E-01 -1.99851E-01
    8987.759     -8.459   0.120  1.02105E-01  3.10738E-01 -2.08633E-01
    8987.801     -8.416   0.160  1.04209E-01  3.19730E-01 -2.15521E-01
    8987.856     -8.361   0.200  1.06832E-01  3.31232E-01 -2.24401E-01
    8987.923     -8.294   0.240  1.09936E-01  3.45089E-01 -2.35154E-01
    8988.002     -8.215   0.280  1.13457E-01  3.61074E-01 -2.47617E-01
    8988.094     -8.124   0.320  1.17385E-01  3.78818E-01 -2.61433E-01
    8988.197     -8.020   0.360  1.21668E-01  3.97819E-01 -2.76151E-01
    8988.313     -7.904   0.400  1.26397E-01  4.17625E-01 -2.91227E-01
    8988.441     -7.776   0.440  1.31670E-01  4.37719E-01 -3.06049E-01
    8988.582     -7.636   0.480  1.37666E-01  4.57771E-01 -3.20105E-01
    8988.734     -7.484   0.520  1.44586E-01  4.77557E-01 -3.32971E-01
    8988.898     -7.319   0.560  1.52409E-01  4.96931E-01 -3.44522E-01
    8989.075     -7.142   0.600  1.60962E-01  5.15860E-01 -3.54898E-01
    8989.264     -6.953   0.640  1.69617E-01  5.34409E-01 -3.64792E-01
    8989.465     -6.752   0.680  1.77415E-01  5.52616E-01 -3.75200E-01
    8989.679     -6.539   0.720  1.83534E-01  5.70526E-01 -3.86992E-01
    8989.904     -6.313   0.760  1.88035E-01  5.88245E-01 -4.00210E-01
    8990.142     -6.075   0.800  1.91522E-01  6.05788E-01 -4.14266E-01
    8990.392     -5.826   0.840  1.94492E-01  6.23218E-01 -4.28726E-01
    8990.654     -5.563   0.880  1.97105E-01  6.40545E-01 -4.43440E-01
    8990.928     -5.289   0.920  1.99430E-01  6.57787E-01 -4.58356E-01
    8991.215     -5.003   0.960  2.01536E-01  6.74928E-01 -4.73391E-01
    8991.514     -4.704   1.000  2.04254E-01  6.91966E-01 -4.87713E-01
    8991.825     -4.393   1.040  2.09095E-01  7.08869E-01 -4.99774E-01
    8992.148     -4.070   1.080  2.16739E-01  7.25620E-01 -5.08881E-01
    8992.483     -3.735   1.120  2.25271E-01  7.42194E-01 -5.16923E-01
    8992.830     -3.387   1.160  2.32032E-01  7.58522E-01 -5.26490E-01
    8993.190     -3.028   1.200  2.38021E-01  7.74596E-01 -5.36575E-01
    8993.562     -2.656   1.240  2.47013E-01  7.90361E-01 -5.43348E-01
    8993.946     -2.272   1.280  2.61459E-01  8.05761E-01 -5.44302E-01
    8994.342     -1.875   1.320  2.81525E-01  8.20762E-01 -5.39237E-01
    8994.751     -1.467   1.360  3.06758E-01  8.35351E-01 -5.28593E-01
    8995.171     -1.046   1.400  3.37699E-01  8.49470E-01 -5.11771E-01
    8995.604     -0.613   1.440  3.75533E-01  8.63066E-01 -4.87534E-01
    8996.049     -0.168   1.480  4.22673E-01  8.76148E-01 -4.53475E-01
    8996.506      0.289   1.520  4.85062E-01  8.88642E-01 -4.03580E-01
    8996.976      0.758   1.560  5.72426E-01  9.00581E-01 -3.28154E-01
    8997.457      1.240   1.600  6.98455E-01  9.11896E-01 -2.13441E-01
    8997.951      1.733   1.640  8.73726E-01  9.22604E-01 -4.88779E-02
    8998.457      2.239   1.680  1.08225E+00  9.32679E-01  1.49575E-01
    8998.975      2.758   1.720  1.27344E+00  9.42121E-01  3.31319E-01
    8999.505      3.288   1.760  1.40304E+00  9.50951E-01  4.52087E-01
    9000.048      3.830   1.800  1.46754E+00  9.59130E-01  5.08413E-01
    9000.603      4.385   1.840  1.49332E+00  9.66706E-01  5.26617E-01
    9001.170      4.952   1.880  1.50618E+00  9.73661E-01  5.32517E-01
    9001.749      5.531   1.920  1.51808E+00  9.80024E-01  5.38056E-01
    9002.340      6.123   1.960  1.53251E+00  9.85803E-01  5.46709E-01
    9002.944      6.726   2.000  1.55371E+00  9.91009E-01  5.62697E-01
    9003.559      7.342   2.040  1.59161E+00  9.95692E-01  5.95920E-01
    9004.187      7.970   2.080  1.64354E+00  9.99825E-01  6.43710E-01
    9004.827      8.610   2.120  1.68724E+00  1.00348E+00  6.83758E-01
    9005.480      9.262   2.160  1.67355E+00  1.00667E+00  6.66878E-01
    9006.144      9.926   2.200  1.56637E+00  1.00941E+00  5.56962E-01
    9006.821     10.603   2.240  1.40193E+00  1.01173E+00  3.90195E-01
    9007.510     11.292   2.280  1.24252E+00  1.01365E+00  2.28871E-01
    9008.211     11.993   2.320  1.12324E+00  1.01522E+00  1.08023E-01
    9008.924     12.706   2.360  1.04283E+00  1.01643E+00  2.64005E-02
    9009.649     13.432   2.400  9.90740E-01  1.01734E+00 -2.65961E-02
    9010.387     14.169   2.440  9.60371E-01  1.01795E+00 -5.75838E-02
    9011.137     14.919   2.480  9.39906E-01  1.01832E+00 -7.84115E-02
    9011.899     15.681   2.520  9.22997E-01  1.01844E+00 -9.54399E-02
    9012.673     16.455   2.560  9.16593E-01  1.01834E+00 -1.01749E-01
    9013.459     17.242   2.600  9.27778E-01  1.01805E+00 -9.02696E-02
    9014.258     18.040   2.640  9.50977E-01  1.01758E+00 -6.66076E-02
    9015.069     18.851   2.680  9.74312E-01  1.01696E+00 -4.26502E-02
    9015.891     19.674   2.720  9.97123E-01  1.01623E+00 -1.91106E-02
    9016.727     20.509   2.760  1.01626E+00  1.01539E+00  8.74147E-04
    9017.574     21.356   2.800  1.02793E+00  1.01443E+00  1.35034E-02
    9018.433     22.216   2.840  1.02926E+00  1.01341E+00  1.58483E-02
    9019.305     23.088   2.880  1.01902E+00  1.01232E+00  6.70167E-03
    9020.189     23.972   2.920  9.98149E-01  1.01120E+00 -1.30544E-02
    9021.085     24.868   2.960  9.69481E-01  1.01003E+00 -4.05491E-02
    9021.994     25.776   3.000  9.36712E-01  1.00884E+00 -7.21331E-02
    9022.914     26.696   3.040  9.02964E-01  1.00765E+00 -1.04690E-01
    9023.847     27.629   3.080  8.71211E-01  1.00646E+00 -1.35253E-01
    9024.792     28.574   3.120  8.43872E-01  1.00530E+00 -1.61430E-01
    9025.749     29.531   3.160  8.22838E-01  1.00415E+00 -1.81309E-01
    9026.718     30.500   3.200  8.09346E-01  1.00301E+00 -1.93660E-01
    9027.699     31.482   3.240  8.03617E-01  1.00192E+00 -1.98305E-01
    9028.693     32.475   3.280  8.04820E-01  1.00088E+00 -1.96062E-01
    9029.699     33.481   3.320  8.12051E-01  9.99886E-01 -1.87835E-01
    9030.717     34.499   3.360  8.24263E-01  9.98957E-01 -1.74694E-01
    9031.747     35.530   3.400  8.39988E-01  9.98056E-01 -1.58068E-01
    9032.790     36.572   3.440  8.57878E-01  9.97247E-01 -1.39369E-01
    9033.844     37.627   3.480  8.76551E-01  9.96492E-01 -1.19942E-01
    9034.911     38.693   3.520  8.94834E-01  9.95814E-01 -1.00980E-01
    9035.990     39.772   3.560  9.11994E-01  9.95211E-01 -8.32170E-02
    9037.081     40.864   3.600  9.28019E-01  9.94684E-01 -6.66649E-02
    9038.184     41.967   3.640  9.43281E-01  9.94213E-01 -5.09324E-02
    9039.300     43.082   3.680  9.58350E-01  9.93821E-01 -3.54713E-02
    9040.428     44.210   3.720  9.73628E-01  9.93508E-01 -1.98793E-02
    9041.568     45.350   3.760  9.89211E-01  9.93293E-01 -4.08199E-03
    9042.720     46.502   3.800  1.00478E+00  9.93136E-01  1.16447E-02
    9043.884     47.667   3.840  1.01994E+00  9.93034E-01  2.69045E-02
    9045.061     48.843   3.880  1.03441E+00  9.93028E-01  4.13817E-02
    9046.249     50.032   3.920  1.04795E+00  9.93079E-01  5.48701E-02
    9047.450     51.233   3.960  1.06054E+00  9.93207E-01  6.73380E-02
    9048.663     52.446   4.000  1.07237E+00  9.93408E-01  7.89630E-02
    9049.889     53.671   4.040  1.08359E+00  9.93682E-01  8.99035E-02
    9051.126     54.909   4.080  1.09413E+00  9.93984E-01  1.00145E-01
    9052.376     56.158   4.120  1.10390E+00  9.94377E-01  1.09525E-01
    9053.638     57.420   4.160  1.11251E+00  9.94796E-01  1.17717E-01
    9054.912     58.694   4.200  1.11939E+00  9.95283E-01  1.24106E-01
    9056.198     59.980   4.240  1.12344E+00  9.95836E-01  1.27606E-01
    9057.496     61.279   4.280  1.12336E+00  9.96407E-01  1.26951E-01
    9058.807     62.590   4.320  1.11788E+00  9.97017E-01  1.20865E-01
    9060.130     63.912   4.360  1.10652E+00  9.97666E-01  1.08850E-01
    9061.465     65.247   4.400  1.09012E+00  9.98352E-01  9.17669E-02
    9062.812     66.595   4.440  1.07073E+00  9.99072E-01  7.16586E-02
    9064.172     67.954   4.480  1.05086E+00  9.99803E-01  5.10541E-02
    9065.543     69.326   4.520  1.03279E+00  1.00056E+00  3.22288E-02
    9066.927     70.709   4.560  1.01804E+00  1.00133E+00  1.67121E-02
    9068.323     72.105   4.600  1.00728E+00  1.00210E+00  5.18624E-03
    9069.731     73.514   4.640  1.00047E+00  1.00289E+00 -2.42460E-03
    9071.151     74.934   4.680  9.96786E-01  1.00366E+00 -6.87710E-03
    9072.584     76.366   4.720  9.95086E-01  1.00445E+00 -9.36803E-03
    9074.029     77.811   4.760  9.94108E-01  1.00522E+00 -1.11104E-02
    9075.486     79.268   4.800  9.92977E-01  1.00597E+00 -1.29973E-02
    9076.955     80.737   4.840  9.91320E-01  1.00670E+00 -1.53819E-02
    9078.436     82.219   4.880  9.89345E-01  1.00742E+00 -1.80737E-02
    9079.930     83.712   4.920  9.87613E-01  1.00813E+00 -2.05135E-02
    9081.435     85.218   4.960  9.86673E-01  1.00880E+00 -2.21245E-02
    9082.953     86.736   5.000  9.86641E-01  1.00943E+00 -2.27899E-02
    9084.483     88.266   5.040  9.86899E-01  1.01002E+00 -2.31245E-02
    9086.026     89.808   5.080  9.86428E-01  1.01057E+00 -2.41472E-02
    9087.580     91.363   5.120  9.84408E-01  1.01108E+00 -2.66761E-02
    9089.147     92.929   5.160  9.80671E-01  1.01155E+00 -3.08809E-02
    9090.726     94.508   5.200  9.75739E-01  1.01198E+00 -3.62383E-02
    9092.317     96.099   5.240  9.70590E-01  1.01236E+00 -4.17686E-02
    9093.920     97.702   5.280  9.66382E-01  1.01269E+00 -4.63115E-02
    9095.535     99.318   5.320  9.64090E-01  1.01296E+00 -4.88694E-02
    9097.163    100.945   5.360  9.64399E-01  1.01318E+00 -4.87802E-02
    9098.803    102.585   5.400  9.67507E-01  1.01335E+00 -4.58461E-02
    9100.455    104.237   5.440  9.73096E-01  1.01348E+00 -4.03826E-02
    9102.119    105.901   5.480  9.80144E-01  1.01353E+00 -3.33892E-02
    9103.795    107.578   5.520  9.87125E-01  1.01352E+00 -2.63916E-02
    9105.484    109.266   5.560  9.92562E-01  1.01348E+00 -2.09141E-02
    9107.185    110.967   5.600  9.95452E-01  1.01336E+00 -1.79127E-02
    9108.898    112.680   5.640  9.95506E-01  1.01318E+00 -1.76773E-02
    9110.623    114.405   5.680  9.92948E-01  1.01298E+00 -2.00320E-02
    9112.360    116.143   5.720  9.88263E-01  1.01271E+00 -2.44472E-02
    9114.110    117.892   5.760  9.82364E-01  1.01239E+00 -3.00305E-02
    9115.872    119.654   5.800  9.76390E-01  1.01204E+00 -3.56458E-02
    9117.645    121.428   5.840  9.71524E-01  1.01161E+00 -4.00876E-02
    9119.432    123.214   5.880  9.68960E-01  1.01115E+00 -4.21888E-02
    9121.230    125.012   5.920  9.69753E-01  1.01067E+00 -4.09207E-02
    9123.040    126.823   5.960  9.74555E-01  1.01014E+00 -3.55831E-02
    9124.863    128.646   6.000  9.83945E-01  1.00953E+00 -2.55879E-02
