# # comment:                                                     FEFF 9.9.1  
# # Source:
# # Structure
# # Reduced
# # space
# # abc:
# # angles:
# # sites:
# # POT  SCF 100  7.0000   0, screened core-hole, AFOLP (folp(0)= 1.150)
# # Abs   Z=29 Rmt= 1.175 Rnm= 1.288 K  shell
# # Pot 1 Z=56 Rmt= 1.942 Rnm= 1.996
# # Pot 2 Z=57 Rmt= 1.748 Rnm= 1.829
# # Pot 3 Z=29 Rmt= 1.175 Rnm= 1.288
# # Pot 4 Z= 8 Rmt= 1.084 Rnm= 1.133
# # Gam_ch=1.729E+00 H-L exch Vi= 0.000E+00 Vr= 0.000E+00
# # Mu=-9.076E+00eV kf=1.985E+00 Vint=-1.760E+01eV Rs_int= 1.827
# FMS rfms= 9.0000
# # PATH  Rmax=-1.000,  Keep_limit= 0.00, Heap_limit 0.00  Pwcrit= 2.50%
#  S02=0.950  Temp=   0.00  Debye_temp=   0.00  Global_sig2= 0.00000
#  Energy zero shift, vr, vi    0.00000E+00   0.00000E+00
#  Curved wave amplitude ratio filter   4.000%
#     file         sig2 tot  cw amp ratio   deg  nlegs   reff  inp sig2
#     0/   0 paths used
#  xsedge+ 50, used to normalize mu           2.4469E-04
#  -----------------------------------------------------------------------
#  omega    e    k    mu    mu0     chi     @#
    8985.091    -12.886  -1.000  3.84054E-02  5.65467E-02 -1.81413E-02
    8985.390    -12.587  -0.960  4.05526E-02  6.06883E-02 -2.01358E-02
    8985.676    -12.301  -0.920  4.29051E-02  6.52914E-02 -2.23864E-02
    8985.951    -12.026  -0.880  4.54946E-02  7.04238E-02 -2.49292E-02
    8986.213    -11.764  -0.840  4.83592E-02  7.61643E-02 -2.78051E-02
    8986.463    -11.514  -0.800  5.15438E-02  8.26044E-02 -3.10606E-02
    8986.700    -11.277  -0.760  5.51014E-02  8.98491E-02 -3.47476E-02
    8986.926    -11.051  -0.720  5.90934E-02  9.80167E-02 -3.89233E-02
    8987.139    -10.838  -0.680  6.35888E-02  1.07238E-01 -4.36489E-02
    8987.340    -10.637  -0.640  6.86627E-02  1.17650E-01 -4.89871E-02
    8987.529    -10.448  -0.600  7.43909E-02  1.29388E-01 -5.49971E-02
    8987.706    -10.271  -0.560  8.08410E-02  1.42568E-01 -6.17266E-02
    8987.871    -10.106  -0.520  8.80577E-02  1.57257E-01 -6.91992E-02
    8988.023     -9.954  -0.480  9.60427E-02  1.73441E-01 -7.73979E-02
    8988.163     -9.814  -0.440  1.04730E-01  1.90977E-01 -8.62463E-02
    8988.291     -9.686  -0.400  1.13967E-01  2.09560E-01 -9.55932E-02
    8988.407     -9.570  -0.360  1.23504E-01  2.28713E-01 -1.05209E-01
    8988.511     -9.466  -0.320  1.33011E-01  2.47811E-01 -1.14800E-01
    8988.602     -9.375  -0.280  1.42121E-01  2.66164E-01 -1.24044E-01
    8988.682     -9.295  -0.240  1.50482E-01  2.83108E-01 -1.32626E-01
    8988.749     -9.228  -0.200  1.57808E-01  2.98083E-01 -1.40275E-01
    8988.803     -9.174  -0.160  1.63904E-01  3.10682E-01 -1.46778E-01
    8988.846     -9.131  -0.120  1.68664E-01  3.20644E-01 -1.51980E-01
    8988.877     -9.100  -0.080  1.72047E-01  3.27821E-01 -1.55774E-01
    8988.901     -9.076   0.000  1.74705E-01  3.33589E-01 -1.58883E-01
    8988.956     -9.021   0.120  1.80640E-01  3.46579E-01 -1.65940E-01
    8988.999     -8.978   0.160  1.85170E-01  3.56690E-01 -1.71519E-01
    8989.053     -8.924   0.200  1.90778E-01  3.69616E-01 -1.78838E-01
    8989.120     -8.857   0.240  1.97143E-01  3.85146E-01 -1.88003E-01
    8989.200     -8.777   0.280  2.03822E-01  4.02995E-01 -1.99173E-01
    8989.291     -8.686   0.320  2.10174E-01  4.22716E-01 -2.12542E-01
    8989.395     -8.582   0.360  2.15388E-01  4.43731E-01 -2.28343E-01
    8989.511     -8.466   0.400  2.18669E-01  4.65428E-01 -2.46759E-01
    8989.639     -8.338   0.440  2.19500E-01  4.87284E-01 -2.67784E-01
    8989.779     -8.198   0.480  2.17818E-01  5.08859E-01 -2.91041E-01
    8989.931     -8.046   0.520  2.14167E-01  5.29865E-01 -3.15698E-01
    8990.096     -7.881   0.560  2.09526E-01  5.50157E-01 -3.40632E-01
    8990.273     -7.704   0.600  2.05063E-01  5.69722E-01 -3.64659E-01
    8990.462     -7.515   0.640  2.01692E-01  5.88596E-01 -3.86903E-01
    8990.663     -7.314   0.680  2.00078E-01  6.06853E-01 -4.06775E-01
    8990.876     -7.101   0.720  2.00670E-01  6.24583E-01 -4.23913E-01
    8991.102     -6.875   0.760  2.03856E-01  6.41872E-01 -4.38017E-01
    8991.339     -6.638   0.800  2.10020E-01  6.58798E-01 -4.48777E-01
    8991.589     -6.388   0.840  2.19582E-01  6.75422E-01 -4.55840E-01
    8991.851     -6.126   0.880  2.33216E-01  6.91795E-01 -4.58579E-01
    8992.126     -5.851   0.920  2.52075E-01  7.07930E-01 -4.55855E-01
    8992.412     -5.565   0.960  2.77944E-01  7.23868E-01 -4.45924E-01
    8992.711     -5.266   1.000  3.12527E-01  7.39581E-01 -4.27053E-01
    8993.022     -4.955   1.040  3.56552E-01  7.55089E-01 -3.98537E-01
    8993.345     -4.632   1.080  4.08922E-01  7.70388E-01 -3.61465E-01
    8993.680     -4.297   1.120  4.67689E-01  7.85422E-01 -3.17734E-01
    8994.028     -3.949   1.160  5.29662E-01  8.00196E-01 -2.70535E-01
    8994.387     -3.590   1.200  5.85990E-01  8.14688E-01 -2.28698E-01
    8994.759     -3.218   1.240  6.23887E-01  8.28875E-01 -2.04988E-01
    8995.143     -2.834   1.280  6.40361E-01  8.42686E-01 -2.02325E-01
    8995.540     -2.438   1.320  6.44393E-01  8.56137E-01 -2.11745E-01
    8995.948     -2.029   1.360  6.44162E-01  8.69157E-01 -2.24995E-01
    8996.369     -1.608   1.400  6.50573E-01  8.81757E-01 -2.31185E-01
    8996.801     -1.176   1.440  6.76505E-01  8.93891E-01 -2.17386E-01
    8997.246     -0.731   1.480  7.24159E-01  9.05548E-01 -1.81390E-01
    8997.704     -0.273   1.520  7.72989E-01  9.16702E-01 -1.43714E-01
    8998.173      0.196   1.560  7.85824E-01  9.27307E-01 -1.41483E-01
    8998.655      0.678   1.600  7.67286E-01  9.37396E-01 -1.70110E-01
    8999.148      1.171   1.640  7.69611E-01  9.46926E-01 -1.77315E-01
    8999.654      1.677   1.680  8.30548E-01  9.55895E-01 -1.25347E-01
    9000.172      2.195   1.720  9.62564E-01  9.64282E-01 -1.71821E-03
    9000.703      2.726   1.760  1.15101E+00  9.72129E-01  1.78878E-01
    9001.245      3.268   1.800  1.34047E+00  9.79397E-01  3.61074E-01
    9001.800      3.823   1.840  1.46044E+00  9.86110E-01  4.74325E-01
    9002.367      4.390   1.880  1.52309E+00  9.92293E-01  5.30795E-01
    9002.946      4.969   1.920  1.54032E+00  9.97911E-01  5.42410E-01
    9003.537      5.560   1.960  1.48336E+00  1.00301E+00  4.80347E-01
    9004.141      6.164   2.000  1.37971E+00  1.00759E+00  3.72123E-01
    9004.757      6.780   2.040  1.28833E+00  1.01168E+00  2.76652E-01
    9005.385      7.407   2.080  1.24184E+00  1.01528E+00  2.26554E-01
    9006.025      8.048   2.120  1.22640E+00  1.01845E+00  2.07956E-01
    9006.677      8.700   2.160  1.20961E+00  1.02114E+00  1.88474E-01
    9007.341      9.364   2.200  1.18315E+00  1.02344E+00  1.59706E-01
    9008.018     10.041   2.240  1.15525E+00  1.02535E+00  1.29898E-01
    9008.707     10.730   2.280  1.13105E+00  1.02687E+00  1.04174E-01
    9009.408     11.431   2.320  1.11239E+00  1.02805E+00  8.43387E-02
    9010.121     12.144   2.360  1.10322E+00  1.02892E+00  7.42977E-02
    9010.846     12.869   2.400  1.10865E+00  1.02948E+00  7.91703E-02
    9011.584     13.607   2.440  1.12489E+00  1.02977E+00  9.51180E-02
    9012.334     14.357   2.480  1.14586E+00  1.02978E+00  1.16078E-01
    9013.096     15.119   2.520  1.16352E+00  1.02957E+00  1.33950E-01
    9013.870     15.893   2.560  1.16644E+00  1.02913E+00  1.37302E-01
    9014.656     16.679   2.600  1.15086E+00  1.02851E+00  1.22346E-01
    9015.455     17.478   2.640  1.12139E+00  1.02772E+00  9.36659E-02
    9016.266     18.289   2.680  1.08627E+00  1.02677E+00  5.94920E-02
    9017.089     19.112   2.720  1.05280E+00  1.02572E+00  2.70786E-02
    9017.924     19.947   2.760  1.02461E+00  1.02452E+00  9.09140E-05
    9018.771     20.794   2.800  1.00226E+00  1.02322E+00 -2.09604E-02
    9019.631     21.654   2.840  9.85262E-01  1.02185E+00 -3.65841E-02
    9020.503     22.525   2.880  9.72548E-01  1.02039E+00 -4.78455E-02
    9021.386     23.409   2.920  9.62609E-01  1.01891E+00 -5.63037E-02
    9022.283     24.306   2.960  9.54281E-01  1.01737E+00 -6.30878E-02
    9023.191     25.214   3.000  9.46827E-01  1.01581E+00 -6.89826E-02
    9024.111     26.134   3.040  9.39752E-01  1.01422E+00 -7.44693E-02
    9025.044     27.067   3.080  9.32812E-01  1.01263E+00 -7.98169E-02
    9025.989     28.012   3.120  9.25842E-01  1.01106E+00 -8.52159E-02
    9026.946     28.969   3.160  9.18514E-01  1.00949E+00 -9.09808E-02
    9027.915     29.938   3.200  9.10390E-01  1.00794E+00 -9.75525E-02
    9028.897     30.920   3.240  9.01289E-01  1.00645E+00 -1.05157E-01
    9029.890     31.913   3.280  8.91360E-01  1.00497E+00 -1.13608E-01
    9030.896     32.919   3.320  8.81473E-01  1.00355E+00 -1.22080E-01
    9031.914     33.937   3.360  8.72918E-01  1.00218E+00 -1.29266E-01
    9032.944     34.967   3.400  8.67011E-01  1.00086E+00 -1.33851E-01
    9033.987     36.010   3.440  8.64513E-01  9.99614E-01 -1.35100E-01
    9035.041     37.064   3.480  8.65858E-01  9.98438E-01 -1.32580E-01
    9036.108     38.131   3.520  8.71117E-01  9.97318E-01 -1.26201E-01
    9037.187     39.210   3.560  8.80163E-01  9.96296E-01 -1.16133E-01
    9038.278     40.301   3.600  8.92686E-01  9.95331E-01 -1.02645E-01
    9039.382     41.405   3.640  9.08557E-01  9.94444E-01 -8.58864E-02
    9040.497     42.520   3.680  9.27461E-01  9.93637E-01 -6.61757E-02
    9041.625     43.648   3.720  9.48377E-01  9.92913E-01 -4.45365E-02
    9042.765     44.788   3.760  9.69547E-01  9.92292E-01 -2.27455E-02
    9043.917     45.940   3.800  9.88508E-01  9.91733E-01 -3.22478E-03
    9045.081     47.104   3.840  1.00313E+00  9.91275E-01  1.18562E-02
    9046.258     48.281   3.880  1.01247E+00  9.90879E-01  2.15951E-02
    9047.447     49.470   3.920  1.01717E+00  9.90583E-01  2.65828E-02
    9048.648     50.671   3.960  1.01867E+00  9.90348E-01  2.83259E-02
    9049.861     51.884   4.000  1.01900E+00  9.90214E-01  2.87888E-02
    9051.086     53.109   4.040  1.02011E+00  9.90140E-01  2.99695E-02
    9052.324     54.346   4.080  1.02348E+00  9.90165E-01  3.33121E-02
    9053.573     55.596   4.120  1.02950E+00  9.90247E-01  3.92549E-02
    9054.835     56.858   4.160  1.03752E+00  9.90408E-01  4.71147E-02
    9056.109     58.132   4.200  1.04587E+00  9.90644E-01  5.52290E-02
    9057.395     59.418   4.240  1.05247E+00  9.90954E-01  6.15178E-02
    9058.694     60.717   4.280  1.05570E+00  9.91316E-01  6.43853E-02
    9060.004     62.027   4.320  1.05512E+00  9.91749E-01  6.33688E-02
    9061.327     63.350   4.360  1.05131E+00  9.92230E-01  5.90831E-02
    9062.662     64.685   4.400  1.04565E+00  9.92755E-01  5.28926E-02
    9064.009     66.032   4.440  1.03972E+00  9.93345E-01  4.63740E-02
    9065.369     67.392   4.480  1.03477E+00  9.93958E-01  4.08102E-02
    9066.740     68.763   4.520  1.03167E+00  9.94634E-01  3.70354E-02
    9068.124     70.147   4.560  1.03090E+00  9.95349E-01  3.55472E-02
    9069.520     71.543   4.600  1.03258E+00  9.96102E-01  3.64762E-02
    9070.928     72.951   4.640  1.03643E+00  9.96867E-01  3.95626E-02
    9072.349     74.372   4.680  1.04183E+00  9.97664E-01  4.41622E-02
    9073.781     75.804   4.720  1.04787E+00  9.98468E-01  4.94007E-02
    9075.226     77.249   4.760  1.05357E+00  9.99301E-01  5.42637E-02
    9076.683     78.706   4.800  1.05771E+00  1.00014E+00  5.75732E-02
    9078.152     80.175   4.840  1.05897E+00  1.00098E+00  5.79939E-02
    9079.633     81.656   4.880  1.05621E+00  1.00182E+00  5.43937E-02
    9081.127     83.150   4.920  1.04918E+00  1.00268E+00  4.65003E-02
    9082.633     84.656   4.960  1.03871E+00  1.00349E+00  3.52156E-02
    9084.151     86.174   5.000  1.02650E+00  1.00432E+00  2.21824E-02
    9085.681     87.704   5.040  1.01434E+00  1.00511E+00  9.22328E-03
    9087.223     89.246   5.080  1.00383E+00  1.00590E+00 -2.07015E-03
    9088.777     90.800   5.120  9.95920E-01  1.00666E+00 -1.07384E-02
    9090.344     92.367   5.160  9.90574E-01  1.00740E+00 -1.68261E-02
    9091.923     93.946   5.200  9.86753E-01  1.00810E+00 -2.13508E-02
    9093.514     95.537   5.240  9.82936E-01  1.00874E+00 -2.58090E-02
    9095.117     97.140   5.280  9.78086E-01  1.00937E+00 -3.12813E-02
    9096.733     98.756   5.320  9.72151E-01  1.00995E+00 -3.77991E-02
    9098.360    100.383   5.360  9.65527E-01  1.01049E+00 -4.49615E-02
    9100.000    102.023   5.400  9.59300E-01  1.01096E+00 -5.16600E-02
    9101.652    103.675   5.440  9.54572E-01  1.01141E+00 -5.68341E-02
    9103.316    105.339   5.480  9.52226E-01  1.01176E+00 -5.95356E-02
    9104.993    107.016   5.520  9.53003E-01  1.01209E+00 -5.90882E-02
    9106.681    108.704   5.560  9.57037E-01  1.01235E+00 -5.53145E-02
    9108.382    110.405   5.600  9.63905E-01  1.01256E+00 -4.86589E-02
    9110.095    112.118   5.640  9.72906E-01  1.01270E+00 -3.97978E-02
    9111.820    113.843   5.680  9.82707E-01  1.01280E+00 -3.00889E-02
    9113.558    115.581   5.720  9.91676E-01  1.01284E+00 -2.11646E-02
    9115.307    117.330   5.760  9.98099E-01  1.01281E+00 -1.47131E-02
    9117.069    119.092   5.800  1.00081E+00  1.01271E+00 -1.19012E-02
    9118.843    120.866   5.840  9.99993E-01  1.01256E+00 -1.25707E-02
    9120.629    122.652   5.880  9.97428E-01  1.01237E+00 -1.49410E-02
    9122.427    124.450   5.920  9.95524E-01  1.01210E+00 -1.65774E-02
    9124.238    126.261   5.960  9.95696E-01  1.01176E+00 -1.60595E-02
    9126.060    128.083   6.000  9.97438E-01  1.01132E+00 -1.38788E-02
