# # comment:                                                     FEFF 9.9.1  
# # Source:
# # Structure
# # Reduced
# # space
# # abc:
# # angles:
# # sites:
# # POT  SCF 100  7.0000   0, screened core-hole, AFOLP (folp(0)= 1.150)
# # Abs   Z=29 Rmt= 1.353 Rnm= 1.422 K  shell
# # Pot 1 Z= 3 Rmt= 1.271 Rnm= 1.332
# # Pot 2 Z=29 Rmt= 1.362 Rnm= 1.422
# # Pot 3 Z=15 Rmt= 0.947 Rnm= 1.159
# # Pot 4 Z= 8 Rmt= 0.940 Rnm= 1.040
# # Gam_ch=1.729E+00 H-L exch Vi= 0.000E+00 Vr= 0.000E+00
# # Mu=-6.104E+00eV kf=2.365E+00 Vint=-1.708E+01eV Rs_int= 1.533
# FMS rfms= 9.0000
# # PATH  Rmax=-1.000,  Keep_limit= 0.00, Heap_limit 0.00  Pwcrit= 2.50%
#  S02=0.950  Temp=   0.00  Debye_temp=   0.00  Global_sig2= 0.00000
#  Energy zero shift, vr, vi    0.00000E+00   0.00000E+00
#  Curved wave amplitude ratio filter   4.000%
#     file         sig2 tot  cw amp ratio   deg  nlegs   reff  inp sig2
#     0/   0 paths used
#  xsedge+ 50, used to normalize mu           2.4678E-04
#  -----------------------------------------------------------------------
#  omega    e    k    mu    mu0     chi     @#
    8983.472     -9.914  -1.000  5.21877E-02  5.44124E-02 -2.22470E-03
    8983.771     -9.616  -0.960  5.57901E-02  5.83807E-02 -2.59058E-03
    8984.057     -9.329  -0.920  5.97787E-02  6.27934E-02 -3.01473E-03
    8984.331     -9.055  -0.880  6.42100E-02  6.77164E-02 -3.50635E-03
    8984.594     -8.793  -0.840  6.91503E-02  7.32263E-02 -4.07605E-03
    8984.844     -8.543  -0.800  7.46763E-02  7.94124E-02 -4.73613E-03
    8985.081     -8.305  -0.760  8.08761E-02  8.63768E-02 -5.50062E-03
    8985.307     -8.079  -0.720  8.78497E-02  9.42351E-02 -6.38538E-03
    8985.520     -7.866  -0.680  9.57071E-02  1.03115E-01 -7.40788E-03
    8985.721     -7.665  -0.640  1.04564E-01  1.13151E-01 -8.58650E-03
    8985.910     -7.476  -0.600  1.14536E-01  1.24476E-01 -9.93923E-03
    8986.087     -7.299  -0.560  1.25721E-01  1.37202E-01 -1.14811E-02
    8986.252     -7.135  -0.520  1.38178E-01  1.51398E-01 -1.32203E-02
    8986.404     -6.982  -0.480  1.51897E-01  1.67050E-01 -1.51524E-02
    8986.544     -6.842  -0.440  1.66764E-01  1.84019E-01 -1.72548E-02
    8986.672     -6.714  -0.400  1.82527E-01  2.02008E-01 -1.94810E-02
    8986.788     -6.598  -0.360  1.98790E-01  2.20552E-01 -2.17613E-02
    8986.892     -6.494  -0.320  2.15033E-01  2.39042E-01 -2.40086E-02
    8986.983     -6.403  -0.280  2.30673E-01  2.56805E-01 -2.61320E-02
    8987.062     -6.324  -0.240  2.45144E-01  2.73196E-01 -2.80516E-02
    8987.130     -6.257  -0.200  2.57966E-01  2.87675E-01 -2.97091E-02
    8987.184     -6.202  -0.160  2.68778E-01  2.99848E-01 -3.10697E-02
    8987.227     -6.159  -0.120  2.77347E-01  3.09465E-01 -3.21184E-02
    8987.258     -6.129  -0.080  2.83537E-01  3.16391E-01 -3.28547E-02
    8987.282     -6.104   0.000  2.88522E-01  3.21954E-01 -3.34325E-02
    8987.337     -6.049   0.120  2.99516E-01  3.34493E-01 -3.49770E-02
    8987.379     -6.007   0.160  3.08117E-01  3.44217E-01 -3.60993E-02
    8987.434     -5.952   0.200  3.19165E-01  3.56637E-01 -3.74725E-02
    8987.501     -5.885   0.240  3.32520E-01  3.71555E-01 -3.90351E-02
    8987.581     -5.806   0.280  3.47973E-01  3.88656E-01 -4.06839E-02
    8987.672     -5.714   0.320  3.65187E-01  4.07486E-01 -4.22993E-02
    8987.776     -5.611   0.360  3.83752E-01  4.27462E-01 -4.37108E-02
    8987.892     -5.495   0.400  4.03253E-01  4.48008E-01 -4.47552E-02
    8988.020     -5.367   0.440  4.23238E-01  4.68561E-01 -4.53232E-02
    8988.160     -5.227   0.480  4.43162E-01  4.88700E-01 -4.55383E-02
    8988.312     -5.074   0.520  4.62133E-01  5.08141E-01 -4.60083E-02
    8988.477     -4.910   0.560  4.78777E-01  5.26784E-01 -4.80072E-02
    8988.654     -4.733   0.600  4.91373E-01  5.44599E-01 -5.32256E-02
    8988.842     -4.544   0.640  4.98685E-01  5.61629E-01 -6.29442E-02
    8989.044     -4.343   0.680  5.00801E-01  5.77957E-01 -7.71565E-02
    8989.257     -4.129   0.720  4.99240E-01  5.93721E-01 -9.44812E-02
    8989.483     -3.904   0.760  4.96296E-01  6.09017E-01 -1.12721E-01
    8989.720     -3.666   0.800  4.94858E-01  6.23953E-01 -1.29095E-01
    8989.970     -3.416   0.840  4.98192E-01  6.38565E-01 -1.40372E-01
    8990.232     -3.154   0.880  5.09038E-01  6.52969E-01 -1.43931E-01
    8990.507     -2.880   0.920  5.27681E-01  6.67193E-01 -1.39513E-01
    8990.793     -2.593   0.960  5.51202E-01  6.81271E-01 -1.30069E-01
    8991.092     -2.294   1.000  5.74891E-01  6.95266E-01 -1.20376E-01
    8991.403     -1.983   1.040  5.95958E-01  7.09129E-01 -1.13171E-01
    8991.726     -1.660   1.080  6.16187E-01  7.22946E-01 -1.06759E-01
    8992.061     -1.325   1.120  6.38521E-01  7.36652E-01 -9.81313E-02
    8992.409     -0.978   1.160  6.63612E-01  7.50261E-01 -8.66494E-02
    8992.768     -0.618   1.200  6.92354E-01  7.63780E-01 -7.14251E-02
    8993.140     -0.246   1.240  7.28154E-01  7.77190E-01 -4.90366E-02
    8993.524      0.138   1.280  7.72894E-01  7.90453E-01 -1.75592E-02
    8993.920      0.534   1.320  8.25825E-01  8.03565E-01  2.22598E-02
    8994.329      0.943   1.360  8.86174E-01  8.16479E-01  6.96946E-02
    8994.749      1.363   1.400  9.52448E-01  8.29210E-01  1.23239E-01
    8995.182      1.796   1.440  1.02044E+00  8.41689E-01  1.78756E-01
    8995.627      2.241   1.480  1.08693E+00  8.53928E-01  2.33001E-01
    8996.084      2.698   1.520  1.15186E+00  8.65877E-01  2.85981E-01
    8996.554      3.168   1.560  1.21142E+00  8.77527E-01  3.33891E-01
    8997.035      3.649   1.600  1.25642E+00  8.88848E-01  3.67575E-01
    8997.529      4.143   1.640  1.28180E+00  8.99809E-01  3.81988E-01
    8998.035      4.649   1.680  1.28784E+00  9.10382E-01  3.77456E-01
    8998.553      5.167   1.720  1.27414E+00  9.20580E-01  3.53561E-01
    8999.084      5.697   1.760  1.24153E+00  9.30332E-01  3.11199E-01
    8999.626      6.240   1.800  1.19596E+00  9.39674E-01  2.56290E-01
    9000.181      6.795   1.840  1.14455E+00  9.48579E-01  1.95969E-01
    9000.748      7.362   1.880  1.09650E+00  9.57001E-01  1.39495E-01
    9001.327      7.941   1.920  1.06735E+00  9.64956E-01  1.02395E-01
    9001.918      8.532   1.960  1.06575E+00  9.72465E-01  9.32820E-02
    9002.522      9.136   2.000  1.08213E+00  9.79463E-01  1.02671E-01
    9003.138      9.751   2.040  1.09252E+00  9.85990E-01  1.06530E-01
    9003.765     10.379   2.080  1.07967E+00  9.92047E-01  8.76280E-02
    9004.406     11.019   2.120  1.04879E+00  9.97616E-01  5.11723E-02
    9005.058     11.672   2.160  1.01523E+00  1.00272E+00  1.25122E-02
    9005.722     12.336   2.200  9.88834E-01  1.00734E+00 -1.85077E-02
    9006.399     13.013   2.240  9.72800E-01  1.01151E+00 -3.87059E-02
    9007.088     13.701   2.280  9.67163E-01  1.01524E+00 -4.80767E-02
    9007.789     14.403   2.320  9.71352E-01  1.01853E+00 -4.71757E-02
    9008.502     15.116   2.360  9.81377E-01  1.02138E+00 -4.00016E-02
    9009.227     15.841   2.400  9.89835E-01  1.02384E+00 -3.40051E-02
    9009.965     16.579   2.440  9.92448E-01  1.02590E+00 -3.34526E-02
    9010.715     17.329   2.480  9.88872E-01  1.02761E+00 -3.87375E-02
    9011.477     18.091   2.520  9.79993E-01  1.02893E+00 -4.89396E-02
    9012.251     18.865   2.560  9.69257E-01  1.02995E+00 -6.06886E-02
    9013.037     19.651   2.600  9.61931E-01  1.03061E+00 -6.86830E-02
    9013.836     20.450   2.640  9.60346E-01  1.03101E+00 -7.06616E-02
    9014.647     21.260   2.680  9.61853E-01  1.03110E+00 -6.92467E-02
    9015.470     22.083   2.720  9.63127E-01  1.03096E+00 -6.78328E-02
    9016.305     22.919   2.760  9.65161E-01  1.03058E+00 -6.54156E-02
    9017.152     23.766   2.800  9.69377E-01  1.02996E+00 -6.05840E-02
    9018.012     24.625   2.840  9.72949E-01  1.02916E+00 -5.62145E-02
    9018.883     25.497   2.880  9.74916E-01  1.02818E+00 -5.32596E-02
    9019.767     26.381   2.920  9.75867E-01  1.02704E+00 -5.11766E-02
    9020.663     27.277   2.960  9.76254E-01  1.02576E+00 -4.95038E-02
    9021.572     28.186   3.000  9.76011E-01  1.02435E+00 -4.83370E-02
    9022.492     29.106   3.040  9.74768E-01  1.02284E+00 -4.80762E-02
    9023.425     30.039   3.080  9.72368E-01  1.02123E+00 -4.88642E-02
    9024.370     30.984   3.120  9.69185E-01  1.01956E+00 -5.03770E-02
    9025.327     31.941   3.160  9.65722E-01  1.01782E+00 -5.20978E-02
    9026.296     32.910   3.200  9.62541E-01  1.01604E+00 -5.34943E-02
    9027.278     33.891   3.240  9.60312E-01  1.01424E+00 -5.39247E-02
    9028.271     34.885   3.280  9.59694E-01  1.01243E+00 -5.27343E-02
    9029.277     35.891   3.320  9.61236E-01  1.01060E+00 -4.93587E-02
    9030.295     36.909   3.360  9.65376E-01  1.00876E+00 -4.33883E-02
    9031.325     37.939   3.400  9.72316E-01  1.00696E+00 -3.46472E-02
    9032.368     38.981   3.440  9.81877E-01  1.00520E+00 -2.33187E-02
    9033.422     40.036   3.480  9.93373E-01  1.00347E+00 -1.00944E-02
    9034.489     41.103   3.520  1.00575E+00  1.00178E+00  3.96811E-03
    9035.568     42.182   3.560  1.01782E+00  1.00016E+00  1.76583E-02
    9036.659     43.273   3.600  1.02867E+00  9.98573E-01  3.01008E-02
    9037.763     44.376   3.640  1.03807E+00  9.97078E-01  4.09921E-02
    9038.878     45.492   3.680  1.04609E+00  9.95659E-01  5.04343E-02
    9040.006     46.620   3.720  1.05282E+00  9.94299E-01  5.85212E-02
    9041.146     47.760   3.760  1.05821E+00  9.93042E-01  6.51694E-02
    9042.298     48.912   3.800  1.06191E+00  9.91867E-01  7.00469E-02
    9043.462     50.076   3.840  1.06351E+00  9.90776E-01  7.27326E-02
    9044.639     51.253   3.880  1.06276E+00  9.89771E-01  7.29882E-02
    9045.828     52.441   3.920  1.05965E+00  9.88874E-01  7.07719E-02
    9047.029     53.642   3.960  1.05421E+00  9.88067E-01  6.61428E-02
    9048.242     54.855   4.000  1.04664E+00  9.87368E-01  5.92739E-02
    9049.467     56.081   4.040  1.03737E+00  9.86757E-01  5.06123E-02
    9050.704     57.318   4.080  1.02703E+00  9.86235E-01  4.07931E-02
    9051.954     58.568   4.120  1.01641E+00  9.85822E-01  3.05842E-02
    9053.216     59.830   4.160  1.00630E+00  9.85518E-01  2.07814E-02
    9054.490     61.104   4.200  9.97357E-01  9.85280E-01  1.20768E-02
    9055.776     62.390   4.240  9.90050E-01  9.85151E-01  4.89882E-03
    9057.075     63.688   4.280  9.84510E-01  9.85128E-01 -6.18524E-04
    9058.385     64.999   4.320  9.80517E-01  9.85169E-01 -4.65123E-03
    9059.708     66.322   4.360  9.77667E-01  9.85313E-01 -7.64642E-03
    9061.043     67.657   4.400  9.75344E-01  9.85537E-01 -1.01938E-02
    9062.390     69.004   4.440  9.73004E-01  9.85820E-01 -1.28157E-02
    9063.750     70.364   4.480  9.70423E-01  9.86201E-01 -1.57782E-02
    9065.121     71.735   4.520  9.67644E-01  9.86635E-01 -1.89914E-02
    9066.505     73.119   4.560  9.65044E-01  9.87142E-01 -2.20984E-02
    9067.901     74.515   4.600  9.63018E-01  9.87700E-01 -2.46820E-02
    9069.309     75.923   4.640  9.61917E-01  9.88325E-01 -2.64078E-02
    9070.730     77.343   4.680  9.61908E-01  9.88994E-01 -2.70863E-02
    9072.162     78.776   4.720  9.62970E-01  9.89705E-01 -2.67350E-02
    9073.607     80.221   4.760  9.64978E-01  9.90456E-01 -2.54778E-02
    9075.064     81.678   4.800  9.67766E-01  9.91241E-01 -2.34754E-02
    9076.533     83.147   4.840  9.71160E-01  9.92038E-01 -2.08776E-02
    9078.014     84.628   4.880  9.75064E-01  9.92865E-01 -1.78015E-02
    9079.508     86.122   4.920  9.79356E-01  9.93698E-01 -1.43423E-02
    9081.014     87.627   4.960  9.83981E-01  9.94557E-01 -1.05756E-02
    9082.532     89.145   5.000  9.88816E-01  9.95395E-01 -6.57942E-03
    9084.062     90.675   5.040  9.93706E-01  9.96251E-01 -2.54492E-03
    9085.604     92.218   5.080  9.98233E-01  9.97080E-01  1.15340E-03
    9087.158     93.772   5.120  1.00195E+00  9.97878E-01  4.07311E-03
    9088.725     95.339   5.160  1.00467E+00  9.98687E-01  5.98394E-03
    9090.304     96.918   5.200  1.00645E+00  9.99441E-01  7.00770E-03
    9091.895     98.509   5.240  1.00758E+00  1.00018E+00  7.40832E-03
    9093.498    100.112   5.280  1.00805E+00  1.00085E+00  7.19802E-03
    9095.114    101.727   5.320  1.00749E+00  1.00150E+00  5.98959E-03
    9096.741    103.355   5.360  1.00536E+00  1.00209E+00  3.27334E-03
    9098.381    104.995   5.400  1.00152E+00  1.00263E+00 -1.11160E-03
    9100.033    106.647   5.440  9.96333E-01  1.00312E+00 -6.79110E-03
    9101.697    108.311   5.480  9.90572E-01  1.00355E+00 -1.29754E-02
    9103.374    109.987   5.520  9.85212E-01  1.00392E+00 -1.87073E-02
    9105.062    111.676   5.560  9.81140E-01  1.00422E+00 -2.30772E-02
    9106.763    113.377   5.600  9.79040E-01  1.00444E+00 -2.53988E-02
    9108.476    115.090   5.640  9.79262E-01  1.00461E+00 -2.53465E-02
    9110.201    116.815   5.680  9.81635E-01  1.00470E+00 -2.30679E-02
    9111.938    118.552   5.720  9.85554E-01  1.00472E+00 -1.91666E-02
    9113.688    120.302   5.760  9.90231E-01  1.00468E+00 -1.44536E-02
    9115.450    122.064   5.800  9.94969E-01  1.00455E+00 -9.58035E-03
    9117.224    123.837   5.840  9.99563E-01  1.00436E+00 -4.79756E-03
    9119.010    125.624   5.880  1.00413E+00  1.00410E+00  3.25625E-05
    9120.808    127.422   5.920  1.00899E+00  1.00376E+00  5.22564E-03
    9122.619    129.232   5.960  1.01433E+00  1.00337E+00  1.09554E-02
    9124.441    131.055   6.000  1.01995E+00  1.00286E+00  1.70849E-02
