# # comment:                                                     FEFF 9.9.1  
# # Source:
# # Structure
# # Reduced
# # space
# # abc:
# # angles:
# # sites:
# # POT  SCF 100  7.0000   0, screened core-hole, AFOLP (folp(0)= 1.150)
# # Abs   Z=29 Rmt= 1.155 Rnm= 1.277 K  shell
# # Pot 1 Z=56 Rmt= 1.901 Rnm= 1.968
# # Pot 2 Z=39 Rmt= 1.536 Rnm= 1.750
# # Pot 3 Z=29 Rmt= 1.155 Rnm= 1.277
# # Pot 4 Z= 8 Rmt= 1.077 Rnm= 1.126
# # Gam_ch=1.729E+00 H-L exch Vi= 0.000E+00 Vr= 0.000E+00
# # Mu=-9.065E+00eV kf=1.971E+00 Vint=-1.775E+01eV Rs_int= 1.840
# FMS rfms= 9.0000
# # PATH  Rmax=-1.000,  Keep_limit= 0.00, Heap_limit 0.00  Pwcrit= 2.50%
#  S02=0.950  Temp=   0.00  Debye_temp=   0.00  Global_sig2= 0.00000
#  Energy zero shift, vr, vi    0.00000E+00   0.00000E+00
#  Curved wave amplitude ratio filter   4.000%
#     file         sig2 tot  cw amp ratio   deg  nlegs   reff  inp sig2
#     0/   0 paths used
#  xsedge+ 50, used to normalize mu           2.4770E-04
#  -----------------------------------------------------------------------
#  omega    e    k    mu    mu0     chi     @#
    8984.492    -12.875  -1.000  3.56846E-02  5.29207E-02 -1.72362E-02
    8984.791    -12.577  -0.960  3.76572E-02  5.67256E-02 -1.90684E-02
    8985.078    -12.290  -0.920  3.98210E-02  6.09501E-02 -2.11291E-02
    8985.352    -12.016  -0.880  4.22063E-02  6.56555E-02 -2.34492E-02
    8985.614    -11.754  -0.840  4.48493E-02  7.09134E-02 -2.60641E-02
    8985.864    -11.504  -0.800  4.77932E-02  7.68066E-02 -2.90134E-02
    8986.102    -11.266  -0.760  5.10889E-02  8.34300E-02 -3.23411E-02
    8986.327    -11.041  -0.720  5.47956E-02  9.08908E-02 -3.60952E-02
    8986.541    -10.827  -0.680  5.89804E-02  9.93072E-02 -4.03268E-02
    8986.742    -10.626  -0.640  6.37157E-02  1.08804E-01 -4.50880E-02
    8986.931    -10.437  -0.600  6.90744E-02  1.19502E-01 -5.04281E-02
    8987.108    -10.260  -0.560  7.51194E-02  1.31508E-01 -5.63884E-02
    8987.272    -10.096  -0.520  8.18878E-02  1.44881E-01 -6.29934E-02
    8987.425     -9.943  -0.480  8.93683E-02  1.59608E-01 -7.02400E-02
    8987.565     -9.803  -0.440  9.74759E-02  1.75560E-01 -7.80842E-02
    8987.693     -9.675  -0.400  1.06032E-01  1.92460E-01 -8.64277E-02
    8987.809     -9.559  -0.360  1.14764E-01  2.09872E-01 -9.51088E-02
    8987.912     -9.456  -0.320  1.23332E-01  2.27234E-01 -1.03902E-01
    8988.004     -9.364  -0.280  1.31385E-01  2.43916E-01 -1.12531E-01
    8988.083     -9.285  -0.240  1.38621E-01  2.59316E-01 -1.20694E-01
    8988.150     -9.218  -0.200  1.44830E-01  2.72927E-01 -1.28098E-01
    8988.205     -9.163  -0.160  1.49898E-01  2.84379E-01 -1.34481E-01
    8988.247     -9.120  -0.120  1.53793E-01  2.93434E-01 -1.39642E-01
    8988.278     -9.090  -0.080  1.56522E-01  2.99959E-01 -1.43438E-01
    8988.302     -9.065   0.000  1.58615E-01  3.05203E-01 -1.46588E-01
    8988.357     -9.011   0.120  1.63369E-01  3.17020E-01 -1.53652E-01
    8988.400     -8.968   0.160  1.67023E-01  3.26211E-01 -1.59188E-01
    8988.455     -8.913   0.200  1.71555E-01  3.37951E-01 -1.66396E-01
    8988.522     -8.846   0.240  1.76813E-01  3.52085E-01 -1.75272E-01
    8988.601     -8.767   0.280  1.82540E-01  3.68338E-01 -1.85798E-01
    8988.692     -8.675   0.320  1.88406E-01  3.86285E-01 -1.97879E-01
    8988.796     -8.572   0.360  1.94047E-01  4.05423E-01 -2.11376E-01
    8988.912     -8.456   0.400  1.99020E-01  4.25215E-01 -2.26195E-01
    8989.040     -8.328   0.440  2.02789E-01  4.45172E-01 -2.42384E-01
    8989.180     -8.188   0.480  2.04743E-01  4.64875E-01 -2.60132E-01
    8989.333     -8.035   0.520  2.04487E-01  4.84102E-01 -2.79615E-01
    8989.497     -7.871   0.560  2.02120E-01  5.02743E-01 -3.00622E-01
    8989.674     -7.694   0.600  1.98445E-01  5.20726E-01 -3.22281E-01
    8989.863     -7.505   0.640  1.94844E-01  5.38148E-01 -3.43304E-01
    8990.064     -7.304   0.680  1.92705E-01  5.55056E-01 -3.62351E-01
    8990.277     -7.090   0.720  1.92984E-01  5.71551E-01 -3.78567E-01
    8990.503     -6.865   0.760  1.96136E-01  5.87693E-01 -3.91557E-01
    8990.741     -6.627   0.800  2.02309E-01  6.03572E-01 -4.01263E-01
    8990.991     -6.377   0.840  2.11436E-01  6.19269E-01 -4.07833E-01
    8991.253     -6.115   0.880  2.23262E-01  6.34785E-01 -4.11523E-01
    8991.527     -5.841   0.920  2.37630E-01  6.50175E-01 -4.12545E-01
    8991.814     -5.554   0.960  2.55110E-01  6.65458E-01 -4.10348E-01
    8992.112     -5.256   1.000  2.78137E-01  6.80646E-01 -4.02508E-01
    8992.423     -4.945   1.040  3.10157E-01  6.95738E-01 -3.85582E-01
    8992.746     -4.622   1.080  3.51790E-01  7.10730E-01 -3.58941E-01
    8993.082     -4.286   1.120  3.98426E-01  7.25611E-01 -3.27185E-01
    8993.429     -3.939   1.160  4.45684E-01  7.40342E-01 -2.94658E-01
    8993.789     -3.579   1.200  4.95561E-01  7.54903E-01 -2.59342E-01
    8994.161     -3.207   1.240  5.47810E-01  7.69270E-01 -2.21460E-01
    8994.545     -2.823   1.280  5.90007E-01  7.83437E-01 -1.93430E-01
    8994.941     -2.427   1.320  6.06815E-01  7.97336E-01 -1.90520E-01
    8995.349     -2.019   1.360  5.96911E-01  8.10977E-01 -2.14065E-01
    8995.770     -1.598   1.400  5.76301E-01  8.24309E-01 -2.48008E-01
    8996.203     -1.165   1.440  5.68296E-01  8.37304E-01 -2.69008E-01
    8996.648     -0.720   1.480  5.84352E-01  8.49931E-01 -2.65579E-01
    8997.105     -0.263   1.520  6.04606E-01  8.62178E-01 -2.57572E-01
    8997.574      0.206   1.560  6.03102E-01  8.74018E-01 -2.70916E-01
    8998.056      0.688   1.600  5.95746E-01  8.85422E-01 -2.89675E-01
    8998.550      1.182   1.640  6.13926E-01  8.96361E-01 -2.82434E-01
    8999.056      1.688   1.680  6.74247E-01  9.06829E-01 -2.32582E-01
    8999.574      2.206   1.720  7.85620E-01  9.16821E-01 -1.31201E-01
    9000.104      2.736   1.760  9.37074E-01  9.26333E-01  1.07416E-02
    9000.647      3.279   1.800  1.07215E+00  9.35321E-01  1.36824E-01
    9001.201      3.834   1.840  1.15720E+00  9.43825E-01  2.13378E-01
    9001.768      4.401   1.880  1.22192E+00  9.51802E-01  2.70117E-01
    9002.347      4.980   1.920  1.29428E+00  9.59275E-01  3.35001E-01
    9002.939      5.571   1.960  1.36576E+00  9.66226E-01  3.99530E-01
    9003.542      6.174   2.000  1.40055E+00  9.72698E-01  4.27848E-01
    9004.158      6.790   2.040  1.39926E+00  9.78675E-01  4.20588E-01
    9004.786      7.418   2.080  1.39362E+00  9.84163E-01  4.09457E-01
    9005.426      8.058   2.120  1.39309E+00  9.89166E-01  4.03924E-01
    9006.078      8.710   2.160  1.38367E+00  9.93713E-01  3.89961E-01
    9006.743      9.375   2.200  1.34950E+00  9.97831E-01  3.51665E-01
    9007.419     10.051   2.240  1.28327E+00  1.00151E+00  2.81767E-01
    9008.108     10.740   2.280  1.20309E+00  1.00475E+00  1.98333E-01
    9008.809     11.441   2.320  1.14020E+00  1.00763E+00  1.32562E-01
    9009.522     12.155   2.360  1.10755E+00  1.01012E+00  9.74243E-02
    9010.248     12.880   2.400  1.10226E+00  1.01224E+00  9.00164E-02
    9010.985     13.618   2.440  1.10510E+00  1.01403E+00  9.10631E-02
    9011.735     14.367   2.480  1.10917E+00  1.01550E+00  9.36718E-02
    9012.497     15.129   2.520  1.11214E+00  1.01667E+00  9.54769E-02
    9013.271     15.904   2.560  1.11086E+00  1.01755E+00  9.33106E-02
    9014.058     16.690   2.600  1.10400E+00  1.01816E+00  8.58393E-02
    9014.856     17.489   2.640  1.09314E+00  1.01855E+00  7.45856E-02
    9015.667     18.299   2.680  1.08095E+00  1.01870E+00  6.22427E-02
    9016.490     19.122   2.720  1.06985E+00  1.01865E+00  5.11958E-02
    9017.325     19.957   2.760  1.06062E+00  1.01842E+00  4.22024E-02
    9018.173     20.805   2.800  1.05189E+00  1.01800E+00  3.38886E-02
    9019.032     21.664   2.840  1.04196E+00  1.01745E+00  2.45117E-02
    9019.904     22.536   2.880  1.02946E+00  1.01676E+00  1.27027E-02
    9020.788     23.420   2.920  1.01432E+00  1.01593E+00 -1.60953E-03
    9021.684     24.316   2.960  9.97513E-01  1.01500E+00 -1.74871E-02
    9022.592     25.224   3.000  9.80469E-01  1.01396E+00 -3.34949E-02
    9023.513     26.145   3.040  9.64485E-01  1.01287E+00 -4.83814E-02
    9024.445     27.078   3.080  9.50241E-01  1.01169E+00 -6.14538E-02
    9025.390     28.022   3.120  9.38002E-01  1.01047E+00 -7.24730E-02
    9026.347     28.979   3.160  9.27186E-01  1.00921E+00 -8.20260E-02
    9027.317     29.949   3.200  9.16681E-01  1.00791E+00 -9.12300E-02
    9028.298     30.930   3.240  9.05518E-01  1.00658E+00 -1.01059E-01
    9029.292     31.924   3.280  8.93444E-01  1.00526E+00 -1.11813E-01
    9030.298     32.930   3.320  8.80864E-01  1.00391E+00 -1.23048E-01
    9031.316     33.948   3.360  8.68722E-01  1.00257E+00 -1.33847E-01
    9032.346     34.978   3.400  8.58146E-01  1.00125E+00 -1.43105E-01
    9033.388     36.020   3.440  8.49827E-01  9.99942E-01 -1.50115E-01
    9034.443     37.075   3.480  8.44344E-01  9.98664E-01 -1.54319E-01
    9035.510     38.142   3.520  8.42179E-01  9.97420E-01 -1.55242E-01
    9036.589     39.221   3.560  8.43636E-01  9.96195E-01 -1.52559E-01
    9037.680     40.312   3.600  8.48752E-01  9.95030E-01 -1.46279E-01
    9038.783     41.415   3.640  8.57484E-01  9.93908E-01 -1.36423E-01
    9039.899     42.531   3.680  8.69745E-01  9.92828E-01 -1.23083E-01
    9041.026     43.659   3.720  8.85296E-01  9.91815E-01 -1.06518E-01
    9042.166     44.799   3.760  9.03792E-01  9.90828E-01 -8.70355E-02
    9043.319     45.951   3.800  9.24852E-01  9.89929E-01 -6.50773E-02
    9044.483     47.115   3.840  9.47391E-01  9.89059E-01 -4.16677E-02
    9045.659     48.292   3.880  9.69657E-01  9.88281E-01 -1.86240E-02
    9046.848     49.480   3.920  9.89467E-01  9.87554E-01  1.91382E-03
    9048.049     50.681   3.960  1.00485E+00  9.86877E-01  1.79691E-02
    9049.262     51.894   4.000  1.01473E+00  9.86293E-01  2.84364E-02
    9050.487     53.120   4.040  1.01932E+00  9.85741E-01  3.35743E-02
    9051.725     54.357   4.080  1.02008E+00  9.85282E-01  3.48031E-02
    9052.975     55.607   4.120  1.01902E+00  9.84874E-01  3.41426E-02
    9054.236     56.869   4.160  1.01816E+00  9.84538E-01  3.36182E-02
    9055.510     58.143   4.200  1.01901E+00  9.84253E-01  3.47580E-02
    9056.797     59.429   4.240  1.02239E+00  9.84037E-01  3.83489E-02
    9058.095     60.727   4.280  1.02830E+00  9.83871E-01  4.44331E-02
    9059.406     62.038   4.320  1.03628E+00  9.83775E-01  5.25047E-02
    9060.729     63.361   4.360  1.04529E+00  9.83726E-01  6.15639E-02
    9062.064     64.696   4.400  1.05405E+00  9.83745E-01  7.03072E-02
    9063.411     66.043   4.440  1.06124E+00  9.83810E-01  7.74273E-02
    9064.770     67.402   4.480  1.06589E+00  9.83920E-01  8.19724E-02
    9066.142     68.774   4.520  1.06772E+00  9.84073E-01  8.36422E-02
    9067.526     70.158   4.560  1.06714E+00  9.84290E-01  8.28546E-02
    9068.922     71.554   4.600  1.06488E+00  9.84547E-01  8.03322E-02
    9070.330     72.962   4.640  1.06144E+00  9.84822E-01  7.66158E-02
    9071.750     74.382   4.680  1.05713E+00  9.85155E-01  7.19706E-02
    9073.183     75.815   4.720  1.05213E+00  9.85504E-01  6.66225E-02
    9074.627     77.260   4.760  1.04682E+00  9.85887E-01  6.09303E-02
    9076.084     78.717   4.800  1.04147E+00  9.86304E-01  5.51624E-02
    9077.553     80.186   4.840  1.03582E+00  9.86731E-01  4.90884E-02
    9079.035     81.667   4.880  1.02916E+00  9.87188E-01  4.19735E-02
    9080.528     83.161   4.920  1.02099E+00  9.87654E-01  3.33403E-02
    9082.034     84.666   4.960  1.01184E+00  9.88146E-01  2.36897E-02
    9083.552     86.184   5.000  1.00297E+00  9.88643E-01  1.43282E-02
    9085.082     87.714   5.040  9.95529E-01  9.89142E-01  6.38698E-03
    9086.624     89.256   5.080  9.89694E-01  9.89639E-01  5.49570E-05
    9088.179     90.811   5.120  9.84960E-01  9.90133E-01 -5.17297E-03
    9089.745     92.378   5.160  9.80882E-01  9.90603E-01 -9.72082E-03
    9091.324     93.956   5.200  9.77607E-01  9.91091E-01 -1.34837E-02
    9092.915     95.548   5.240  9.75447E-01  9.91551E-01 -1.61049E-02
    9094.519     97.151   5.280  9.74468E-01  9.92007E-01 -1.75384E-02
    9096.134     98.766   5.320  9.74170E-01  9.92455E-01 -1.82849E-02
    9097.762    100.394   5.360  9.73830E-01  9.92872E-01 -1.90426E-02
    9099.401    102.034   5.400  9.73223E-01  9.93280E-01 -2.00564E-02
    9101.053    103.686   5.440  9.72767E-01  9.93652E-01 -2.08852E-02
    9102.718    105.350   5.480  9.73118E-01  9.93990E-01 -2.08717E-02
    9104.394    107.026   5.520  9.74543E-01  9.94314E-01 -1.97710E-02
    9106.083    108.715   5.560  9.76614E-01  9.94602E-01 -1.79881E-02
    9107.783    110.416   5.600  9.78490E-01  9.94852E-01 -1.63617E-02
    9109.496    112.129   5.640  9.79203E-01  9.95062E-01 -1.58592E-02
    9111.222    113.854   5.680  9.78527E-01  9.95232E-01 -1.67049E-02
    9112.959    115.591   5.720  9.76757E-01  9.95362E-01 -1.86050E-02
    9114.708    117.341   5.760  9.74183E-01  9.95452E-01 -2.12691E-02
    9116.470    119.102   5.800  9.70612E-01  9.95501E-01 -2.48884E-02
    9118.244    120.876   5.840  9.65643E-01  9.95510E-01 -2.98668E-02
    9120.030    122.662   5.880  9.59224E-01  9.95480E-01 -3.62555E-02
    9121.829    124.461   5.920  9.51833E-01  9.95409E-01 -4.35762E-02
    9123.639    126.271   5.960  9.44399E-01  9.95293E-01 -5.08941E-02
    9125.462    128.094   6.000  9.38056E-01  9.95109E-01 -5.70528E-02
