# # comment:                                                     FEFF 9.9.1  
# # Source:
# # Structure
# # Reduced
# # space
# # abc:
# # angles:108.176882
# # sites:
# # POT  SCF 100  7.0000   0, screened core-hole, AFOLP (folp(0)= 1.150)
# # Abs   Z=29 Rmt= 1.274 Rnm= 1.344 K  shell
# # Pot 1 Z=12 Rmt= 1.373 Rnm= 1.456
# # Pot 2 Z=29 Rmt= 1.297 Rnm= 1.361
# # Pot 3 Z=15 Rmt= 0.940 Rnm= 1.154
# # Pot 4 Z= 8 Rmt= 0.926 Rnm= 1.040
# # Gam_ch=1.729E+00 H-L exch Vi= 0.000E+00 Vr= 0.000E+00
# # Mu=-6.771E+00eV kf=2.460E+00 Vint=-1.781E+01eV Rs_int= 1.474
# FMS rfms= 9.0000
# # PATH  Rmax=-1.000,  Keep_limit= 0.00, Heap_limit 0.00  Pwcrit= 2.50%
#  S02=0.950  Temp=   0.00  Debye_temp=   0.00  Global_sig2= 0.00000
#  Energy zero shift, vr, vi    0.00000E+00   0.00000E+00
#  Curved wave amplitude ratio filter   4.000%
#     file         sig2 tot  cw amp ratio   deg  nlegs   reff  inp sig2
#     0/   0 paths used
#  xsedge+ 50, used to normalize mu           2.4927E-04
#  -----------------------------------------------------------------------
#  omega    e    k    mu    mu0     chi     @#
    8983.521    -10.581  -1.000  4.31472E-02  5.22159E-02 -9.06874E-03
    8983.820    -10.283  -0.960  4.59138E-02  5.60067E-02 -1.00929E-02
    8984.106     -9.996  -0.920  4.89774E-02  6.02219E-02 -1.12445E-02
    8984.380     -9.722  -0.880  5.23844E-02  6.49245E-02 -1.25401E-02
    8984.643     -9.460  -0.840  5.61900E-02  7.01879E-02 -1.39979E-02
    8984.893     -9.210  -0.800  6.04589E-02  7.60972E-02 -1.56382E-02
    8985.130     -8.972  -0.760  6.52670E-02  8.27502E-02 -1.74833E-02
    8985.356     -8.746  -0.720  7.07012E-02  9.02578E-02 -1.95566E-02
    8985.569     -8.533  -0.680  7.68588E-02  9.87418E-02 -2.18829E-02
    8985.770     -8.332  -0.640  8.38446E-02  1.08331E-01 -2.44866E-02
    8985.959     -8.143  -0.600  9.17629E-02  1.19153E-01 -2.73898E-02
    8986.136     -7.966  -0.560  1.00705E-01  1.31315E-01 -3.06096E-02
    8986.301     -7.802  -0.520  1.10729E-01  1.44883E-01 -3.41539E-02
    8986.453     -7.649  -0.480  1.21827E-01  1.59843E-01 -3.80157E-02
    8986.593     -7.509  -0.440  1.33896E-01  1.76063E-01 -4.21670E-02
    8986.721     -7.381  -0.400  1.46706E-01  1.93259E-01 -4.65534E-02
    8986.837     -7.265  -0.360  1.59894E-01  2.10985E-01 -5.10915E-02
    8986.941     -7.162  -0.320  1.72989E-01  2.28660E-01 -5.56709E-02
    8987.032     -7.070  -0.280  1.85479E-01  2.45640E-01 -6.01612E-02
    8987.111     -6.991  -0.240  1.96884E-01  2.61307E-01 -6.44230E-02
    8987.178     -6.924  -0.200  2.06828E-01  2.75145E-01 -6.83173E-02
    8987.233     -6.869  -0.160  2.15064E-01  2.86779E-01 -7.17155E-02
    8987.276     -6.826  -0.120  2.21460E-01  2.95970E-01 -7.45110E-02
    8987.307     -6.796  -0.080  2.25964E-01  3.02589E-01 -7.66246E-02
    8987.331     -6.771   0.000  2.29400E-01  3.07905E-01 -7.85056E-02
    8987.386     -6.717   0.120  2.37434E-01  3.19883E-01 -8.24489E-02
    8987.428     -6.674   0.160  2.43712E-01  3.29173E-01 -8.54606E-02
    8987.483     -6.619   0.200  2.51621E-01  3.41035E-01 -8.94142E-02
    8987.550     -6.552   0.240  2.60858E-01  3.55275E-01 -9.44171E-02
    8987.630     -6.473   0.280  2.71015E-01  3.71612E-01 -1.00597E-01
    8987.721     -6.381   0.320  2.81459E-01  3.89569E-01 -1.08110E-01
    8987.825     -6.278   0.360  2.91544E-01  4.08627E-01 -1.17084E-01
    8987.940     -6.162   0.400  3.00638E-01  4.28214E-01 -1.27576E-01
    8988.069     -6.034   0.440  3.08276E-01  4.47786E-01 -1.39510E-01
    8988.209     -5.894   0.480  3.14294E-01  4.66942E-01 -1.52648E-01
    8988.361     -5.741   0.520  3.18821E-01  4.85447E-01 -1.66627E-01
    8988.526     -5.577   0.560  3.22170E-01  5.03126E-01 -1.80956E-01
    8988.702     -5.400   0.600  3.25049E-01  5.20011E-01 -1.94962E-01
    8988.891     -5.211   0.640  3.28412E-01  5.36122E-01 -2.07710E-01
    8989.093     -5.010   0.680  3.33297E-01  5.51579E-01 -2.18282E-01
    8989.306     -4.796   0.720  3.40236E-01  5.66456E-01 -2.26220E-01
    8989.532     -4.571   0.760  3.48954E-01  5.80886E-01 -2.31931E-01
    8989.769     -4.333   0.800  3.58397E-01  5.94930E-01 -2.36534E-01
    8990.019     -4.083   0.840  3.67453E-01  6.08703E-01 -2.41249E-01
    8990.281     -3.821   0.880  3.75631E-01  6.22262E-01 -2.46630E-01
    8990.556     -3.547   0.920  3.83821E-01  6.35631E-01 -2.51810E-01
    8990.842     -3.260   0.960  3.94347E-01  6.48885E-01 -2.54538E-01
    8991.141     -2.961   1.000  4.09125E-01  6.62024E-01 -2.52900E-01
    8991.452     -2.651   1.040  4.27434E-01  6.75083E-01 -2.47648E-01
    8991.775     -2.327   1.080  4.46060E-01  6.88086E-01 -2.42026E-01
    8992.110     -1.992   1.120  4.62455E-01  7.01014E-01 -2.38559E-01
    8992.458     -1.645   1.160  4.77453E-01  7.13878E-01 -2.36425E-01
    8992.817     -1.285   1.200  4.93078E-01  7.26647E-01 -2.33569E-01
    8993.189     -0.913   1.240  5.09284E-01  7.39347E-01 -2.30063E-01
    8993.573     -0.529   1.280  5.27123E-01  7.51961E-01 -2.24838E-01
    8993.969     -0.133   1.320  5.51949E-01  7.64447E-01 -2.12497E-01
    8994.378      0.276   1.360  5.88410E-01  7.76800E-01 -1.88390E-01
    8994.798      0.696   1.400  6.36215E-01  7.88999E-01 -1.52783E-01
    8995.231      1.129   1.440  6.92816E-01  8.01017E-01 -1.08201E-01
    8995.676      1.574   1.480  7.61059E-01  8.12847E-01 -5.17886E-02
    8996.133      2.031   1.520  8.51259E-01  8.24463E-01  2.67968E-02
    8996.603      2.501   1.560  9.62699E-01  8.35836E-01  1.26863E-01
    8997.084      2.982   1.600  1.06319E+00  8.46959E-01  2.16232E-01
    8997.578      3.476   1.640  1.11148E+00  8.57804E-01  2.53681E-01
    8998.084      3.982   1.680  1.10336E+00  8.68343E-01  2.35013E-01
    8998.602      4.500   1.720  1.06925E+00  8.78568E-01  1.90685E-01
    8999.133      5.030   1.760  1.04183E+00  8.88453E-01  1.53379E-01
    8999.675      5.573   1.800  1.03922E+00  8.98013E-01  1.41208E-01
    9000.230      6.128   1.840  1.06474E+00  9.07180E-01  1.57562E-01
    9000.797      6.695   1.880  1.11293E+00  9.15990E-01  1.96944E-01
    9001.376      7.274   1.920  1.16323E+00  9.24419E-01  2.38815E-01
    9001.967      7.865   1.960  1.19031E+00  9.32463E-01  2.57848E-01
    9002.571      8.469   2.000  1.19365E+00  9.40098E-01  2.53549E-01
    9003.187      9.084   2.040  1.18966E+00  9.47323E-01  2.42332E-01
    9003.814      9.712   2.080  1.19211E+00  9.54137E-01  2.37978E-01
    9004.454     10.352   2.120  1.19982E+00  9.60541E-01  2.39278E-01
    9005.107     11.004   2.160  1.20092E+00  9.66554E-01  2.34363E-01
    9005.771     11.669   2.200  1.19061E+00  9.72138E-01  2.18475E-01
    9006.448     12.346   2.240  1.17190E+00  9.77334E-01  1.94567E-01
    9007.137     13.034   2.280  1.15002E+00  9.82126E-01  1.67894E-01
    9007.838     13.735   2.320  1.13112E+00  9.86515E-01  1.44609E-01
    9008.551     14.449   2.360  1.12438E+00  9.90529E-01  1.33853E-01
    9009.276     15.174   2.400  1.13698E+00  9.94150E-01  1.42830E-01
    9010.014     15.912   2.440  1.16232E+00  9.97424E-01  1.64899E-01
    9010.764     16.662   2.480  1.18169E+00  1.00034E+00  1.81353E-01
    9011.526     17.424   2.520  1.18108E+00  1.00289E+00  1.78182E-01
    9012.300     18.198   2.560  1.15748E+00  1.00514E+00  1.52334E-01
    9013.086     18.984   2.600  1.11272E+00  1.00705E+00  1.05666E-01
    9013.885     19.783   2.640  1.05468E+00  1.00866E+00  4.60137E-02
    9014.696     20.593   2.680  9.95544E-01  1.01001E+00 -1.44683E-02
    9015.519     21.416   2.720  9.45622E-01  1.01106E+00 -6.54392E-02
    9016.354     22.252   2.760  9.08379E-01  1.01186E+00 -1.03479E-01
    9017.201     23.099   2.800  8.82382E-01  1.01241E+00 -1.30030E-01
    9018.061     23.958   2.840  8.68496E-01  1.01275E+00 -1.44252E-01
    9018.932     24.830   2.880  8.69790E-01  1.01286E+00 -1.43067E-01
    9019.816     25.714   2.920  8.76323E-01  1.01279E+00 -1.36463E-01
    9020.712     26.610   2.960  8.82230E-01  1.01252E+00 -1.30291E-01
    9021.621     27.518   3.000  8.85724E-01  1.01209E+00 -1.26368E-01
    9022.541     28.439   3.040  8.87238E-01  1.01150E+00 -1.24267E-01
    9023.474     29.372   3.080  8.87882E-01  1.01079E+00 -1.22906E-01
    9024.419     30.317   3.120  8.88607E-01  1.00995E+00 -1.21341E-01
    9025.376     31.274   3.160  8.89971E-01  1.00901E+00 -1.19041E-01
    9026.345     32.243   3.200  8.91678E-01  1.00797E+00 -1.16289E-01
    9027.327     33.224   3.240  8.93748E-01  1.00684E+00 -1.13088E-01
    9028.320     34.218   3.280  8.96396E-01  1.00563E+00 -1.09232E-01
    9029.326     35.224   3.320  8.99778E-01  1.00437E+00 -1.04590E-01
    9030.344     36.242   3.360  9.04145E-01  1.00304E+00 -9.88989E-02
    9031.374     37.272   3.400  9.09878E-01  1.00170E+00 -9.18199E-02
    9032.417     38.314   3.440  9.16960E-01  1.00032E+00 -8.33590E-02
    9033.471     39.369   3.480  9.25124E-01  9.98929E-01 -7.38043E-02
    9034.538     40.436   3.520  9.33958E-01  9.97513E-01 -6.35556E-02
    9035.617     41.515   3.560  9.43082E-01  9.96119E-01 -5.30367E-02
    9036.708     42.606   3.600  9.52216E-01  9.94726E-01 -4.25102E-02
    9037.812     43.709   3.640  9.61424E-01  9.93339E-01 -3.19149E-02
    9038.927     44.825   3.680  9.70982E-01  9.91985E-01 -2.10027E-02
    9040.055     45.953   3.720  9.81092E-01  9.90663E-01 -9.57109E-03
    9041.195     47.093   3.760  9.91799E-01  9.89358E-01  2.44108E-03
    9042.347     48.245   3.800  1.00312E+00  9.88113E-01  1.50045E-02
    9043.511     49.409   3.840  1.01480E+00  9.86909E-01  2.78882E-02
    9044.688     50.586   3.880  1.02647E+00  9.85750E-01  4.07169E-02
    9045.877     51.774   3.920  1.03757E+00  9.84636E-01  5.29381E-02
    9047.078     52.975   3.960  1.04740E+00  9.83592E-01  6.38087E-02
    9048.291     54.188   4.000  1.05510E+00  9.82617E-01  7.24806E-02
    9049.516     55.414   4.040  1.06000E+00  9.81692E-01  7.83069E-02
    9050.753     56.651   4.080  1.06176E+00  9.80819E-01  8.09390E-02
    9052.003     57.901   4.120  1.06044E+00  9.80040E-01  8.03963E-02
    9053.265     59.163   4.160  1.05648E+00  9.79316E-01  7.71689E-02
    9054.539     60.437   4.200  1.05081E+00  9.78667E-01  7.21467E-02
    9055.825     61.723   4.240  1.04440E+00  9.78094E-01  6.63105E-02
    9057.124     63.021   4.280  1.03804E+00  9.77594E-01  6.04441E-02
    9058.434     64.332   4.320  1.03211E+00  9.77149E-01  5.49577E-02
    9059.757     65.655   4.360  1.02664E+00  9.76778E-01  4.98623E-02
    9061.092     66.990   4.400  1.02151E+00  9.76483E-01  4.50236E-02
    9062.439     68.337   4.440  1.01664E+00  9.76262E-01  4.03804E-02
    9063.799     69.697   4.480  1.01201E+00  9.76096E-01  3.59120E-02
    9065.170     71.068   4.520  1.00760E+00  9.76022E-01  3.15741E-02
    9066.554     72.452   4.560  1.00328E+00  9.75980E-01  2.73052E-02
    9067.950     73.848   4.600  9.99092E-01  9.76028E-01  2.30637E-02
    9069.358     75.256   4.640  9.94947E-01  9.76105E-01  1.88422E-02
    9070.779     76.676   4.680  9.90983E-01  9.76271E-01  1.47125E-02
    9072.211     78.109   4.720  9.87284E-01  9.76463E-01  1.08212E-02
    9073.656     79.554   4.760  9.84029E-01  9.76722E-01  7.30644E-03
    9075.113     81.011   4.800  9.81298E-01  9.77047E-01  4.25115E-03
    9076.582     82.480   4.840  9.78966E-01  9.77391E-01  1.57552E-03
    9078.063     83.961   4.880  9.76779E-01  9.77775E-01 -9.96047E-04
    9079.557     85.455   4.920  9.74390E-01  9.78220E-01 -3.83004E-03
    9081.063     86.960   4.960  9.71469E-01  9.78680E-01 -7.21129E-03
    9082.580     88.478   5.000  9.68004E-01  9.79173E-01 -1.11688E-02
    9084.111     90.008   5.040  9.64202E-01  9.79677E-01 -1.54754E-02
    9085.653     91.551   5.080  9.60395E-01  9.80214E-01 -1.98182E-02
    9087.207     93.105   5.120  9.56793E-01  9.80780E-01 -2.39868E-02
    9088.774     94.672   5.160  9.53372E-01  9.81351E-01 -2.79785E-02
    9090.353     96.251   5.200  9.50104E-01  9.81925E-01 -3.18213E-02
    9091.944     97.842   5.240  9.47073E-01  9.82501E-01 -3.54278E-02
    9093.547     99.445   5.280  9.44516E-01  9.83075E-01 -3.85597E-02
    9095.163    101.060   5.320  9.42673E-01  9.83648E-01 -4.09757E-02
    9096.790    102.688   5.360  9.41641E-01  9.84219E-01 -4.25781E-02
    9098.430    104.328   5.400  9.41354E-01  9.84783E-01 -4.34290E-02
    9100.082    105.980   5.440  9.41668E-01  9.85320E-01 -4.36515E-02
    9101.746    107.644   5.480  9.42571E-01  9.85846E-01 -4.32752E-02
    9103.423    109.320   5.520  9.44194E-01  9.86340E-01 -4.21467E-02
    9105.111    111.009   5.560  9.46811E-01  9.86823E-01 -4.00120E-02
    9106.812    112.710   5.600  9.50614E-01  9.87271E-01 -3.66566E-02
    9108.525    114.423   5.640  9.55623E-01  9.87679E-01 -3.20566E-02
    9110.250    116.148   5.680  9.61641E-01  9.88048E-01 -2.64070E-02
    9111.987    117.885   5.720  9.68294E-01  9.88376E-01 -2.00823E-02
    9113.737    119.635   5.760  9.75131E-01  9.88662E-01 -1.35308E-02
    9115.499    121.396   5.800  9.81690E-01  9.88882E-01 -7.19266E-03
    9117.273    123.170   5.840  9.87653E-01  9.89084E-01 -1.43100E-03
    9119.059    124.957   5.880  9.92757E-01  9.89245E-01  3.51182E-03
    9120.857    126.755   5.920  9.96808E-01  9.89335E-01  7.47291E-03
    9122.668    128.565   5.960  9.99661E-01  9.89373E-01  1.02886E-02
    9124.490    130.388   6.000  1.00114E+00  9.89336E-01  1.18023E-02
