# # comment:                                                     FEFF 9.9.1  
# # Source:
# # Structure
# # Reduced
# # space
# # abc:
# # angles:
# # sites:
# # POT  SCF 100  7.0000   0, screened core-hole, AFOLP (folp(0)= 1.150)
# # Abs   Z=29 Rmt= 1.222 Rnm= 1.288 K  shell
# # Pot 1 Z=30 Rmt= 1.351 Rnm= 1.426
# # Pot 2 Z=29 Rmt= 1.220 Rnm= 1.286
# # Pot 3 Z= 8 Rmt= 1.026 Rnm= 1.109
# # Gam_ch=1.729E+00 H-L exch Vi= 0.000E+00 Vr= 0.000E+00
# # Mu=-8.834E+00eV kf=2.166E+00 Vint=-1.636E+01eV Rs_int= 1.674
# FMS rfms= 9.0000
# # PATH  Rmax=-1.000,  Keep_limit= 0.00, Heap_limit 0.00  Pwcrit= 2.50%
#  S02=0.950  Temp=   0.00  Debye_temp=   0.00  Global_sig2= 0.00000
#  Energy zero shift, vr, vi    0.00000E+00   0.00000E+00
#  Curved wave amplitude ratio filter   4.000%
#     file         sig2 tot  cw amp ratio   deg  nlegs   reff  inp sig2
#     0/   0 paths used
#  xsedge+ 50, used to normalize mu           2.4554E-04
#  -----------------------------------------------------------------------
#  omega    e    k    mu    mu0     chi     @#
    8983.959    -12.644  -1.000  2.81695E-02  5.18686E-02 -2.36992E-02
    8984.258    -12.345  -0.960  2.92110E-02  5.55463E-02 -2.63354E-02
    8984.544    -12.058  -0.920  3.02995E-02  5.96237E-02 -2.93242E-02
    8984.819    -11.784  -0.880  3.14391E-02  6.41585E-02 -3.27195E-02
    8985.081    -11.522  -0.840  3.26343E-02  6.92182E-02 -3.65839E-02
    8985.331    -11.272  -0.800  3.38905E-02  7.48804E-02 -4.09899E-02
    8985.568    -11.034  -0.760  3.52142E-02  8.12342E-02 -4.60200E-02
    8985.794    -10.809  -0.720  3.66127E-02  8.83803E-02 -5.17676E-02
    8986.007    -10.595  -0.680  3.80941E-02  9.64290E-02 -5.83349E-02
    8986.208    -10.394  -0.640  3.96670E-02  1.05497E-01 -6.58299E-02
    8986.397    -10.205  -0.600  4.13393E-02  1.15698E-01 -7.43584E-02
    8986.574    -10.028  -0.560  4.31172E-02  1.27129E-01 -8.40113E-02
    8986.739     -9.864  -0.520  4.50018E-02  1.39846E-01 -9.48443E-02
    8986.891     -9.711  -0.480  4.69864E-02  1.53836E-01 -1.06850E-01
    8987.031     -9.571  -0.440  4.90520E-02  1.68976E-01 -1.19924E-01
    8987.159     -9.443  -0.400  5.11643E-02  1.85005E-01 -1.33841E-01
    8987.275     -9.327  -0.360  5.32737E-02  2.01514E-01 -1.48241E-01
    8987.379     -9.224  -0.320  5.53193E-02  2.17973E-01 -1.62654E-01
    8987.470     -9.132  -0.280  5.72378E-02  2.33791E-01 -1.76553E-01
    8987.550     -9.053  -0.240  5.89732E-02  2.48398E-01 -1.89424E-01
    8987.617     -8.986  -0.200  6.04832E-02  2.61315E-01 -2.00832E-01
    8987.671     -8.931  -0.160  6.17418E-02  2.72190E-01 -2.10448E-01
    8987.714     -8.888  -0.120  6.27352E-02  2.80794E-01 -2.18059E-01
    8987.745     -8.858  -0.080  6.34578E-02  2.86997E-01 -2.23539E-01
    8987.769     -8.834   0.000  6.40659E-02  2.91984E-01 -2.27918E-01
    8987.824     -8.779   0.120  6.54697E-02  3.03240E-01 -2.37770E-01
    8987.867     -8.736   0.160  6.64745E-02  3.11999E-01 -2.45525E-01
    8987.921     -8.681   0.200  6.77286E-02  3.23208E-01 -2.55479E-01
    8987.988     -8.614   0.240  6.91662E-02  3.36709E-01 -2.67542E-01
    8988.068     -8.535   0.280  7.07563E-02  3.52256E-01 -2.81500E-01
    8988.159     -8.443   0.320  7.25065E-02  3.69504E-01 -2.96997E-01
    8988.263     -8.340   0.360  7.43379E-02  3.87955E-01 -3.13617E-01
    8988.379     -8.224   0.400  7.62739E-02  4.07139E-01 -3.30865E-01
    8988.507     -8.096   0.440  7.83200E-02  4.26569E-01 -3.48249E-01
    8988.647     -7.956   0.480  8.05727E-02  4.45939E-01 -3.65367E-01
    8988.799     -7.803   0.520  8.30865E-02  4.64987E-01 -3.81901E-01
    8988.964     -7.639   0.560  8.59371E-02  4.83590E-01 -3.97653E-01
    8989.141     -7.462   0.600  8.92515E-02  5.01737E-01 -4.12485E-01
    8989.330     -7.273   0.640  9.32022E-02  5.19475E-01 -4.26273E-01
    8989.531     -7.072   0.680  9.78921E-02  5.36843E-01 -4.38950E-01
    8989.744     -6.858   0.720  1.03516E-01  5.53908E-01 -4.50392E-01
    8989.970     -6.633   0.760  1.10216E-01  5.70760E-01 -4.60544E-01
    8990.207     -6.395   0.800  1.18009E-01  5.87455E-01 -4.69446E-01
    8990.457     -6.145   0.840  1.26775E-01  6.04039E-01 -4.77264E-01
    8990.719     -5.883   0.880  1.36407E-01  6.20527E-01 -4.84119E-01
    8990.994     -5.609   0.920  1.47183E-01  6.36938E-01 -4.89755E-01
    8991.280     -5.322   0.960  1.59919E-01  6.53304E-01 -4.93385E-01
    8991.579     -5.024   1.000  1.75091E-01  6.69585E-01 -4.94493E-01
    8991.890     -4.713   1.040  1.92324E-01  6.85773E-01 -4.93450E-01
    8992.213     -4.390   1.080  2.10582E-01  7.01875E-01 -4.91292E-01
    8992.548     -4.054   1.120  2.29150E-01  7.17849E-01 -4.88699E-01
    8992.896     -3.707   1.160  2.47013E-01  7.33654E-01 -4.86641E-01
    8993.255     -3.347   1.200  2.63180E-01  7.49260E-01 -4.86080E-01
    8993.627     -2.975   1.240  2.79139E-01  7.64637E-01 -4.85499E-01
    8994.011     -2.591   1.280  2.98185E-01  7.79753E-01 -4.81569E-01
    8994.408     -2.195   1.320  3.22479E-01  7.94555E-01 -4.72077E-01
    8994.816     -1.787   1.360  3.52571E-01  8.09010E-01 -4.56439E-01
    8995.237     -1.366   1.400  3.88897E-01  8.23104E-01 -4.34207E-01
    8995.669     -0.933   1.440  4.32623E-01  8.36762E-01 -4.04140E-01
    8996.114     -0.488   1.480  4.85982E-01  8.49994E-01 -3.64013E-01
    8996.572     -0.031   1.520  5.52445E-01  8.62746E-01 -3.10301E-01
    8997.041      0.438   1.560  6.31308E-01  8.75007E-01 -2.43699E-01
    8997.523      0.920   1.600  7.10845E-01  8.86750E-01 -1.75905E-01
    8998.016      1.414   1.640  7.83786E-01  8.97947E-01 -1.14162E-01
    8998.522      1.920   1.680  8.60963E-01  9.08612E-01 -4.76497E-02
    8999.040      2.438   1.720  9.51461E-01  9.18700E-01  3.27614E-02
    8999.571      2.968   1.760  1.04618E+00  9.28207E-01  1.17977E-01
    9000.113      3.511   1.800  1.14533E+00  9.37156E-01  2.08176E-01
    9000.668      4.066   1.840  1.27728E+00  9.45547E-01  3.31732E-01
    9001.235      4.632   1.880  1.46734E+00  9.53361E-01  5.13983E-01
    9001.814      5.212   1.920  1.70757E+00  9.60602E-01  7.46969E-01
    9002.405      5.803   1.960  1.92799E+00  9.67295E-01  9.60695E-01
    9003.009      6.406   2.000  2.04281E+00  9.73447E-01  1.06936E+00
    9003.625      7.022   2.040  2.02928E+00  9.79066E-01  1.05021E+00
    9004.253      7.650   2.080  1.89322E+00  9.84180E-01  9.09036E-01
    9004.893      8.290   2.120  1.66007E+00  9.88797E-01  6.71269E-01
    9005.545      8.942   2.160  1.42247E+00  9.92929E-01  4.29545E-01
    9006.209      9.607   2.200  1.25542E+00  9.96627E-01  2.58798E-01
    9006.886     10.283   2.240  1.15409E+00  9.99880E-01  1.54210E-01
    9007.575     10.972   2.280  1.08179E+00  1.00272E+00  7.90684E-02
    9008.276     11.673   2.320  1.01821E+00  1.00518E+00  1.30252E-02
    9008.989     12.387   2.360  9.65882E-01  1.00725E+00 -4.13690E-02
    9009.715     13.112   2.400  9.30036E-01  1.00901E+00 -7.89706E-02
    9010.452     13.850   2.440  9.07106E-01  1.01044E+00 -1.03330E-01
    9011.202     14.599   2.480  8.96600E-01  1.01155E+00 -1.14950E-01
    9011.964     15.361   2.520  9.12719E-01  1.01240E+00 -9.96835E-02
    9012.738     16.136   2.560  9.69202E-01  1.01300E+00 -4.38025E-02
    9013.524     16.922   2.600  1.04067E+00  1.01337E+00  2.73058E-02
    9014.323     17.720   2.640  1.08580E+00  1.01352E+00  7.22756E-02
    9015.134     18.531   2.680  1.10637E+00  1.01350E+00  9.28758E-02
    9015.957     19.354   2.720  1.10442E+00  1.01329E+00  9.11312E-02
    9016.792     20.189   2.760  1.08290E+00  1.01294E+00  6.99683E-02
    9017.639     21.037   2.800  1.04794E+00  1.01246E+00  3.54830E-02
    9018.499     21.896   2.840  1.00740E+00  1.01185E+00 -4.45763E-03
    9019.371     22.768   2.880  9.67862E-01  1.01114E+00 -4.32765E-02
    9020.254     23.652   2.920  9.32266E-01  1.01034E+00 -7.80728E-02
    9021.151     24.548   2.960  9.02030E-01  1.00948E+00 -1.07452E-01
    9022.059     25.456   3.000  8.77094E-01  1.00855E+00 -1.31460E-01
    9022.979     26.377   3.040  8.56491E-01  1.00760E+00 -1.51113E-01
    9023.912     27.309   3.080  8.39161E-01  1.00659E+00 -1.67432E-01
    9024.857     28.254   3.120  8.24322E-01  1.00557E+00 -1.81249E-01
    9025.814     29.211   3.160  8.11531E-01  1.00454E+00 -1.93013E-01
    9026.783     30.181   3.200  8.01336E-01  1.00351E+00 -2.02177E-01
    9027.765     31.162   3.240  7.94859E-01  1.00248E+00 -2.07626E-01
    9028.758     32.156   3.280  7.92815E-01  1.00146E+00 -2.08647E-01
    9029.764     33.162   3.320  7.95591E-01  1.00047E+00 -2.04879E-01
    9030.782     34.180   3.360  8.03057E-01  9.99512E-01 -1.96455E-01
    9031.812     35.210   3.400  8.14273E-01  9.98591E-01 -1.84318E-01
    9032.855     36.252   3.440  8.28015E-01  9.97688E-01 -1.69673E-01
    9033.909     37.307   3.480  8.43611E-01  9.96847E-01 -1.53236E-01
    9034.976     38.374   3.520  8.60702E-01  9.96052E-01 -1.35351E-01
    9036.055     39.453   3.560  8.79137E-01  9.95323E-01 -1.16186E-01
    9037.146     40.544   3.600  8.98966E-01  9.94619E-01 -9.56528E-02
    9038.250     41.647   3.640  9.20377E-01  9.94004E-01 -7.36267E-02
    9039.365     42.763   3.680  9.43298E-01  9.93417E-01 -5.01193E-02
    9040.493     43.891   3.720  9.67462E-01  9.92901E-01 -2.54398E-02
    9041.633     45.030   3.760  9.92130E-01  9.92459E-01 -3.28319E-04
    9042.785     46.183   3.800  1.01589E+00  9.92088E-01  2.38015E-02
    9043.949     47.347   3.840  1.03722E+00  9.91769E-01  4.54496E-02
    9045.126     48.523   3.880  1.05544E+00  9.91499E-01  6.39418E-02
    9046.315     49.712   3.920  1.07108E+00  9.91300E-01  7.97781E-02
    9047.516     50.913   3.960  1.08551E+00  9.91176E-01  9.43341E-02
    9048.729     52.126   4.000  1.10024E+00  9.91123E-01  1.09113E-01
    9049.954     53.351   4.040  1.11573E+00  9.91097E-01  1.24637E-01
    9051.192     54.589   4.080  1.13103E+00  9.91162E-01  1.39867E-01
    9052.441     55.839   4.120  1.14380E+00  9.91254E-01  1.52542E-01
    9053.703     57.100   4.160  1.15171E+00  9.91413E-01  1.60300E-01
    9054.977     58.375   4.200  1.15309E+00  9.91639E-01  1.61453E-01
    9056.263     59.661   4.240  1.14743E+00  9.91889E-01  1.55540E-01
    9057.562     60.959   4.280  1.13558E+00  9.92203E-01  1.43372E-01
    9058.872     62.270   4.320  1.11911E+00  9.92559E-01  1.26552E-01
    9060.195     63.593   4.360  1.09999E+00  9.92955E-01  1.07038E-01
    9061.530     64.928   4.400  1.08010E+00  9.93390E-01  8.67065E-02
    9062.877     66.275   4.440  1.06077E+00  9.93840E-01  6.69268E-02
    9064.237     67.634   4.480  1.04260E+00  9.94346E-01  4.82535E-02
    9065.608     69.006   4.520  1.02560E+00  9.94865E-01  3.07335E-02
    9066.992     70.390   4.560  1.00988E+00  9.95417E-01  1.44615E-02
    9068.388     71.786   4.600  9.95881E-01  9.95977E-01 -9.67475E-05
    9069.796     73.194   4.640  9.84261E-01  9.96566E-01 -1.23049E-02
    9071.217     74.614   4.680  9.75338E-01  9.97160E-01 -2.18221E-02
    9072.649     76.047   4.720  9.69011E-01  9.97756E-01 -2.87457E-02
    9074.094     77.492   4.760  9.65043E-01  9.98354E-01 -3.33112E-02
    9075.551     78.948   4.800  9.63314E-01  9.98974E-01 -3.56603E-02
    9077.020     80.418   4.840  9.63661E-01  9.99570E-01 -3.59090E-02
    9078.501     81.899   4.880  9.65886E-01  1.00016E+00 -3.42754E-02
    9079.995     83.392   4.920  9.69534E-01  1.00075E+00 -3.12153E-02
    9081.501     84.898   4.960  9.73922E-01  1.00133E+00 -2.74090E-02
    9083.019     86.416   5.000  9.78201E-01  1.00188E+00 -2.36794E-02
    9084.549     87.946   5.040  9.81590E-01  1.00240E+00 -2.08089E-02
    9086.091     89.488   5.080  9.83658E-01  1.00293E+00 -1.92691E-02
    9087.645     91.043   5.120  9.84342E-01  1.00340E+00 -1.90576E-02
    9089.212     92.610   5.160  9.84204E-01  1.00386E+00 -1.96540E-02
    9090.791     94.188   5.200  9.84132E-01  1.00428E+00 -2.01473E-02
    9092.382     95.779   5.240  9.84932E-01  1.00466E+00 -1.97299E-02
    9093.985     97.383   5.280  9.86952E-01  1.00501E+00 -1.80538E-02
    9095.601     98.998   5.320  9.90025E-01  1.00533E+00 -1.53084E-02
    9097.228    100.626   5.360  9.93695E-01  1.00560E+00 -1.19039E-02
    9098.868    102.266   5.400  9.97381E-01  1.00584E+00 -8.46221E-03
    9100.520    103.918   5.440  1.00017E+00  1.00602E+00 -5.85835E-03
    9102.184    105.582   5.480  1.00092E+00  1.00616E+00 -5.24510E-03
    9103.861    107.258   5.520  9.98637E-01  1.00626E+00 -7.61905E-03
    9105.549    108.947   5.560  9.93048E-01  1.00633E+00 -1.32824E-02
    9107.250    110.648   5.600  9.84597E-01  1.00632E+00 -2.17199E-02
    9108.963    112.360   5.640  9.73972E-01  1.00628E+00 -3.23115E-02
    9110.688    114.086   5.680  9.61326E-01  1.00621E+00 -4.48818E-02
    9112.426    115.823   5.720  9.46744E-01  1.00609E+00 -5.93469E-02
    9114.175    117.573   5.760  9.31135E-01  1.00591E+00 -7.47716E-02
    9115.937    119.334   5.800  9.16680E-01  1.00568E+00 -8.90010E-02
    9117.711    121.108   5.840  9.06181E-01  1.00544E+00 -9.92580E-02
    9119.497    122.894   5.880  9.01799E-01  1.00514E+00 -1.03336E-01
    9121.295    124.693   5.920  9.04387E-01  1.00479E+00 -1.00405E-01
    9123.106    126.503   5.960  9.13655E-01  1.00441E+00 -9.07557E-02
    9124.928    128.326   6.000  9.29816E-01  1.00396E+00 -7.41445E-02
