# # comment:                                                     FEFF 9.9.1  
# # Source:
# # Structure
# # Reduced
# # space
# # abc:
# # angles:
# # sites:
# # POT  SCF 100  7.0000   0, screened core-hole, AFOLP (folp(0)= 1.150)
# # Abs   Z=29 Rmt= 1.208 Rnm= 1.446 K  shell
# # Pot 1 Z=29 Rmt= 1.208 Rnm= 1.446
# # Pot 2 Z=83 Rmt= 1.573 Rnm= 1.729
# # Pot 3 Z=34 Rmt= 1.490 Rnm= 1.678
# # Pot 4 Z= 8 Rmt= 0.983 Rnm= 1.208
# # Gam_ch=1.729E+00 H-L exch Vi= 0.000E+00 Vr= 0.000E+00
# # Mu=-5.535E+00eV kf=1.768E+00 Vint=-1.147E+01eV Rs_int= 2.051
# FMS rfms= 9.0000
# # PATH  Rmax=-1.000,  Keep_limit= 0.00, Heap_limit 0.00  Pwcrit= 2.50%
#  S02=0.950  Temp=   0.00  Debye_temp=   0.00  Global_sig2= 0.00000
#  Energy zero shift, vr, vi    0.00000E+00   0.00000E+00
#  Curved wave amplitude ratio filter   4.000%
#     file         sig2 tot  cw amp ratio   deg  nlegs   reff  inp sig2
#     0/   0 paths used
#  xsedge+ 50, used to normalize mu           2.3768E-04
#  -----------------------------------------------------------------------
#  omega    e    k    mu    mu0     chi     @#
    8983.505     -9.345  -1.000  5.94850E-02  6.58332E-02 -6.34819E-03
    8983.803     -9.046  -0.960  6.38463E-02  7.07811E-02 -6.93487E-03
    8984.090     -8.760  -0.920  6.87003E-02  7.62802E-02 -7.57996E-03
    8984.364     -8.486  -0.880  7.41216E-02  8.24103E-02 -8.28865E-03
    8984.626     -8.223  -0.840  8.01976E-02  8.92639E-02 -9.06629E-03
    8984.876     -7.974  -0.800  8.70300E-02  9.69483E-02 -9.91830E-03
    8985.114     -7.736  -0.760  9.47359E-02  1.05586E-01 -1.08500E-02
    8985.339     -7.510  -0.720  1.03448E-01  1.15315E-01 -1.18663E-02
    8985.553     -7.297  -0.680  1.13315E-01  1.26286E-01 -1.29715E-02
    8985.754     -7.096  -0.640  1.24491E-01  1.38660E-01 -1.41688E-02
    8985.943     -6.907  -0.600  1.37132E-01  1.52592E-01 -1.54596E-02
    8986.120     -6.730  -0.560  1.51371E-01  1.68214E-01 -1.68426E-02
    8986.284     -6.565  -0.520  1.67291E-01  1.85604E-01 -1.83130E-02
    8986.437     -6.413  -0.480  1.84882E-01  2.04743E-01 -1.98611E-02
    8986.577     -6.273  -0.440  2.03993E-01  2.25464E-01 -2.14710E-02
    8986.705     -6.145  -0.400  2.24291E-01  2.47411E-01 -2.31199E-02
    8986.821     -6.029  -0.360  2.45248E-01  2.70027E-01 -2.47790E-02
    8986.924     -5.925  -0.320  2.66173E-01  2.92587E-01 -2.64141E-02
    8987.016     -5.834  -0.280  2.86294E-01  3.14283E-01 -2.79887E-02
    8987.095     -5.755  -0.240  3.04869E-01  3.34335E-01 -2.94652E-02
    8987.162     -5.688  -0.200  3.21277E-01  3.52082E-01 -3.08054E-02
    8987.217     -5.633  -0.160  3.35067E-01  3.67036E-01 -3.19692E-02
    8987.260     -5.590  -0.120  3.45962E-01  3.78877E-01 -3.29150E-02
    8987.290     -5.559  -0.080  3.53812E-01  3.87419E-01 -3.36069E-02
    8987.315     -5.535   0.000  3.60128E-01  3.94290E-01 -3.41618E-02
    8987.369     -5.480   0.120  3.73932E-01  4.09804E-01 -3.58721E-02
    8987.412     -5.438   0.160  3.84698E-01  4.21894E-01 -3.71951E-02
    8987.467     -5.383   0.200  3.98391E-01  4.37379E-01 -3.89880E-02
    8987.534     -5.316   0.240  4.14734E-01  4.56052E-01 -4.13185E-02
    8987.613     -5.236   0.280  4.33348E-01  4.77642E-01 -4.42937E-02
    8987.705     -5.145   0.320  4.53593E-01  5.01632E-01 -4.80393E-02
    8987.808     -5.041   0.360  4.74693E-01  5.27383E-01 -5.26902E-02
    8987.924     -4.926   0.400  4.95934E-01  5.54290E-01 -5.83558E-02
    8988.052     -4.797   0.440  5.16609E-01  5.81673E-01 -6.50644E-02
    8988.192     -4.657   0.480  5.36337E-01  6.09067E-01 -7.27295E-02
    8988.345     -4.505   0.520  5.54988E-01  6.36123E-01 -8.11357E-02
    8988.509     -4.340   0.560  5.72634E-01  6.62646E-01 -9.00119E-02
    8988.686     -4.164   0.600  5.89458E-01  6.88578E-01 -9.91201E-02
    8988.875     -3.975   0.640  6.05532E-01  7.13894E-01 -1.08363E-01
    8989.076     -3.773   0.680  6.20717E-01  7.38627E-01 -1.17911E-01
    8989.290     -3.560   0.720  6.34468E-01  7.62803E-01 -1.28334E-01
    8989.515     -3.334   0.760  6.45818E-01  7.86482E-01 -1.40664E-01
    8989.753     -3.097   0.800  6.53575E-01  8.09628E-01 -1.56053E-01
    8990.003     -2.847   0.840  6.57473E-01  8.32254E-01 -1.74781E-01
    8990.265     -2.585   0.880  6.59077E-01  8.54331E-01 -1.95254E-01
    8990.539     -2.310   0.920  6.61750E-01  8.75821E-01 -2.14071E-01
    8990.826     -2.024   0.960  6.68957E-01  8.96668E-01 -2.27712E-01
    8991.125     -1.725   1.000  6.81752E-01  9.16831E-01 -2.35079E-01
    8991.435     -1.414   1.040  6.97046E-01  9.36219E-01 -2.39174E-01
    8991.759     -1.091   1.080  7.08871E-01  9.54755E-01 -2.45884E-01
    8992.094     -0.756   1.120  7.13393E-01  9.72404E-01 -2.59011E-01
    8992.441     -0.408   1.160  7.13400E-01  9.89108E-01 -2.75708E-01
    8992.801     -0.049   1.200  7.16821E-01  1.00477E+00 -2.87948E-01
    8993.173      0.323   1.240  7.31747E-01  1.01939E+00 -2.87647E-01
    8993.557      0.707   1.280  7.63928E-01  1.03291E+00 -2.68983E-01
    8993.953      1.103   1.320  8.16982E-01  1.04532E+00 -2.28334E-01
    8994.362      1.512   1.360  8.91233E-01  1.05657E+00 -1.65333E-01
    8994.782      1.932   1.400  9.82118E-01  1.06670E+00 -8.45851E-02
    8995.215      2.365   1.440  1.08077E+00  1.07567E+00  5.09752E-03
    8995.660      2.810   1.480  1.17593E+00  1.08356E+00  9.23736E-02
    8996.117      3.267   1.520  1.25711E+00  1.09032E+00  1.66794E-01
    8996.587      3.737   1.560  1.31985E+00  1.09605E+00  2.23799E-01
    8997.068      4.218   1.600  1.36094E+00  1.10075E+00  2.60190E-01
    8997.562      4.712   1.640  1.37219E+00  1.10448E+00  2.67702E-01
    8998.068      5.218   1.680  1.34884E+00  1.10730E+00  2.41537E-01
    8998.586      5.736   1.720  1.29928E+00  1.10926E+00  1.90027E-01
    8999.116      6.267   1.760  1.23966E+00  1.11039E+00  1.29263E-01
    8999.659      6.809   1.800  1.18525E+00  1.11080E+00  7.44596E-02
    9000.214      7.364   1.840  1.14594E+00  1.11053E+00  3.54132E-02
    9000.781      7.931   1.880  1.12493E+00  1.10960E+00  1.53212E-02
    9001.360      8.510   1.920  1.11936E+00  1.10814E+00  1.12241E-02
    9001.951      9.101   1.960  1.12167E+00  1.10616E+00  1.55057E-02
    9002.554      9.705   2.000  1.12269E+00  1.10374E+00  1.89434E-02
    9003.170     10.321   2.040  1.11500E+00  1.10094E+00  1.40600E-02
    9003.798     10.948   2.080  1.09599E+00  1.09779E+00 -1.79539E-03
    9004.438     11.588   2.120  1.06918E+00  1.09434E+00 -2.51549E-02
    9005.090     12.241   2.160  1.03888E+00  1.09065E+00 -5.17728E-02
    9005.755     12.905   2.200  1.01850E+00  1.08676E+00 -6.82624E-02
    9006.432     13.582   2.240  1.01547E+00  1.08271E+00 -6.72382E-02
    9007.120     14.271   2.280  1.02115E+00  1.07854E+00 -5.73885E-02
    9007.821     14.972   2.320  1.02778E+00  1.07427E+00 -4.64839E-02
    9008.535     15.685   2.360  1.03213E+00  1.06996E+00 -3.78289E-02
    9009.260     16.410   2.400  1.03412E+00  1.06562E+00 -3.15000E-02
    9009.998     17.148   2.440  1.03543E+00  1.06128E+00 -2.58483E-02
    9010.747     17.898   2.480  1.03786E+00  1.05698E+00 -1.91147E-02
    9011.509     18.660   2.520  1.04259E+00  1.05271E+00 -1.01188E-02
    9012.284     19.434   2.560  1.04961E+00  1.04852E+00  1.08515E-03
    9013.070     20.220   2.600  1.05758E+00  1.04444E+00  1.31373E-02
    9013.869     21.019   2.640  1.06498E+00  1.04043E+00  2.45550E-02
    9014.679     21.830   2.680  1.07067E+00  1.03656E+00  3.41151E-02
    9015.502     22.653   2.720  1.07380E+00  1.03282E+00  4.09830E-02
    9016.337     23.488   2.760  1.07349E+00  1.02920E+00  4.42880E-02
    9017.185     24.335   2.800  1.06903E+00  1.02575E+00  4.32787E-02
    9018.044     25.195   2.840  1.06050E+00  1.02247E+00  3.80351E-02
    9018.916     26.066   2.880  1.04874E+00  1.01933E+00  2.94102E-02
    9019.800     26.950   2.920  1.03494E+00  1.01638E+00  1.85655E-02
    9020.696     27.846   2.960  1.02044E+00  1.01362E+00  6.82379E-03
    9021.604     28.755   3.000  1.00664E+00  1.01101E+00 -4.37378E-03
    9022.525     29.675   3.040  9.95019E-01  1.00863E+00 -1.36087E-02
    9023.458     30.608   3.080  9.86669E-01  1.00641E+00 -1.97381E-02
    9024.402     31.553   3.120  9.82096E-01  1.00440E+00 -2.23004E-02
    9025.360     32.510   3.160  9.81198E-01  1.00257E+00 -2.13734E-02
    9026.329     33.479   3.200  9.83221E-01  1.00092E+00 -1.77041E-02
    9027.310     34.461   3.240  9.86883E-01  9.99469E-01 -1.25860E-02
    9028.304     35.454   3.280  9.90438E-01  9.98220E-01 -7.78195E-03
    9029.310     36.460   3.320  9.92385E-01  9.97148E-01 -4.76273E-03
    9030.328     37.478   3.360  9.92314E-01  9.96252E-01 -3.93723E-03
    9031.358     38.508   3.400  9.90922E-01  9.95553E-01 -4.63108E-03
    9032.400     39.551   3.440  9.89471E-01  9.95048E-01 -5.57753E-03
    9033.455     40.605   3.480  9.89217E-01  9.94694E-01 -5.47714E-03
    9034.522     41.672   3.520  9.91039E-01  9.94531E-01 -3.49200E-03
    9035.601     42.751   3.560  9.95098E-01  9.94514E-01  5.84522E-04
    9036.692     43.842   3.600  1.00097E+00  9.94684E-01  6.28636E-03
    9037.795     44.946   3.640  1.00778E+00  9.94996E-01  1.27835E-02
    9038.911     46.061   3.680  1.01460E+00  9.95468E-01  1.91317E-02
    9040.039     47.189   3.720  1.02084E+00  9.96098E-01  2.47376E-02
    9041.179     48.329   3.760  1.02630E+00  9.96861E-01  2.94401E-02
    9042.331     49.481   3.800  1.03116E+00  9.97753E-01  3.34036E-02
    9043.495     50.645   3.840  1.03564E+00  9.98772E-01  3.68648E-02
    9044.672     51.822   3.880  1.03981E+00  9.99913E-01  3.99000E-02
    9045.860     53.011   3.920  1.04342E+00  1.00118E+00  4.22429E-02
    9047.061     54.212   3.960  1.04576E+00  1.00255E+00  4.32102E-02
    9048.274     55.425   4.000  1.04594E+00  1.00400E+00  4.19388E-02
    9049.500     56.650   4.040  1.04332E+00  1.00555E+00  3.77730E-02
    9050.737     57.887   4.080  1.03762E+00  1.00718E+00  3.04344E-02
    9051.987     59.137   4.120  1.02890E+00  1.00887E+00  2.00320E-02
    9053.249     60.399   4.160  1.01763E+00  1.01063E+00  6.99889E-03
    9054.523     61.673   4.200  1.00462E+00  1.01244E+00 -7.81946E-03
    9055.809     62.959   4.240  9.91044E-01  1.01429E+00 -2.32483E-02
    9057.107     64.258   4.280  9.78315E-01  1.01620E+00 -3.78894E-02
    9058.418     65.568   4.320  9.67701E-01  1.01811E+00 -5.04054E-02
    9059.741     66.891   4.360  9.60300E-01  1.02004E+00 -5.97374E-02
    9061.076     68.226   4.400  9.56723E-01  1.02199E+00 -6.52708E-02
    9062.423     69.573   4.440  9.57026E-01  1.02393E+00 -6.69012E-02
    9063.782     70.933   4.480  9.60883E-01  1.02586E+00 -6.49724E-02
    9065.154     72.304   4.520  9.67694E-01  1.02777E+00 -6.00797E-02
    9066.538     73.688   4.560  9.76889E-01  1.02966E+00 -5.27668E-02
    9067.934     75.084   4.600  9.88174E-01  1.03150E+00 -4.33237E-02
    9069.342     76.492   4.640  1.00143E+00  1.03329E+00 -3.18681E-02
    9070.762     77.913   4.680  1.01639E+00  1.03504E+00 -1.86555E-02
    9072.195     79.345   4.720  1.03244E+00  1.03672E+00 -4.27349E-03
    9073.640     80.790   4.760  1.04875E+00  1.03833E+00  1.04136E-02
    9075.097     82.247   4.800  1.06427E+00  1.03985E+00  2.44185E-02
    9076.566     83.716   4.840  1.07805E+00  1.04130E+00  3.67470E-02
    9078.047     85.197   4.880  1.08914E+00  1.04267E+00  4.64683E-02
    9079.541     86.691   4.920  1.09676E+00  1.04395E+00  5.28146E-02
    9081.046     88.197   4.960  1.10034E+00  1.04511E+00  5.52291E-02
    9082.564     89.714   5.000  1.09953E+00  1.04618E+00  5.33446E-02
    9084.094     91.245   5.040  1.09413E+00  1.04714E+00  4.69910E-02
    9085.637     92.787   5.080  1.08451E+00  1.04799E+00  3.65180E-02
    9087.191     94.341   5.120  1.07183E+00  1.04873E+00  2.31015E-02
    9088.758     95.908   5.160  1.05791E+00  1.04934E+00  8.56876E-03
    9090.337     97.487   5.200  1.04465E+00  1.04983E+00 -5.17560E-03
    9091.928     99.078   5.240  1.03370E+00  1.05022E+00 -1.65163E-02
    9093.531    100.681   5.280  1.02634E+00  1.05048E+00 -2.41441E-02
    9095.146    102.297   5.320  1.02352E+00  1.05063E+00 -2.71094E-02
    9096.774    103.924   5.360  1.02545E+00  1.05065E+00 -2.52003E-02
    9098.414    105.564   5.400  1.03133E+00  1.05058E+00 -1.92474E-02
    9100.066    107.216   5.440  1.03949E+00  1.05038E+00 -1.08950E-02
    9101.730    108.880   5.480  1.04833E+00  1.05007E+00 -1.74315E-03
    9103.406    110.557   5.520  1.05725E+00  1.04966E+00  7.58229E-03
    9105.095    112.245   5.560  1.06662E+00  1.04917E+00  1.74505E-02
    9106.796    113.946   5.600  1.07651E+00  1.04856E+00  2.79565E-02
    9108.509    115.659   5.640  1.08536E+00  1.04786E+00  3.75052E-02
    9110.234    117.384   5.680  1.09032E+00  1.04708E+00  4.32460E-02
    9111.971    119.121   5.720  1.08923E+00  1.04621E+00  4.30171E-02
    9113.721    120.871   5.760  1.08204E+00  1.04527E+00  3.67719E-02
    9115.482    122.633   5.800  1.07026E+00  1.04425E+00  2.60126E-02
    9117.256    124.407   5.840  1.05569E+00  1.04319E+00  1.25005E-02
    9119.042    126.193   5.880  1.03985E+00  1.04208E+00 -2.23026E-03
    9120.841    127.991   5.920  1.02410E+00  1.04092E+00 -1.68247E-02
    9122.651    129.802   5.960  1.00956E+00  1.03973E+00 -3.01718E-02
    9124.474    131.624   6.000  9.96996E-01  1.03850E+00 -4.15002E-02
