# # comment:                                                     FEFF 9.9.1  
# # Source:
# # Structure
# # Reduced
# # space
# # abc:
# # angles:114.407009
# # sites:
# # POT  SCF 100  7.0000   0, screened core-hole, AFOLP (folp(0)= 1.150)
# # Abs   Z=29 Rmt= 1.225 Rnm= 1.302 K  shell
# # Pot 1 Z=56 Rmt= 1.949 Rnm= 2.004
# # Pot 2 Z=62 Rmt= 1.677 Rnm= 1.749
# # Pot 3 Z=29 Rmt= 1.225 Rnm= 1.302
# # Pot 4 Z= 8 Rmt= 1.056 Rnm= 1.109
# # Gam_ch=1.729E+00 H-L exch Vi= 0.000E+00 Vr= 0.000E+00
# # Mu=-8.134E+00eV kf=1.996E+00 Vint=-1.735E+01eV Rs_int= 1.817
# FMS rfms= 9.0000
# # PATH  Rmax=-1.000,  Keep_limit= 0.00, Heap_limit 0.00  Pwcrit= 2.50%
#  S02=0.950  Temp=   0.00  Debye_temp=   0.00  Global_sig2= 0.00000
#  Energy zero shift, vr, vi    0.00000E+00   0.00000E+00
#  Curved wave amplitude ratio filter   4.000%
#     file         sig2 tot  cw amp ratio   deg  nlegs   reff  inp sig2
#     0/   0 paths used
#  xsedge+ 50, used to normalize mu           2.4379E-04
#  -----------------------------------------------------------------------
#  omega    e    k    mu    mu0     chi     @#
    8985.045    -11.944  -1.000  4.29328E-02  5.86259E-02 -1.56931E-02
    8985.343    -11.645  -0.960  4.53934E-02  6.30110E-02 -1.76176E-02
    8985.630    -11.359  -0.920  4.80715E-02  6.78934E-02 -1.98219E-02
    8985.904    -11.084  -0.880  5.09956E-02  7.33471E-02 -2.23514E-02
    8986.166    -10.822  -0.840  5.41990E-02  7.94582E-02 -2.52592E-02
    8986.416    -10.572  -0.800  5.77198E-02  8.63266E-02 -2.86068E-02
    8986.654    -10.334  -0.760  6.16019E-02  9.40671E-02 -3.24653E-02
    8986.880    -10.109  -0.720  6.58945E-02  1.02809E-01 -3.69148E-02
    8987.093     -9.896  -0.680  7.06520E-02  1.12696E-01 -4.20443E-02
    8987.294     -9.694  -0.640  7.59313E-02  1.23879E-01 -4.79477E-02
    8987.483     -9.505  -0.600  8.17882E-02  1.36506E-01 -5.47178E-02
    8987.660     -9.329  -0.560  8.82697E-02  1.50704E-01 -6.24345E-02
    8987.825     -9.164  -0.520  9.54033E-02  1.66550E-01 -7.11464E-02
    8987.977     -9.012  -0.480  1.03181E-01  1.84027E-01 -8.08458E-02
    8988.117     -8.871  -0.440  1.11543E-01  2.02983E-01 -9.14396E-02
    8988.245     -8.743  -0.400  1.20358E-01  2.23084E-01 -1.02726E-01
    8988.361     -8.628  -0.360  1.29422E-01  2.43810E-01 -1.14387E-01
    8988.465     -8.524  -0.320  1.38464E-01  2.64481E-01 -1.26016E-01
    8988.556     -8.433  -0.280  1.47177E-01  2.84344E-01 -1.37167E-01
    8988.635     -8.353  -0.240  1.55254E-01  3.02676E-01 -1.47421E-01
    8988.702     -8.286  -0.200  1.62431E-01  3.18872E-01 -1.56441E-01
    8988.757     -8.231  -0.160  1.68501E-01  3.32491E-01 -1.63989E-01
    8988.800     -8.189  -0.120  1.73327E-01  3.43252E-01 -1.69925E-01
    8988.830     -8.158  -0.080  1.76824E-01  3.51002E-01 -1.74179E-01
    8988.855     -8.134   0.000  1.79658E-01  3.57226E-01 -1.77568E-01
    8988.910     -8.079   0.120  1.85959E-01  3.71271E-01 -1.85312E-01
    8988.952     -8.036   0.160  1.90817E-01  3.82153E-01 -1.91336E-01
    8989.007     -7.981   0.200  1.97053E-01  3.96061E-01 -1.99008E-01
    8989.074     -7.914   0.240  2.04505E-01  4.12758E-01 -2.08254E-01
    8989.153     -7.835   0.280  2.13024E-01  4.31918E-01 -2.18894E-01
    8989.245     -7.744   0.320  2.22280E-01  4.53017E-01 -2.30737E-01
    8989.349     -7.640   0.360  2.31891E-01  4.75432E-01 -2.43541E-01
    8989.464     -7.524   0.400  2.41385E-01  4.98478E-01 -2.57092E-01
    8989.592     -7.396   0.440  2.50388E-01  5.21550E-01 -2.71162E-01
    8989.733     -7.256   0.480  2.58674E-01  5.44139E-01 -2.85464E-01
    8989.885     -7.104   0.520  2.66465E-01  5.65965E-01 -2.99501E-01
    8990.050     -6.939   0.560  2.74208E-01  5.86870E-01 -3.12661E-01
    8990.226     -6.762   0.600  2.82571E-01  6.06795E-01 -3.24224E-01
    8990.415     -6.573   0.640  2.92301E-01  6.25826E-01 -3.33524E-01
    8990.616     -6.372   0.680  3.04069E-01  6.44007E-01 -3.39938E-01
    8990.830     -6.159   0.720  3.18827E-01  6.61483E-01 -3.42655E-01
    8991.055     -5.933   0.760  3.37822E-01  6.78332E-01 -3.40511E-01
    8991.293     -5.695   0.800  3.62229E-01  6.94626E-01 -3.32397E-01
    8991.543     -5.446   0.840  3.92090E-01  7.10481E-01 -3.18391E-01
    8991.805     -5.183   0.880  4.24590E-01  7.25935E-01 -3.01345E-01
    8992.079     -4.909   0.920  4.53544E-01  7.41014E-01 -2.87470E-01
    8992.366     -4.623   0.960  4.72162E-01  7.55750E-01 -2.83588E-01
    8992.665     -4.324   1.000  4.78534E-01  7.70181E-01 -2.91647E-01
    8992.976     -4.013   1.040  4.77497E-01  7.84298E-01 -3.06801E-01
    8993.299     -3.690   1.080  4.76400E-01  7.98104E-01 -3.21703E-01
    8993.634     -3.355   1.120  4.80426E-01  8.11589E-01 -3.31163E-01
    8993.981     -3.007   1.160  4.91533E-01  8.24727E-01 -3.33193E-01
    8994.341     -2.647   1.200  5.10096E-01  8.37521E-01 -3.27425E-01
    8994.713     -2.276   1.240  5.36510E-01  8.49954E-01 -3.13444E-01
    8995.097     -1.892   1.280  5.70482E-01  8.62006E-01 -2.91524E-01
    8995.493     -1.495   1.320  6.11809E-01  8.73635E-01 -2.61826E-01
    8995.902     -1.087   1.360  6.63319E-01  8.84839E-01 -2.21521E-01
    8996.322     -0.666   1.400  7.31455E-01  8.95615E-01 -1.64161E-01
    8996.755     -0.233   1.440  8.24189E-01  9.05940E-01 -8.17518E-02
    8997.200      0.212   1.480  9.41014E-01  9.15770E-01  2.52439E-02
    8997.657      0.669   1.520  1.06903E+00  9.25124E-01  1.43905E-01
    8998.127      1.138   1.560  1.18574E+00  9.34001E-01  2.51734E-01
    8998.608      1.620   1.600  1.25524E+00  9.42361E-01  3.12882E-01
    8999.102      2.113   1.640  1.27640E+00  9.50223E-01  3.26174E-01
    8999.608      2.619   1.680  1.31896E+00  9.57590E-01  3.61366E-01
    9000.126      3.138   1.720  1.43463E+00  9.64443E-01  4.70186E-01
    9000.657      3.668   1.760  1.58830E+00  9.70808E-01  6.17488E-01
    9001.199      4.211   1.800  1.66719E+00  9.76690E-01  6.90503E-01
    9001.754      4.765   1.840  1.60613E+00  9.82073E-01  6.24055E-01
    9002.321      5.332   1.880  1.47507E+00  9.87004E-01  4.88066E-01
    9002.900      5.911   1.920  1.35417E+00  9.91451E-01  3.62722E-01
    9003.491      6.503   1.960  1.26043E+00  9.95484E-01  2.64945E-01
    9004.095      7.106   2.000  1.18624E+00  9.99070E-01  1.87174E-01
    9004.710      7.722   2.040  1.13671E+00  1.00226E+00  1.34455E-01
    9005.338      8.350   2.080  1.12089E+00  1.00504E+00  1.15849E-01
    9005.978      8.990   2.120  1.12698E+00  1.00747E+00  1.19514E-01
    9006.631      9.642   2.160  1.11984E+00  1.00955E+00  1.10298E-01
    9007.295     10.306   2.200  1.07484E+00  1.01127E+00  6.35675E-02
    9007.972     10.983   2.240  1.01234E+00  1.01269E+00 -3.52226E-04
    9008.661     11.672   2.280  9.65779E-01  1.01384E+00 -4.80613E-02
    9009.362     12.373   2.320  9.49296E-01  1.01471E+00 -6.54094E-02
    9010.075     13.086   2.360  9.59322E-01  1.01532E+00 -5.59961E-02
    9010.800     13.812   2.400  9.88838E-01  1.01569E+00 -2.68503E-02
    9011.538     14.549   2.440  1.03263E+00  1.01587E+00  1.67566E-02
    9012.288     15.299   2.480  1.06944E+00  1.01585E+00  5.35862E-02
    9013.050     16.061   2.520  1.09400E+00  1.01566E+00  7.83450E-02
    9013.824     16.835   2.560  1.10385E+00  1.01531E+00  8.85481E-02
    9014.610     17.622   2.600  1.09983E+00  1.01484E+00  8.49866E-02
    9015.409     18.420   2.640  1.08545E+00  1.01423E+00  7.12194E-02
    9016.220     19.231   2.680  1.06523E+00  1.01353E+00  5.16962E-02
    9017.043     20.054   2.720  1.04314E+00  1.01274E+00  3.03962E-02
    9017.878     20.889   2.760  1.02163E+00  1.01187E+00  9.75574E-03
    9018.725     21.736   2.800  1.00115E+00  1.01095E+00 -9.80240E-03
    9019.585     22.596   2.840  9.80930E-01  1.00998E+00 -2.90505E-02
    9020.456     23.468   2.880  9.59953E-01  1.00897E+00 -4.90209E-02
    9021.340     24.352   2.920  9.37679E-01  1.00795E+00 -7.02740E-02
    9022.236     25.248   2.960  9.14934E-01  1.00690E+00 -9.19700E-02
    9023.145     26.156   3.000  8.93636E-01  1.00585E+00 -1.12216E-01
    9024.065     27.077   3.040  8.75784E-01  1.00482E+00 -1.29039E-01
    9024.998     28.009   3.080  8.62645E-01  1.00380E+00 -1.41155E-01
    9025.943     28.954   3.120  8.54922E-01  1.00281E+00 -1.47884E-01
    9026.900     29.911   3.160  8.51997E-01  1.00183E+00 -1.49829E-01
    9027.869     30.880   3.200  8.52879E-01  1.00088E+00 -1.48003E-01
    9028.850     31.862   3.240  8.56503E-01  1.00000E+00 -1.43498E-01
    9029.844     32.855   3.280  8.61785E-01  9.99142E-01 -1.37357E-01
    9030.850     33.861   3.320  8.68171E-01  9.98347E-01 -1.30176E-01
    9031.868     34.879   3.360  8.75762E-01  9.97600E-01 -1.21838E-01
    9032.898     35.910   3.400  8.85462E-01  9.96923E-01 -1.11461E-01
    9033.941     36.952   3.440  8.97902E-01  9.96318E-01 -9.84156E-02
    9034.995     38.007   3.480  9.13353E-01  9.95743E-01 -8.23904E-02
    9036.062     39.073   3.520  9.31511E-01  9.95262E-01 -6.37506E-02
    9037.141     40.152   3.560  9.51378E-01  9.94834E-01 -4.34557E-02
    9038.232     41.244   3.600  9.71767E-01  9.94482E-01 -2.27144E-02
    9039.335     42.347   3.640  9.91522E-01  9.94206E-01 -2.68441E-03
    9040.451     43.462   3.680  1.00970E+00  9.94006E-01  1.56972E-02
    9041.579     44.590   3.720  1.02544E+00  9.93859E-01  3.15778E-02
    9042.719     45.730   3.760  1.03807E+00  9.93786E-01  4.42800E-02
    9043.871     46.882   3.800  1.04710E+00  9.93788E-01  5.33162E-02
    9045.035     48.047   3.840  1.05218E+00  9.93842E-01  5.83355E-02
    9046.212     49.223   3.880  1.05353E+00  9.93968E-01  5.95621E-02
    9047.400     50.412   3.920  1.05181E+00  9.94144E-01  5.76705E-02
    9048.601     51.613   3.960  1.04804E+00  9.94394E-01  5.36425E-02
    9049.814     52.826   4.000  1.04332E+00  9.94714E-01  4.86042E-02
    9051.040     54.051   4.040  1.03866E+00  9.95083E-01  4.35789E-02
    9052.277     55.289   4.080  1.03469E+00  9.95496E-01  3.91913E-02
    9053.527     56.538   4.120  1.03144E+00  9.95954E-01  3.54812E-02
    9054.789     57.800   4.160  1.02870E+00  9.96477E-01  3.22254E-02
    9056.063     59.074   4.200  1.02627E+00  9.97043E-01  2.92286E-02
    9057.349     60.361   4.240  1.02439E+00  9.97649E-01  2.67368E-02
    9058.648     61.659   4.280  1.02373E+00  9.98270E-01  2.54635E-02
    9059.958     62.970   4.320  1.02507E+00  9.98949E-01  2.61177E-02
    9061.281     64.292   4.360  1.02854E+00  9.99642E-01  2.88950E-02
    9062.616     65.627   4.400  1.03387E+00  1.00037E+00  3.35019E-02
    9063.963     66.975   4.440  1.04069E+00  1.00110E+00  3.95919E-02
    9065.323     68.334   4.480  1.04876E+00  1.00186E+00  4.69000E-02
    9066.694     69.706   4.520  1.05778E+00  1.00263E+00  5.51527E-02
    9068.078     71.089   4.560  1.06716E+00  1.00340E+00  6.37667E-02
    9069.474     72.485   4.600  1.07575E+00  1.00417E+00  7.15806E-02
    9070.882     73.894   4.640  1.08189E+00  1.00496E+00  7.69300E-02
    9072.303     75.314   4.680  1.08391E+00  1.00573E+00  7.81761E-02
    9073.735     76.747   4.720  1.08083E+00  1.00649E+00  7.43413E-02
    9075.180     78.191   4.760  1.07265E+00  1.00725E+00  6.54042E-02
    9076.637     79.648   4.800  1.06024E+00  1.00797E+00  5.22696E-02
    9078.106     81.117   4.840  1.04515E+00  1.00869E+00  3.64629E-02
    9079.587     82.599   4.880  1.02913E+00  1.00937E+00  1.97598E-02
    9081.081     84.092   4.920  1.01376E+00  1.01003E+00  3.72156E-03
    9082.586     85.598   4.960  9.99989E-01  1.01064E+00 -1.06534E-02
    9084.104     87.116   5.000  9.88356E-01  1.01123E+00 -2.28762E-02
    9085.634     88.646   5.040  9.79029E-01  1.01179E+00 -3.27563E-02
    9087.177     90.188   5.080  9.72037E-01  1.01232E+00 -4.02842E-02
    9088.731     91.743   5.120  9.67151E-01  1.01279E+00 -4.56416E-02
    9090.298     93.309   5.160  9.63949E-01  1.01322E+00 -4.92688E-02
    9091.877     94.888   5.200  9.61883E-01  1.01360E+00 -5.17154E-02
    9093.468     96.479   5.240  9.60416E-01  1.01391E+00 -5.34960E-02
    9095.071     98.082   5.280  9.59351E-01  1.01420E+00 -5.48511E-02
    9096.686     99.698   5.320  9.58815E-01  1.01443E+00 -5.56107E-02
    9098.314    101.325   5.360  9.59191E-01  1.01460E+00 -5.54105E-02
    9099.954    102.965   5.400  9.60883E-01  1.01473E+00 -5.38464E-02
    9101.606    104.617   5.440  9.63976E-01  1.01479E+00 -5.08131E-02
    9103.270    106.282   5.480  9.68131E-01  1.01480E+00 -4.66716E-02
    9104.946    107.958   5.520  9.72666E-01  1.01477E+00 -4.21045E-02
    9106.635    109.646   5.560  9.76781E-01  1.01469E+00 -3.79099E-02
    9108.336    111.347   5.600  9.79748E-01  1.01454E+00 -3.47940E-02
    9110.049    113.060   5.640  9.81340E-01  1.01435E+00 -3.30054E-02
    9111.774    114.785   5.680  9.81883E-01  1.01408E+00 -3.21994E-02
    9113.511    116.523   5.720  9.82036E-01  1.01380E+00 -3.17621E-02
    9115.261    118.272   5.760  9.82268E-01  1.01345E+00 -3.11819E-02
    9117.023    120.034   5.800  9.82954E-01  1.01308E+00 -3.01295E-02
    9118.797    121.808   5.840  9.84496E-01  1.01265E+00 -2.81574E-02
    9120.583    123.594   5.880  9.87550E-01  1.01219E+00 -2.46351E-02
    9122.381    125.392   5.920  9.92538E-01  1.01168E+00 -1.91425E-02
    9124.191    127.203   5.960  9.99289E-01  1.01114E+00 -1.18533E-02
    9126.014    129.026   6.000  1.00721E+00  1.01057E+00 -3.36097E-03
