# # comment:                                                     FEFF 9.9.1  
# # Source:
# # Structure
# # Reduced
# # space
# # abc:
# # angles:
# # sites:
# # POT  SCF 100  7.0000   0, screened core-hole, AFOLP (folp(0)= 1.150)
# # Abs   Z=29 Rmt= 1.168 Rnm= 1.278 K  shell
# # Pot 1 Z=56 Rmt= 1.940 Rnm= 1.995
# # Pot 2 Z=68 Rmt= 1.618 Rnm= 1.693
# # Pot 3 Z=29 Rmt= 1.138 Rnm= 1.286
# # Pot 4 Z= 8 Rmt= 1.068 Rnm= 1.120
# # Gam_ch=1.729E+00 H-L exch Vi= 0.000E+00 Vr= 0.000E+00
# # Mu=-8.770E+00eV kf=2.044E+00 Vint=-1.738E+01eV Rs_int= 1.774
# FMS rfms= 9.0000
# # PATH  Rmax=-1.000,  Keep_limit= 0.00, Heap_limit 0.00  Pwcrit= 2.50%
#  S02=0.950  Temp=   0.00  Debye_temp=   0.00  Global_sig2= 0.00000
#  Energy zero shift, vr, vi    0.00000E+00   0.00000E+00
#  Curved wave amplitude ratio filter   4.000%
#     file         sig2 tot  cw amp ratio   deg  nlegs   reff  inp sig2
#     0/   0 paths used
#  xsedge+ 50, used to normalize mu           2.4378E-04
#  -----------------------------------------------------------------------
#  omega    e    k    mu    mu0     chi     @#
    8985.164    -12.580  -1.000  3.82293E-02  5.71806E-02 -1.89512E-02
    8985.463    -12.281  -0.960  4.03627E-02  6.13877E-02 -2.10250E-02
    8985.750    -11.995  -0.920  4.27001E-02  6.60652E-02 -2.33651E-02
    8986.024    -11.721  -0.880  4.52733E-02  7.12822E-02 -2.60089E-02
    8986.286    -11.458  -0.840  4.81205E-02  7.71195E-02 -2.89990E-02
    8986.536    -11.209  -0.800  5.12870E-02  8.36705E-02 -3.23835E-02
    8986.774    -10.971  -0.760  5.48265E-02  9.10423E-02 -3.62158E-02
    8986.999    -10.745  -0.720  5.88011E-02  9.93560E-02 -4.05549E-02
    8987.213    -10.532  -0.680  6.32815E-02  1.08745E-01 -4.54634E-02
    8987.414    -10.331  -0.640  6.83441E-02  1.19350E-01 -5.10056E-02
    8987.603    -10.142  -0.600  7.40662E-02  1.31309E-01 -5.72424E-02
    8987.780     -9.965  -0.560  8.05156E-02  1.44740E-01 -6.42240E-02
    8987.944     -9.800  -0.520  8.77345E-02  1.59713E-01 -7.19782E-02
    8988.097     -9.648  -0.480  9.57167E-02  1.76212E-01 -8.04957E-02
    8988.237     -9.508  -0.440  1.04381E-01  1.94094E-01 -8.97125E-02
    8988.365     -9.380  -0.400  1.13551E-01  2.13046E-01 -9.94945E-02
    8988.481     -9.264  -0.360  1.22949E-01  2.32579E-01 -1.09630E-01
    8988.584     -9.160  -0.320  1.32221E-01  2.52058E-01 -1.19837E-01
    8988.676     -9.069  -0.280  1.40989E-01  2.70777E-01 -1.29788E-01
    8988.755     -8.990  -0.240  1.48914E-01  2.88057E-01 -1.39143E-01
    8988.822     -8.923  -0.200  1.55747E-01  3.03329E-01 -1.47582E-01
    8988.877     -8.868  -0.160  1.61344E-01  3.16177E-01 -1.54833E-01
    8988.920     -8.825  -0.120  1.65654E-01  3.26333E-01 -1.60679E-01
    8988.950     -8.795  -0.080  1.68687E-01  3.33650E-01 -1.64963E-01
    8988.974     -8.770   0.000  1.71058E-01  3.39528E-01 -1.68470E-01
    8989.029     -8.715   0.120  1.76244E-01  3.52794E-01 -1.76550E-01
    8989.072     -8.673   0.160  1.80108E-01  3.63082E-01 -1.82974E-01
    8989.127     -8.618   0.200  1.84837E-01  3.76241E-01 -1.91404E-01
    8989.194     -8.551   0.240  1.90132E-01  3.92073E-01 -2.01940E-01
    8989.273     -8.471   0.280  1.95614E-01  4.10264E-01 -2.14650E-01
    8989.365     -8.380   0.320  2.00761E-01  4.30335E-01 -2.29574E-01
    8989.468     -8.276   0.360  2.05072E-01  4.51716E-01 -2.46644E-01
    8989.584     -8.161   0.400  2.08057E-01  4.73798E-01 -2.65740E-01
    8989.712     -8.033   0.440  2.09432E-01  4.96004E-01 -2.86572E-01
    8989.852     -7.892   0.480  2.09230E-01  5.17885E-01 -3.08654E-01
    8990.005     -7.740   0.520  2.07941E-01  5.39185E-01 -3.31244E-01
    8990.169     -7.575   0.560  2.06260E-01  5.59716E-01 -3.53456E-01
    8990.346     -7.399   0.600  2.05076E-01  5.79483E-01 -3.74407E-01
    8990.535     -7.210   0.640  2.05134E-01  5.98525E-01 -3.93391E-01
    8990.736     -7.008   0.680  2.06944E-01  6.16897E-01 -4.09954E-01
    8990.950     -6.795   0.720  2.10852E-01  6.34712E-01 -4.23860E-01
    8991.175     -6.570   0.760  2.17023E-01  6.52059E-01 -4.35036E-01
    8991.413     -6.332   0.800  2.25620E-01  6.68995E-01 -4.43375E-01
    8991.663     -6.082   0.840  2.37018E-01  6.85608E-01 -4.48590E-01
    8991.925     -5.820   0.880  2.51892E-01  7.01927E-01 -4.50035E-01
    8992.199     -5.545   0.920  2.71270E-01  7.18008E-01 -4.46738E-01
    8992.486     -5.259   0.960  2.96205E-01  7.33834E-01 -4.37629E-01
    8992.784     -4.960   1.000  3.27374E-01  7.49417E-01 -4.22043E-01
    8993.095     -4.649   1.040  3.64333E-01  7.64779E-01 -4.00446E-01
    8993.418     -4.326   1.080  4.05630E-01  7.79895E-01 -3.74266E-01
    8993.754     -3.991   1.120  4.50807E-01  7.94734E-01 -3.43927E-01
    8994.101     -3.643   1.160  5.01611E-01  8.09298E-01 -3.07688E-01
    8994.461     -3.284   1.200  5.56860E-01  8.23547E-01 -2.66687E-01
    8994.833     -2.912   1.240  6.03117E-01  8.37457E-01 -2.34340E-01
    8995.217     -2.528   1.280  6.24368E-01  8.51002E-01 -2.26634E-01
    8995.613     -2.132   1.320  6.25953E-01  8.64134E-01 -2.38180E-01
    8996.021     -1.723   1.360  6.26351E-01  8.76866E-01 -2.50515E-01
    8996.442     -1.303   1.400  6.39090E-01  8.89131E-01 -2.50040E-01
    8996.875     -0.870   1.440  6.72741E-01  9.00940E-01 -2.28199E-01
    8997.320     -0.425   1.480  7.25588E-01  9.12227E-01 -1.86639E-01
    8997.777      0.032   1.520  7.71492E-01  9.23025E-01 -1.51533E-01
    8998.246      0.502   1.560  7.69234E-01  9.33268E-01 -1.64034E-01
    8998.728      0.983   1.600  7.34875E-01  9.42992E-01 -2.08116E-01
    8999.222      1.477   1.640  7.25079E-01  9.52154E-01 -2.27075E-01
    8999.728      1.983   1.680  7.68692E-01  9.60735E-01 -1.92043E-01
    9000.246      2.501   1.720  8.74398E-01  9.68773E-01 -9.43752E-02
    9000.776      3.032   1.760  1.03735E+00  9.76250E-01  6.11043E-02
    9001.319      3.574   1.800  1.24166E+00  9.83170E-01  2.58491E-01
    9001.874      4.129   1.840  1.43996E+00  9.89537E-01  4.50425E-01
    9002.440      4.696   1.880  1.56954E+00  9.95356E-01  5.74185E-01
    9003.020      5.275   1.920  1.60267E+00  1.00063E+00  6.02038E-01
    9003.611      5.866   1.960  1.54201E+00  1.00540E+00  5.36610E-01
    9004.214      6.470   2.000  1.43260E+00  1.00968E+00  4.22920E-01
    9004.830      7.085   2.040  1.33127E+00  1.01344E+00  3.17824E-01
    9005.458      7.713   2.080  1.26816E+00  1.01677E+00  2.51395E-01
    9006.098      8.353   2.120  1.24602E+00  1.01963E+00  2.26384E-01
    9006.750      9.006   2.160  1.24529E+00  1.02208E+00  2.23211E-01
    9007.415      9.670   2.200  1.23871E+00  1.02414E+00  2.14576E-01
    9008.091     10.347   2.240  1.21495E+00  1.02580E+00  1.89156E-01
    9008.780     11.036   2.280  1.18116E+00  1.02711E+00  1.54050E-01
    9009.481     11.737   2.320  1.14968E+00  1.02809E+00  1.21591E-01
    9010.195     12.450   2.360  1.13066E+00  1.02876E+00  1.01895E-01
    9010.920     13.175   2.400  1.12585E+00  1.02915E+00  9.66967E-02
    9011.658     13.913   2.440  1.13472E+00  1.02928E+00  1.05435E-01
    9012.407     14.663   2.480  1.16143E+00  1.02914E+00  1.32285E-01
    9013.169     15.425   2.520  1.18553E+00  1.02881E+00  1.56718E-01
    9013.944     16.199   2.560  1.18930E+00  1.02827E+00  1.61031E-01
    9014.730     16.985   2.600  1.17028E+00  1.02754E+00  1.42735E-01
    9015.529     17.784   2.640  1.13745E+00  1.02667E+00  1.10782E-01
    9016.339     18.595   2.680  1.09972E+00  1.02566E+00  7.40603E-02
    9017.162     19.418   2.720  1.06314E+00  1.02453E+00  3.86111E-02
    9017.997     20.253   2.760  1.03087E+00  1.02329E+00  7.58146E-03
    9018.845     21.100   2.800  1.00350E+00  1.02196E+00 -1.84567E-02
    9019.704     21.960   2.840  9.81315E-01  1.02057E+00 -3.92507E-02
    9020.576     22.831   2.880  9.64134E-01  1.01910E+00 -5.49711E-02
    9021.460     23.715   2.920  9.51172E-01  1.01760E+00 -6.64272E-02
    9022.356     24.611   2.960  9.41449E-01  1.01608E+00 -7.46305E-02
    9023.264     25.520   3.000  9.34064E-01  1.01453E+00 -8.04649E-02
    9024.185     26.440   3.040  9.28557E-01  1.01300E+00 -8.44391E-02
    9025.117     27.373   3.080  9.24460E-01  1.01144E+00 -8.69829E-02
    9026.062     28.318   3.120  9.21434E-01  1.00992E+00 -8.84823E-02
    9027.019     29.275   3.160  9.18718E-01  1.00840E+00 -8.96816E-02
    9027.989     30.244   3.200  9.15361E-01  1.00694E+00 -9.15780E-02
    9028.970     31.226   3.240  9.10561E-01  1.00550E+00 -9.49386E-02
    9029.964     32.219   3.280  9.03890E-01  1.00412E+00 -1.00231E-01
    9030.970     33.225   3.320  8.95500E-01  1.00277E+00 -1.07269E-01
    9031.988     34.243   3.360  8.86270E-01  1.00151E+00 -1.15235E-01
    9033.018     35.273   3.400  8.77439E-01  1.00029E+00 -1.22855E-01
    9034.060     36.316   3.440  8.70278E-01  9.99135E-01 -1.28857E-01
    9035.115     37.370   3.480  8.66045E-01  9.98074E-01 -1.32029E-01
    9036.182     38.437   3.520  8.65608E-01  9.97070E-01 -1.31462E-01
    9037.261     39.516   3.560  8.69301E-01  9.96145E-01 -1.26844E-01
    9038.352     40.607   3.600  8.76951E-01  9.95323E-01 -1.18372E-01
    9039.455     41.711   3.640  8.88008E-01  9.94561E-01 -1.06553E-01
    9040.571     42.826   3.680  9.01811E-01  9.93881E-01 -9.20704E-02
    9041.699     43.954   3.720  9.17588E-01  9.93304E-01 -7.57155E-02
    9042.838     45.094   3.760  9.34581E-01  9.92789E-01 -5.82082E-02
    9043.991     46.246   3.800  9.51978E-01  9.92379E-01 -4.04015E-02
    9045.155     47.410   3.840  9.68570E-01  9.92053E-01 -2.34829E-02
    9046.331     48.587   3.880  9.83129E-01  9.91809E-01 -8.68017E-03
    9047.520     49.776   3.920  9.94990E-01  9.91648E-01  3.34209E-03
    9048.721     50.976   3.960  1.00426E+00  9.91571E-01  1.26913E-02
    9049.934     52.190   4.000  1.01183E+00  9.91596E-01  2.02339E-02
    9051.159     53.415   4.040  1.01892E+00  9.91679E-01  2.72445E-02
    9052.397     54.652   4.080  1.02669E+00  9.91842E-01  3.48499E-02
    9053.647     55.902   4.120  1.03559E+00  9.92081E-01  4.35042E-02
    9054.909     57.164   4.160  1.04512E+00  9.92375E-01  5.27432E-02
    9056.183     58.438   4.200  1.05385E+00  9.92767E-01  6.10825E-02
    9057.469     59.724   4.240  1.05973E+00  9.93213E-01  6.65127E-02
    9058.767     61.023   4.280  1.06130E+00  9.93732E-01  6.75718E-02
    9060.078     62.333   4.320  1.05841E+00  9.94298E-01  6.41153E-02
    9061.401     63.656   4.360  1.05223E+00  9.94912E-01  5.73169E-02
    9062.736     64.991   4.400  1.04478E+00  9.95592E-01  4.91907E-02
    9064.083     66.338   4.440  1.03826E+00  9.96317E-01  4.19465E-02
    9065.442     67.698   4.480  1.03460E+00  9.97085E-01  3.75144E-02
    9066.814     69.069   4.520  1.03514E+00  9.97892E-01  3.72473E-02
    9068.198     70.453   4.560  1.04045E+00  9.98736E-01  4.17106E-02
    9069.594     71.849   4.600  1.05004E+00  9.99616E-01  5.04233E-02
    9071.002     73.257   4.640  1.06231E+00  1.00051E+00  6.18061E-02
    9072.422     74.678   4.680  1.07484E+00  1.00143E+00  7.34134E-02
    9073.855     76.110   4.720  1.08482E+00  1.00236E+00  8.24665E-02
    9075.300     77.555   4.760  1.08989E+00  1.00329E+00  8.66046E-02
    9076.756     79.012   4.800  1.08888E+00  1.00424E+00  8.46385E-02
    9078.226     80.481   4.840  1.08199E+00  1.00518E+00  7.68130E-02
    9079.707     81.962   4.880  1.07051E+00  1.00613E+00  6.43780E-02
    9081.200     83.456   4.920  1.05603E+00  1.00706E+00  4.89712E-02
    9082.706     84.962   4.960  1.04017E+00  1.00798E+00  3.21952E-02
    9084.224     86.479   5.000  1.02444E+00  1.00889E+00  1.55483E-02
    9085.754     88.010   5.040  1.01016E+00  1.00977E+00  3.87139E-04
    9087.296     89.552   5.080  9.98412E-01  1.01061E+00 -1.22010E-02
    9088.851     91.106   5.120  9.89893E-01  1.01144E+00 -2.15482E-02
    9090.418     92.673   5.160  9.84642E-01  1.01221E+00 -2.75668E-02
    9091.996     94.252   5.200  9.82216E-01  1.01296E+00 -3.07415E-02
    9093.587     95.843   5.240  9.81659E-01  1.01367E+00 -3.20087E-02
    9095.191     97.446   5.280  9.81932E-01  1.01433E+00 -3.24004E-02
    9096.806     99.062   5.320  9.82282E-01  1.01493E+00 -3.26484E-02
    9098.434    100.689   5.360  9.82543E-01  1.01550E+00 -3.29596E-02
    9100.074    102.329   5.400  9.82831E-01  1.01598E+00 -3.31531E-02
    9101.726    103.981   5.440  9.83446E-01  1.01644E+00 -3.29935E-02
    9103.390    105.645   5.480  9.84320E-01  1.01682E+00 -3.25043E-02
    9105.066    107.322   5.520  9.85145E-01  1.01716E+00 -3.20126E-02
    9106.755    109.010   5.560  9.85485E-01  1.01742E+00 -3.19324E-02
    9108.456    110.711   5.600  9.85065E-01  1.01760E+00 -3.25365E-02
    9110.169    112.424   5.640  9.83982E-01  1.01774E+00 -3.37542E-02
    9111.894    114.149   5.680  9.82748E-01  1.01782E+00 -3.50722E-02
    9113.631    115.886   5.720  9.81887E-01  1.01781E+00 -3.59196E-02
    9115.381    117.636   5.760  9.81774E-01  1.01776E+00 -3.59907E-02
    9117.142    119.398   5.800  9.81924E-01  1.01763E+00 -3.57027E-02
    9118.916    121.172   5.840  9.81481E-01  1.01744E+00 -3.59580E-02
    9120.702    122.958   5.880  9.79872E-01  1.01720E+00 -3.73299E-02
    9122.501    124.756   5.920  9.77492E-01  1.01687E+00 -3.93767E-02
    9124.311    126.567   5.960  9.75778E-01  1.01651E+00 -4.07286E-02
    9126.134    128.389   6.000  9.75872E-01  1.01602E+00 -4.01512E-02
