# # comment:                                                     FEFF 9.9.1  
# # Source:
# # Structure
# # Reduced
# # space
# # abc:
# # angles:
# # sites:
# # POT  SCF 100  7.0000   0, screened core-hole, AFOLP (folp(0)= 1.150)
# # Abs   Z=29 Rmt= 1.220 Rnm= 1.299 K  shell
# # Pot 1 Z=56 Rmt= 1.927 Rnm= 1.986
# # Pot 2 Z=64 Rmt= 1.652 Rnm= 1.724
# # Pot 3 Z=29 Rmt= 1.221 Rnm= 1.296
# # Pot 4 Z= 8 Rmt= 1.053 Rnm= 1.107
# # Gam_ch=1.729E+00 H-L exch Vi= 0.000E+00 Vr= 0.000E+00
# # Mu=-8.234E+00eV kf=2.012E+00 Vint=-1.743E+01eV Rs_int= 1.803
# FMS rfms= 9.0000
# # PATH  Rmax=-1.000,  Keep_limit= 0.00, Heap_limit 0.00  Pwcrit= 2.50%
#  S02=0.950  Temp=   0.00  Debye_temp=   0.00  Global_sig2= 0.00000
#  Energy zero shift, vr, vi    0.00000E+00   0.00000E+00
#  Curved wave amplitude ratio filter   4.000%
#     file         sig2 tot  cw amp ratio   deg  nlegs   reff  inp sig2
#     0/   0 paths used
#  xsedge+ 50, used to normalize mu           2.4410E-04
#  -----------------------------------------------------------------------
#  omega    e    k    mu    mu0     chi     @#
    8984.966    -12.044  -1.000  4.21719E-02  5.83525E-02 -1.61806E-02
    8985.265    -11.746  -0.960  4.45539E-02  6.27089E-02 -1.81550E-02
    8985.551    -11.459  -0.920  4.71409E-02  6.75586E-02 -2.04177E-02
    8985.825    -11.185  -0.880  4.99588E-02  7.29751E-02 -2.30163E-02
    8986.087    -10.923  -0.840  5.30371E-02  7.90436E-02 -2.60065E-02
    8986.337    -10.673  -0.800  5.64097E-02  8.58632E-02 -2.94536E-02
    8986.575    -10.435  -0.760  6.01150E-02  9.35477E-02 -3.34327E-02
    8986.801    -10.209  -0.720  6.41957E-02  1.02225E-01 -3.80297E-02
    8987.014     -9.996  -0.680  6.86983E-02  1.12038E-01 -4.33398E-02
    8987.215     -9.795  -0.640  7.36710E-02  1.23135E-01 -4.94645E-02
    8987.404     -9.606  -0.600  7.91600E-02  1.35665E-01 -5.65046E-02
    8987.581     -9.429  -0.560  8.52034E-02  1.49751E-01 -6.45479E-02
    8987.746     -9.265  -0.520  9.18220E-02  1.65471E-01 -7.36491E-02
    8987.898     -9.112  -0.480  9.90058E-02  1.82808E-01 -8.38024E-02
    8988.038     -8.972  -0.440  1.06700E-01  2.01610E-01 -9.49104E-02
    8988.166     -8.844  -0.400  1.14790E-01  2.21548E-01 -1.06758E-01
    8988.282     -8.728  -0.360  1.23100E-01  2.42104E-01 -1.19004E-01
    8988.386     -8.625  -0.320  1.31397E-01  2.62606E-01 -1.31209E-01
    8988.477     -8.533  -0.280  1.39413E-01  2.82307E-01 -1.42893E-01
    8988.556     -8.454  -0.240  1.46882E-01  3.00489E-01 -1.53607E-01
    8988.623     -8.387  -0.200  1.53561E-01  3.16552E-01 -1.62992E-01
    8988.678     -8.332  -0.160  1.59253E-01  3.30060E-01 -1.70807E-01
    8988.721     -8.289  -0.120  1.63814E-01  3.40734E-01 -1.76920E-01
    8988.751     -8.259  -0.080  1.67142E-01  3.48421E-01 -1.81279E-01
    8988.776     -8.234   0.000  1.69860E-01  3.54594E-01 -1.84734E-01
    8988.831     -8.179   0.120  1.76009E-01  3.68520E-01 -1.92511E-01
    8988.873     -8.137   0.160  1.80815E-01  3.79333E-01 -1.98518E-01
    8988.928     -8.082   0.200  1.87039E-01  3.93128E-01 -2.06090E-01
    8988.995     -8.015   0.240  1.94656E-01  4.09690E-01 -2.15035E-01
    8989.075     -7.936   0.280  2.03628E-01  4.28697E-01 -2.25070E-01
    8989.166     -7.844   0.320  2.13828E-01  4.49652E-01 -2.35824E-01
    8989.270     -7.741   0.360  2.24986E-01  4.71896E-01 -2.46909E-01
    8989.385     -7.625   0.400  2.36725E-01  4.94772E-01 -2.58046E-01
    8989.513     -7.497   0.440  2.48576E-01  5.17681E-01 -2.69104E-01
    8989.654     -7.357   0.480  2.59992E-01  5.40159E-01 -2.80166E-01
    8989.806     -7.204   0.520  2.70510E-01  5.61869E-01 -2.91359E-01
    8989.971     -7.040   0.560  2.80039E-01  5.82653E-01 -3.02614E-01
    8990.147     -6.863   0.600  2.89085E-01  6.02516E-01 -3.13431E-01
    8990.336     -6.674   0.640  2.98427E-01  6.21459E-01 -3.23033E-01
    8990.538     -6.473   0.680  3.08988E-01  6.39610E-01 -3.30622E-01
    8990.751     -6.259   0.720  3.21598E-01  6.57048E-01 -3.35450E-01
    8990.976     -6.034   0.760  3.37360E-01  6.73893E-01 -3.36533E-01
    8991.214     -5.796   0.800  3.57675E-01  6.90193E-01 -3.32518E-01
    8991.464     -5.546   0.840  3.83523E-01  7.06066E-01 -3.22543E-01
    8991.726     -5.284   0.880  4.13290E-01  7.21528E-01 -3.08237E-01
    8992.001     -5.010   0.920  4.41451E-01  7.36665E-01 -2.95214E-01
    8992.287     -4.723   0.960  4.60537E-01  7.51466E-01 -2.90929E-01
    8992.586     -4.424   1.000  4.67435E-01  7.65972E-01 -2.98537E-01
    8992.897     -4.113   1.040  4.66490E-01  7.80150E-01 -3.13660E-01
    8993.220     -3.790   1.080  4.64832E-01  7.94042E-01 -3.29210E-01
    8993.555     -3.455   1.120  4.67291E-01  8.07622E-01 -3.40332E-01
    8993.903     -3.108   1.160  4.76297E-01  8.20880E-01 -3.44583E-01
    8994.262     -2.748   1.200  4.92644E-01  8.33800E-01 -3.41156E-01
    8994.634     -2.376   1.240  5.15920E-01  8.46365E-01 -3.30446E-01
    8995.018     -1.992   1.280  5.44694E-01  8.58534E-01 -3.13839E-01
    8995.414     -1.596   1.320  5.78871E-01  8.70324E-01 -2.91453E-01
    8995.823     -1.187   1.360  6.22091E-01  8.81671E-01 -2.59580E-01
    8996.243     -0.767   1.400  6.80606E-01  8.92594E-01 -2.11988E-01
    8996.676     -0.334   1.440  7.62057E-01  9.03068E-01 -1.41011E-01
    8997.121      0.111   1.480  8.71602E-01  9.13071E-01 -4.14695E-02
    8997.578      0.568   1.520  1.00086E+00  9.22579E-01  7.82790E-02
    8998.048      1.038   1.560  1.13137E+00  9.31612E-01  1.99757E-01
    8998.529      1.519   1.600  1.24025E+00  9.40148E-01  3.00100E-01
    8999.023      2.013   1.640  1.30019E+00  9.48167E-01  3.52026E-01
    8999.529      2.519   1.680  1.33308E+00  9.55692E-01  3.77389E-01
    9000.047      3.037   1.720  1.41212E+00  9.62723E-01  4.49396E-01
    9000.578      3.567   1.760  1.54817E+00  9.69244E-01  5.78927E-01
    9001.120      4.110   1.800  1.65150E+00  9.75281E-01  6.76215E-01
    9001.675      4.665   1.840  1.62642E+00  9.80818E-01  6.45604E-01
    9002.242      5.232   1.880  1.50307E+00  9.85882E-01  5.17186E-01
    9002.821      5.811   1.920  1.37057E+00  9.90501E-01  3.80072E-01
    9003.412      6.402   1.960  1.26878E+00  9.94662E-01  2.74116E-01
    9004.016      7.006   2.000  1.19206E+00  9.98394E-01  1.93662E-01
    9004.631      7.621   2.040  1.13664E+00  1.00171E+00  1.34930E-01
    9005.259      8.249   2.080  1.11197E+00  1.00461E+00  1.07360E-01
    9005.899      8.889   2.120  1.11829E+00  1.00715E+00  1.11134E-01
    9006.552      9.541   2.160  1.13111E+00  1.00933E+00  1.21784E-01
    9007.216     10.206   2.200  1.11351E+00  1.01118E+00  1.02325E-01
    9007.893     10.883   2.240  1.05832E+00  1.01269E+00  4.56278E-02
    9008.582     11.571   2.280  9.99198E-01  1.01392E+00 -1.47269E-02
    9009.283     12.272   2.320  9.66611E-01  1.01487E+00 -4.82605E-02
    9009.996     12.986   2.360  9.67242E-01  1.01556E+00 -4.83203E-02
    9010.721     13.711   2.400  9.91483E-01  1.01601E+00 -2.45253E-02
    9011.459     14.449   2.440  1.03282E+00  1.01624E+00  1.65811E-02
    9012.209     15.199   2.480  1.07280E+00  1.01629E+00  5.65041E-02
    9012.971     15.961   2.520  1.10107E+00  1.01615E+00  8.49207E-02
    9013.745     16.735   2.560  1.11324E+00  1.01586E+00  9.73824E-02
    9014.531     17.521   2.600  1.10937E+00  1.01541E+00  9.39526E-02
    9015.330     18.320   2.640  1.09313E+00  1.01484E+00  7.82901E-02
    9016.141     19.130   2.680  1.07010E+00  1.01417E+00  5.59262E-02
    9016.964     19.953   2.720  1.04570E+00  1.01339E+00  3.23065E-02
    9017.799     20.789   2.760  1.02320E+00  1.01255E+00  1.06449E-02
    9018.646     21.636   2.800  1.00307E+00  1.01163E+00 -8.56199E-03
    9019.506     22.495   2.840  9.84551E-01  1.01067E+00 -2.61147E-02
    9020.377     23.367   2.880  9.66338E-01  1.00966E+00 -4.33201E-02
    9021.261     24.251   2.920  9.47200E-01  1.00861E+00 -6.14132E-02
    9022.157     25.147   2.960  9.26787E-01  1.00756E+00 -8.07712E-02
    9023.066     26.055   3.000  9.06093E-01  1.00650E+00 -1.00405E-01
    9023.986     26.976   3.040  8.87059E-01  1.00544E+00 -1.18380E-01
    9024.919     27.909   3.080  8.71608E-01  1.00441E+00 -1.32798E-01
    9025.864     28.854   3.120  8.61064E-01  1.00338E+00 -1.42316E-01
    9026.821     29.811   3.160  8.55392E-01  1.00236E+00 -1.46973E-01
    9027.790     30.780   3.200  8.53952E-01  1.00141E+00 -1.47454E-01
    9028.772     31.761   3.240  8.55755E-01  1.00047E+00 -1.44711E-01
    9029.765     32.755   3.280  8.59762E-01  9.99589E-01 -1.39826E-01
    9030.771     33.761   3.320  8.65083E-01  9.98754E-01 -1.33671E-01
    9031.789     34.779   3.360  8.71451E-01  9.97966E-01 -1.26514E-01
    9032.819     35.809   3.400  8.79409E-01  9.97246E-01 -1.17836E-01
    9033.862     36.851   3.440  8.89512E-01  9.96574E-01 -1.07062E-01
    9034.916     37.906   3.480  9.02351E-01  9.95953E-01 -9.36025E-02
    9035.983     38.973   3.520  9.18131E-01  9.95425E-01 -7.72937E-02
    9037.062     40.052   3.560  9.36501E-01  9.94950E-01 -5.84484E-02
    9038.153     41.143   3.600  9.56767E-01  9.94529E-01 -3.77625E-02
    9039.257     42.246   3.640  9.77908E-01  9.94203E-01 -1.62952E-02
    9040.372     43.362   3.680  9.98586E-01  9.93930E-01  4.65632E-03
    9041.500     44.490   3.720  1.01740E+00  9.93732E-01  2.36670E-02
    9042.640     45.630   3.760  1.03307E+00  9.93587E-01  3.94846E-02
    9043.792     46.782   3.800  1.04459E+00  9.93515E-01  5.10762E-02
    9044.956     47.946   3.840  1.05122E+00  9.93519E-01  5.77029E-02
    9046.133     49.123   3.880  1.05300E+00  9.93597E-01  5.94078E-02
    9047.322     50.311   3.920  1.05071E+00  9.93724E-01  5.69861E-02
    9048.522     51.512   3.960  1.04576E+00  9.93900E-01  5.18643E-02
    9049.736     52.725   4.000  1.03991E+00  9.94147E-01  4.57600E-02
    9050.961     53.951   4.040  1.03461E+00  9.94464E-01  4.01457E-02
    9052.198     55.188   4.080  1.03070E+00  9.94807E-01  3.58953E-02
    9053.448     56.438   4.120  1.02834E+00  9.95236E-01  3.31057E-02
    9054.710     57.700   4.160  1.02710E+00  9.95689E-01  3.14062E-02
    9055.984     58.974   4.200  1.02635E+00  9.96184E-01  3.01676E-02
    9057.270     60.260   4.240  1.02569E+00  9.96739E-01  2.89515E-02
    9058.569     61.558   4.280  1.02529E+00  9.97312E-01  2.79800E-02
    9059.879     62.869   4.320  1.02597E+00  9.97922E-01  2.80512E-02
    9061.202     64.192   4.360  1.02843E+00  9.98567E-01  2.98583E-02
    9062.537     65.527   4.400  1.03264E+00  9.99245E-01  3.33955E-02
    9063.884     66.874   4.440  1.03818E+00  9.99933E-01  3.82443E-02
    9065.244     68.234   4.480  1.04460E+00  1.00063E+00  4.39696E-02
    9066.615     69.605   4.520  1.05180E+00  1.00135E+00  5.04500E-02
    9067.999     70.989   4.560  1.05980E+00  1.00210E+00  5.76959E-02
    9069.395     72.385   4.600  1.06809E+00  1.00283E+00  6.52573E-02
    9070.803     73.793   4.640  1.07540E+00  1.00356E+00  7.18405E-02
    9072.224     75.213   4.680  1.07991E+00  1.00431E+00  7.56034E-02
    9073.656     76.646   4.720  1.08001E+00  1.00504E+00  7.49705E-02
    9075.101     78.091   4.760  1.07511E+00  1.00576E+00  6.93545E-02
    9076.558     79.548   4.800  1.06576E+00  1.00647E+00  5.92922E-02
    9078.027     81.017   4.840  1.05316E+00  1.00715E+00  4.60118E-02
    9079.508     82.498   4.880  1.03883E+00  1.00782E+00  3.10071E-02
    9081.002     83.992   4.920  1.02423E+00  1.00845E+00  1.57724E-02
    9082.508     85.497   4.960  1.01052E+00  1.00905E+00  1.46948E-03
    9084.025     87.015   5.000  9.98420E-01  1.00964E+00 -1.12190E-02
    9085.556     88.545   5.040  9.88181E-01  1.01019E+00 -2.20053E-02
    9087.098     90.088   5.080  9.79875E-01  1.01069E+00 -3.08177E-02
    9088.652     91.642   5.120  9.73451E-01  1.01116E+00 -3.77048E-02
    9090.219     93.209   5.160  9.68648E-01  1.01155E+00 -4.29065E-02
    9091.798     94.788   5.200  9.65130E-01  1.01193E+00 -4.68046E-02
    9093.389     96.379   5.240  9.62341E-01  1.01227E+00 -4.99309E-02
    9094.992     97.982   5.280  9.59797E-01  1.01256E+00 -5.27679E-02
    9096.608     99.597   5.320  9.57335E-01  1.01279E+00 -5.54544E-02
    9098.235    101.225   5.360  9.55332E-01  1.01297E+00 -5.76350E-02
    9099.875    102.865   5.400  9.54458E-01  1.01310E+00 -5.86434E-02
    9101.527    104.517   5.440  9.55344E-01  1.01319E+00 -5.78451E-02
    9103.191    106.181   5.480  9.58257E-01  1.01321E+00 -5.49515E-02
    9104.868    107.857   5.520  9.63015E-01  1.01320E+00 -5.01885E-02
    9106.556    109.546   5.560  9.68864E-01  1.01311E+00 -4.42449E-02
    9108.257    111.247   5.600  9.74965E-01  1.01299E+00 -3.80261E-02
    9109.970    112.960   5.640  9.80269E-01  1.01283E+00 -3.25615E-02
    9111.695    114.685   5.680  9.84076E-01  1.01260E+00 -2.85249E-02
    9113.432    116.422   5.720  9.86088E-01  1.01233E+00 -2.62389E-02
    9115.182    118.172   5.760  9.86403E-01  1.01201E+00 -2.56074E-02
    9116.944    119.933   5.800  9.85392E-01  1.01165E+00 -2.62603E-02
    9118.718    121.707   5.840  9.83734E-01  1.01123E+00 -2.74961E-02
    9120.504    123.494   5.880  9.82597E-01  1.01080E+00 -2.81987E-02
    9122.302    125.292   5.920  9.83204E-01  1.01033E+00 -2.71228E-02
    9124.113    127.102   5.960  9.86603E-01  1.00983E+00 -2.32226E-02
    9125.935    128.925   6.000  9.93089E-01  1.00926E+00 -1.61707E-02
