# # comment:                                                     FEFF 9.9.1  
# # Source:
# # Structure
# # Reduced
# # space
# # abc:
# # angles:
# # sites:
# # POT  SCF 100  7.0000   0, screened core-hole, AFOLP (folp(0)= 1.150)
# # Abs   Z=29 Rmt= 1.211 Rnm= 1.334 K  shell
# # Pot 1 Z=29 Rmt= 1.203 Rnm= 1.329
# # Pot 2 Z= 8 Rmt= 0.993 Rnm= 1.095
# # Pot 3 Z= 9 Rmt= 1.037 Rnm= 1.145
# # Gam_ch=1.729E+00 H-L exch Vi= 0.000E+00 Vr= 0.000E+00
# # Mu=-6.505E+00eV kf=2.038E+00 Vint=-1.316E+01eV Rs_int= 1.780
# FMS rfms= 9.0000
# # PATH  Rmax=-1.000,  Keep_limit= 0.00, Heap_limit 0.00  Pwcrit= 2.50%
#  S02=0.950  Temp=   0.00  Debye_temp=   0.00  Global_sig2= 0.00000
#  Energy zero shift, vr, vi    0.00000E+00   0.00000E+00
#  Curved wave amplitude ratio filter   4.000%
#     file         sig2 tot  cw amp ratio   deg  nlegs   reff  inp sig2
#     0/   0 paths used
#  xsedge+ 50, used to normalize mu           2.4136E-04
#  -----------------------------------------------------------------------
#  omega    e    k    mu    mu0     chi     @#
    8983.409    -10.315  -1.000  3.84887E-02  5.65999E-02 -1.81111E-02
    8983.708    -10.016  -0.960  4.04584E-02  6.06869E-02 -2.02285E-02
    8983.995     -9.730  -0.920  4.25689E-02  6.52202E-02 -2.26513E-02
    8984.269     -9.455  -0.880  4.48337E-02  7.02641E-02 -2.54304E-02
    8984.531     -9.193  -0.840  4.72678E-02  7.58933E-02 -2.86255E-02
    8984.781     -8.943  -0.800  4.98878E-02  8.21942E-02 -3.23064E-02
    8985.019     -8.706  -0.760  5.27117E-02  8.92657E-02 -3.65540E-02
    8985.244     -8.480  -0.720  5.57589E-02  9.72192E-02 -4.14603E-02
    8985.458     -8.267  -0.680  5.90496E-02  1.06177E-01 -4.71276E-02
    8985.659     -8.066  -0.640  6.26034E-02  1.16268E-01 -5.36649E-02
    8985.848     -7.877  -0.600  6.64376E-02  1.27619E-01 -6.11811E-02
    8986.025     -7.700  -0.560  7.05637E-02  1.40335E-01 -6.97715E-02
    8986.189     -7.535  -0.520  7.49822E-02  1.54481E-01 -7.94984E-02
    8986.342     -7.383  -0.480  7.96759E-02  1.70038E-01 -9.03622E-02
    8986.482     -7.243  -0.440  8.46022E-02  1.86872E-01 -1.02270E-01
    8986.610     -7.115  -0.400  8.96866E-02  2.04694E-01 -1.15008E-01
    8986.726     -6.999  -0.360  9.48211E-02  2.23051E-01 -1.28230E-01
    8986.829     -6.895  -0.320  9.98700E-02  2.41355E-01 -1.41485E-01
    8986.921     -6.804  -0.280  1.04684E-01  2.58950E-01 -1.54267E-01
    8987.000     -6.724  -0.240  1.09117E-01  2.75206E-01 -1.66088E-01
    8987.067     -6.657  -0.200  1.13045E-01  2.89587E-01 -1.76543E-01
    8987.122     -6.602  -0.160  1.16368E-01  3.01701E-01 -1.85334E-01
    8987.164     -6.560  -0.120  1.19015E-01  3.11290E-01 -1.92275E-01
    8987.195     -6.529  -0.080  1.20940E-01  3.18206E-01 -1.97266E-01
    8987.219     -6.505   0.000  1.22512E-01  3.23770E-01 -2.01258E-01
    8987.274     -6.450   0.120  1.26173E-01  3.36334E-01 -2.10161E-01
    8987.317     -6.407   0.160  1.28965E-01  3.46106E-01 -2.17141E-01
    8987.372     -6.353   0.200  1.32565E-01  3.58620E-01 -2.26055E-01
    8987.439     -6.285   0.240  1.36949E-01  3.73714E-01 -2.36766E-01
    8987.518     -6.206   0.280  1.42126E-01  3.91148E-01 -2.49021E-01
    8987.609     -6.115   0.320  1.48065E-01  4.10486E-01 -2.62421E-01
    8987.713     -6.011   0.360  1.54815E-01  4.31255E-01 -2.76440E-01
    8987.829     -5.895   0.400  1.62500E-01  4.52906E-01 -2.90406E-01
    8987.957     -5.767   0.440  1.71337E-01  4.74929E-01 -3.03592E-01
    8988.097     -5.627   0.480  1.81795E-01  4.96948E-01 -3.15153E-01
    8988.250     -5.475   0.520  1.94446E-01  5.18676E-01 -3.24229E-01
    8988.414     -5.310   0.560  2.10139E-01  5.39997E-01 -3.29858E-01
    8988.591     -5.133   0.600  2.29836E-01  5.60895E-01 -3.31059E-01
    8988.780     -4.944   0.640  2.54497E-01  5.81351E-01 -3.26854E-01
    8988.981     -4.743   0.680  2.84833E-01  6.01421E-01 -3.16588E-01
    8989.194     -4.530   0.720  3.20591E-01  6.21194E-01 -3.00603E-01
    8989.420     -4.304   0.760  3.59339E-01  6.40713E-01 -2.81374E-01
    8989.658     -4.067   0.800  3.95965E-01  6.59989E-01 -2.64023E-01
    8989.908     -3.817   0.840  4.24562E-01  6.79083E-01 -2.54522E-01
    8990.170     -3.554   0.880  4.42675E-01  6.98002E-01 -2.55327E-01
    8990.444     -3.280   0.920  4.53108E-01  7.16736E-01 -2.63628E-01
    8990.731     -2.994   0.960  4.60135E-01  7.35266E-01 -2.75131E-01
    8991.029     -2.695   1.000  4.66276E-01  7.53562E-01 -2.87286E-01
    8991.340     -2.384   1.040  4.72822E-01  7.71585E-01 -2.98763E-01
    8991.663     -2.061   1.080  4.79980E-01  7.89312E-01 -3.09332E-01
    8991.999     -1.726   1.120  4.86576E-01  8.06671E-01 -3.20095E-01
    8992.346     -1.378   1.160  4.92758E-01  8.23631E-01 -3.30873E-01
    8992.706     -1.019   1.200  5.02238E-01  8.40134E-01 -3.37896E-01
    8993.078     -0.647   1.240  5.20079E-01  8.56144E-01 -3.36065E-01
    8993.462     -0.263   1.280  5.47451E-01  8.71605E-01 -3.24155E-01
    8993.858      0.134   1.320  5.79876E-01  8.86459E-01 -3.06583E-01
    8994.266      0.542   1.360  6.14269E-01  9.00670E-01 -2.86400E-01
    8994.687      0.963   1.400  6.53793E-01  9.14225E-01 -2.60432E-01
    8995.120      1.395   1.440  6.98966E-01  9.27074E-01 -2.28108E-01
    8995.565      1.840   1.480  7.41188E-01  9.39204E-01 -1.98016E-01
    8996.022      2.298   1.520  7.73164E-01  9.50590E-01 -1.77426E-01
    8996.491      2.767   1.560  8.00736E-01  9.61208E-01 -1.60472E-01
    8996.973      3.249   1.600  8.35311E-01  9.71077E-01 -1.35766E-01
    8997.467      3.742   1.640  8.80823E-01  9.80179E-01 -9.93558E-02
    8997.973      4.248   1.680  9.34180E-01  9.88538E-01 -5.43578E-02
    8998.491      4.767   1.720  9.92616E-01  9.96141E-01 -3.52520E-03
    8999.021      5.297   1.760  1.05675E+00  1.00301E+00  5.37399E-02
    8999.564      5.839   1.800  1.13083E+00  1.00917E+00  1.21658E-01
    9000.118      6.394   1.840  1.21896E+00  1.01464E+00  2.04315E-01
    9000.685      6.961   1.880  1.31593E+00  1.01944E+00  2.96488E-01
    9001.264      7.540   1.920  1.40500E+00  1.02363E+00  3.81368E-01
    9001.856      8.132   1.960  1.46692E+00  1.02718E+00  4.39746E-01
    9002.459      8.735   2.000  1.49355E+00  1.03018E+00  4.63363E-01
    9003.075      9.351   2.040  1.48787E+00  1.03262E+00  4.55248E-01
    9003.703      9.979   2.080  1.46129E+00  1.03458E+00  4.26708E-01
    9004.343     10.619   2.120  1.43027E+00  1.03607E+00  3.94206E-01
    9004.995     11.271   2.160  1.40441E+00  1.03711E+00  3.67299E-01
    9005.660     11.935   2.200  1.38104E+00  1.03774E+00  3.43306E-01
    9006.336     12.612   2.240  1.35365E+00  1.03801E+00  3.15637E-01
    9007.025     13.301   2.280  1.31599E+00  1.03795E+00  2.78039E-01
    9007.726     14.002   2.320  1.25991E+00  1.03759E+00  2.22315E-01
    9008.439     14.715   2.360  1.19090E+00  1.03698E+00  1.53925E-01
    9009.165     15.441   2.400  1.13291E+00  1.03611E+00  9.67969E-02
    9009.902     16.178   2.440  1.09939E+00  1.03503E+00  6.43519E-02
    9010.652     16.928   2.480  1.08449E+00  1.03378E+00  5.07087E-02
    9011.414     17.690   2.520  1.07426E+00  1.03237E+00  4.18882E-02
    9012.188     18.464   2.560  1.06377E+00  1.03082E+00  3.29541E-02
    9012.975     19.251   2.600  1.05270E+00  1.02916E+00  2.35479E-02
    9013.773     20.049   2.640  1.04090E+00  1.02740E+00  1.34959E-02
    9014.584     20.860   2.680  1.02840E+00  1.02560E+00  2.79939E-03
    9015.407     21.683   2.720  1.01525E+00  1.02374E+00 -8.49348E-03
    9016.242     22.518   2.760  1.00160E+00  1.02186E+00 -2.02604E-02
    9017.090     23.365   2.800  9.87659E-01  1.01996E+00 -3.23009E-02
    9017.949     24.225   2.840  9.73648E-01  1.01806E+00 -4.44150E-02
    9018.821     25.097   2.880  9.59649E-01  1.01619E+00 -5.65453E-02
    9019.705     25.981   2.920  9.45626E-01  1.01434E+00 -6.87124E-02
    9020.601     26.877   2.960  9.31788E-01  1.01252E+00 -8.07335E-02
    9021.509     27.785   3.000  9.18172E-01  1.01077E+00 -9.25980E-02
    9022.430     28.705   3.040  9.04776E-01  1.00907E+00 -1.04294E-01
    9023.362     29.638   3.080  8.91871E-01  1.00742E+00 -1.15552E-01
    9024.307     30.583   3.120  8.80068E-01  1.00587E+00 -1.25807E-01
    9025.264     31.540   3.160  8.69869E-01  1.00441E+00 -1.34540E-01
    9026.234     32.509   3.200  8.61742E-01  1.00303E+00 -1.41288E-01
    9027.215     33.491   3.240  8.56168E-01  1.00174E+00 -1.45570E-01
    9028.209     34.484   3.280  8.53370E-01  1.00056E+00 -1.47185E-01
    9029.214     35.490   3.320  8.53197E-01  9.99463E-01 -1.46266E-01
    9030.233     36.508   3.360  8.55339E-01  9.98463E-01 -1.43124E-01
    9031.263     37.538   3.400  8.59691E-01  9.97600E-01 -1.37910E-01
    9032.305     38.581   3.440  8.66113E-01  9.96831E-01 -1.30719E-01
    9033.360     39.635   3.480  8.74678E-01  9.96158E-01 -1.21480E-01
    9034.427     40.702   3.520  8.85513E-01  9.95623E-01 -1.10110E-01
    9035.506     41.781   3.560  8.98492E-01  9.95181E-01 -9.66893E-02
    9036.597     42.872   3.600  9.13309E-01  9.94833E-01 -8.15238E-02
    9037.700     43.976   3.640  9.29506E-01  9.94602E-01 -6.50963E-02
    9038.816     45.091   3.680  9.46422E-01  9.94488E-01 -4.80657E-02
    9039.943     46.219   3.720  9.63447E-01  9.94488E-01 -3.10412E-02
    9041.083     47.359   3.760  9.80018E-01  9.94579E-01 -1.45619E-02
    9042.235     48.511   3.800  9.95601E-01  9.94761E-01  8.40219E-04
    9043.400     49.676   3.840  1.00974E+00  9.95052E-01  1.46887E-02
    9044.576     50.852   3.880  1.02218E+00  9.95429E-01  2.67517E-02
    9045.765     52.041   3.920  1.03297E+00  9.95893E-01  3.70797E-02
    9046.966     53.242   3.960  1.04223E+00  9.96440E-01  4.57853E-02
    9048.179     54.455   4.000  1.04999E+00  9.97092E-01  5.29025E-02
    9049.404     55.680   4.040  1.05630E+00  9.97801E-01  5.84941E-02
    9050.642     56.918   4.080  1.06128E+00  9.98586E-01  6.26952E-02
    9051.892     58.167   4.120  1.06526E+00  9.99425E-01  6.58358E-02
    9053.153     59.429   4.160  1.06880E+00  1.00036E+00  6.84451E-02
    9054.427     60.703   4.200  1.07236E+00  1.00132E+00  7.10467E-02
    9055.714     61.989   4.240  1.07621E+00  1.00234E+00  7.38623E-02
    9057.012     63.288   4.280  1.08009E+00  1.00341E+00  7.66825E-02
    9058.323     64.599   4.320  1.08345E+00  1.00450E+00  7.89552E-02
    9059.646     65.921   4.360  1.08561E+00  1.00564E+00  7.99758E-02
    9060.981     67.256   4.400  1.08601E+00  1.00679E+00  7.92155E-02
    9062.328     68.604   4.440  1.08453E+00  1.00798E+00  7.65451E-02
    9063.687     69.963   4.480  1.08137E+00  1.00918E+00  7.21929E-02
    9065.059     71.335   4.520  1.07699E+00  1.01037E+00  6.66184E-02
    9066.443     72.718   4.560  1.07202E+00  1.01159E+00  6.04309E-02
    9067.839     74.114   4.600  1.06693E+00  1.01279E+00  5.41407E-02
    9069.247     75.523   4.640  1.06193E+00  1.01398E+00  4.79505E-02
    9070.667     76.943   4.680  1.05688E+00  1.01516E+00  4.17213E-02
    9072.100     78.375   4.720  1.05146E+00  1.01631E+00  3.51489E-02
    9073.544     79.820   4.760  1.04542E+00  1.01745E+00  2.79721E-02
    9075.001     81.277   4.800  1.03868E+00  1.01855E+00  2.01321E-02
    9076.470     82.746   4.840  1.03149E+00  1.01961E+00  1.18790E-02
    9077.952     84.228   4.880  1.02443E+00  1.02063E+00  3.80381E-03
    9079.445     85.721   4.920  1.01827E+00  1.02160E+00 -3.32838E-03
    9080.951     87.227   4.960  1.01360E+00  1.02250E+00 -8.90163E-03
    9082.469     88.745   5.000  1.01072E+00  1.02338E+00 -1.26592E-02
    9083.999     90.275   5.040  1.00942E+00  1.02419E+00 -1.47642E-02
    9085.541     91.817   5.080  1.00918E+00  1.02492E+00 -1.57383E-02
    9087.096     93.372   5.120  1.00929E+00  1.02560E+00 -1.63033E-02
    9088.662     94.938   5.160  1.00904E+00  1.02620E+00 -1.71598E-02
    9090.241     96.517   5.200  1.00796E+00  1.02675E+00 -1.87811E-02
    9091.832     98.108   5.240  1.00588E+00  1.02722E+00 -2.13394E-02
    9093.436     99.711   5.280  1.00293E+00  1.02761E+00 -2.46788E-02
    9095.051    101.327   5.320  9.99514E-01  1.02791E+00 -2.84009E-02
    9096.679    102.954   5.360  9.96165E-01  1.02814E+00 -3.19781E-02
    9098.318    104.594   5.400  9.93353E-01  1.02832E+00 -3.49631E-02
    9099.970    106.246   5.440  9.91258E-01  1.02841E+00 -3.71529E-02
    9101.635    107.910   5.480  9.89889E-01  1.02842E+00 -3.85349E-02
    9103.311    109.587   5.520  9.89190E-01  1.02836E+00 -3.91674E-02
    9105.000    111.275   5.560  9.89062E-01  1.02821E+00 -3.91483E-02
    9106.700    112.976   5.600  9.89275E-01  1.02801E+00 -3.87357E-02
    9108.413    114.689   5.640  9.89402E-01  1.02773E+00 -3.83304E-02
    9110.139    116.414   5.680  9.89157E-01  1.02738E+00 -3.82205E-02
    9111.876    118.152   5.720  9.88558E-01  1.02695E+00 -3.83906E-02
    9113.625    119.901   5.760  9.87947E-01  1.02649E+00 -3.85474E-02
    9115.387    121.663   5.800  9.87619E-01  1.02595E+00 -3.83287E-02
    9117.161    123.437   5.840  9.87879E-01  1.02538E+00 -3.75007E-02
    9118.947    125.223   5.880  9.88696E-01  1.02475E+00 -3.60517E-02
    9120.746    127.021   5.920  9.89954E-01  1.02408E+00 -3.41220E-02
    9122.556    128.832   5.960  9.91501E-01  1.02334E+00 -3.18403E-02
    9124.379    130.654   6.000  9.93532E-01  1.02256E+00 -2.90263E-02
