# # comment:                                                     FEFF 9.9.1  
# # Source:
# # Structure
# # Reduced
# # space
# # abc:
# # angles:
# # sites:
# # POT  SCF 100  7.0000   0, screened core-hole, AFOLP (folp(0)= 1.150)
# # Abs   Z=29 Rmt= 1.206 Rnm= 1.308 K  shell
# # Pot 1 Z= 3 Rmt= 1.263 Rnm= 1.312
# # Pot 2 Z=26 Rmt= 1.253 Rnm= 1.366
# # Pot 3 Z=29 Rmt= 1.205 Rnm= 1.313
# # Pot 4 Z= 8 Rmt= 1.032 Rnm= 1.107
# # Gam_ch=1.729E+00 H-L exch Vi= 0.000E+00 Vr= 0.000E+00
# # Mu=-1.114E+01eV kf=2.140E+00 Vint=-1.738E+01eV Rs_int= 1.695
# FMS rfms= 9.0000
# # PATH  Rmax=-1.000,  Keep_limit= 0.00, Heap_limit 0.00  Pwcrit= 2.50%
#  S02=0.950  Temp=   0.00  Debye_temp=   0.00  Global_sig2= 0.00000
#  Energy zero shift, vr, vi    0.00000E+00   0.00000E+00
#  Curved wave amplitude ratio filter   4.000%
#     file         sig2 tot  cw amp ratio   deg  nlegs   reff  inp sig2
#     0/   0 paths used
#  xsedge+ 50, used to normalize mu           2.4905E-04
#  -----------------------------------------------------------------------
#  omega    e    k    mu    mu0     chi     @#
    8984.149    -14.949  -1.000  2.82265E-02  4.44719E-02 -1.62454E-02
    8984.448    -14.650  -0.960  2.94557E-02  4.74136E-02 -1.79579E-02
    8984.735    -14.364  -0.920  3.07688E-02  5.06578E-02 -1.98890E-02
    8985.009    -14.089  -0.880  3.21759E-02  5.42469E-02 -2.20711E-02
    8985.271    -13.827  -0.840  3.36885E-02  5.82301E-02 -2.45416E-02
    8985.521    -13.577  -0.800  3.53201E-02  6.26640E-02 -2.73440E-02
    8985.759    -13.340  -0.760  3.70861E-02  6.76135E-02 -3.05273E-02
    8985.984    -13.114  -0.720  3.90041E-02  7.31513E-02 -3.41471E-02
    8986.198    -12.901  -0.680  4.10932E-02  7.93572E-02 -3.82641E-02
    8986.399    -12.699  -0.640  4.33732E-02  8.63152E-02 -4.29420E-02
    8986.588    -12.510  -0.600  4.58632E-02  9.41069E-02 -4.82438E-02
    8986.765    -12.334  -0.560  4.85774E-02  1.02801E-01 -5.42238E-02
    8986.929    -12.169  -0.520  5.15206E-02  1.12437E-01 -6.09166E-02
    8987.082    -12.017  -0.480  5.46808E-02  1.23002E-01 -6.83214E-02
    8987.222    -11.877  -0.440  5.80210E-02  1.34404E-01 -7.63834E-02
    8987.350    -11.748  -0.400  6.14740E-02  1.46451E-01 -8.49775E-02
    8987.466    -11.633  -0.360  6.49424E-02  1.58842E-01 -9.38999E-02
    8987.569    -11.529  -0.320  6.83097E-02  1.71187E-01 -1.02877E-01
    8987.661    -11.438  -0.280  7.14580E-02  1.83050E-01 -1.11592E-01
    8987.740    -11.358  -0.240  7.42879E-02  1.94011E-01 -1.19723E-01
    8987.807    -11.291  -0.200  7.67295E-02  2.03714E-01 -1.26984E-01
    8987.862    -11.236  -0.160  7.87430E-02  2.11892E-01 -1.33149E-01
    8987.905    -11.194  -0.120  8.03085E-02  2.18370E-01 -1.38061E-01
    8987.935    -11.163  -0.080  8.14172E-02  2.23046E-01 -1.41629E-01
    8987.959    -11.139   0.000  8.22809E-02  2.26810E-01 -1.44529E-01
    8988.014    -11.084   0.120  8.45761E-02  2.35312E-01 -1.50736E-01
    8988.057    -11.041   0.160  8.62997E-02  2.41943E-01 -1.55644E-01
    8988.112    -10.986   0.200  8.84838E-02  2.50443E-01 -1.61959E-01
    8988.179    -10.919   0.240  9.11106E-02  2.60728E-01 -1.69617E-01
    8988.258    -10.840   0.280  9.41681E-02  2.72630E-01 -1.78462E-01
    8988.350    -10.749   0.320  9.76836E-02  2.85905E-01 -1.88221E-01
    8988.453    -10.645   0.360  1.01748E-01  3.00240E-01 -1.98491E-01
    8988.569    -10.529   0.400  1.06558E-01  3.15296E-01 -2.08738E-01
    8988.697    -10.401   0.440  1.12418E-01  3.30769E-01 -2.18351E-01
    8988.837    -10.261   0.480  1.19699E-01  3.46405E-01 -2.26706E-01
    8988.990    -10.109   0.520  1.28757E-01  3.62053E-01 -2.33296E-01
    8989.154     -9.944   0.560  1.39711E-01  3.77666E-01 -2.37955E-01
    8989.331     -9.767   0.600  1.51809E-01  3.93179E-01 -2.41370E-01
    8989.520     -9.578   0.640  1.63088E-01  4.08670E-01 -2.45582E-01
    8989.721     -9.377   0.680  1.70248E-01  4.24174E-01 -2.53926E-01
    8989.935     -9.164   0.720  1.70497E-01  4.39735E-01 -2.69239E-01
    8990.160     -8.938   0.760  1.64174E-01  4.55396E-01 -2.91222E-01
    8990.398     -8.700   0.800  1.54890E-01  4.71210E-01 -3.16319E-01
    8990.648     -8.451   0.840  1.46718E-01  4.87202E-01 -3.40484E-01
    8990.910     -8.188   0.880  1.42210E-01  5.03410E-01 -3.61200E-01
    8991.184     -7.914   0.920  1.42325E-01  5.19819E-01 -3.77494E-01
    8991.471     -7.628   0.960  1.47380E-01  5.36407E-01 -3.89026E-01
    8991.769     -7.329   1.000  1.57862E-01  5.53225E-01 -3.95363E-01
    8992.080     -7.018   1.040  1.74595E-01  5.70196E-01 -3.95602E-01
    8992.403     -6.695   1.080  1.99140E-01  5.87319E-01 -3.88179E-01
    8992.739     -6.360   1.120  2.34321E-01  6.04547E-01 -3.70226E-01
    8993.086     -6.012   1.160  2.84590E-01  6.21871E-01 -3.37280E-01
    8993.446     -5.653   1.200  3.52167E-01  6.39235E-01 -2.87068E-01
    8993.818     -5.281   1.240  4.24990E-01  6.56584E-01 -2.31595E-01
    8994.202     -4.897   1.280  4.69870E-01  6.73901E-01 -2.04031E-01
    8994.598     -4.500   1.320  4.63013E-01  6.91104E-01 -2.28091E-01
    8995.006     -4.092   1.360  4.29497E-01  7.08171E-01 -2.78674E-01
    8995.427     -3.671   1.400  4.08166E-01  7.25045E-01 -3.16879E-01
    8995.860     -3.239   1.440  4.06748E-01  7.41661E-01 -3.34913E-01
    8996.305     -2.793   1.480  4.19399E-01  7.58022E-01 -3.38623E-01
    8996.762     -2.336   1.520  4.47042E-01  7.74023E-01 -3.26981E-01
    8997.231     -1.867   1.560  4.93678E-01  7.89667E-01 -2.95988E-01
    8997.713     -1.385   1.600  5.62963E-01  8.04915E-01 -2.41953E-01
    8998.207     -0.892   1.640  6.62060E-01  8.19690E-01 -1.57630E-01
    8998.713     -0.386   1.680  7.82099E-01  8.33995E-01 -5.18953E-02
    8999.231      0.133   1.720  8.69665E-01  8.47776E-01  2.18891E-02
    8999.761      0.663   1.760  8.85474E-01  8.61042E-01  2.44315E-02
    9000.304      1.205   1.800  8.63747E-01  8.73722E-01 -9.97544E-03
    9000.859      1.760   1.840  8.54072E-01  8.85848E-01 -3.17766E-02
    9001.425      2.327   1.880  8.79525E-01  8.97375E-01 -1.78495E-02
    9002.005      2.906   1.920  9.39010E-01  9.08316E-01  3.06942E-02
    9002.596      3.498   1.960  1.01920E+00  9.18627E-01  1.00571E-01
    9003.199      4.101   2.000  1.10262E+00  9.28350E-01  1.74269E-01
    9003.815      4.717   2.040  1.17610E+00  9.37443E-01  2.38656E-01
    9004.443      5.345   2.080  1.23851E+00  9.45950E-01  2.92559E-01
    9005.083      5.985   2.120  1.29092E+00  9.53853E-01  3.37063E-01
    9005.735      6.637   2.160  1.32228E+00  9.61158E-01  3.61124E-01
    9006.400      7.301   2.200  1.32547E+00  9.67891E-01  3.57576E-01
    9007.076      7.978   2.240  1.31695E+00  9.74059E-01  3.42891E-01
    9007.765      8.667   2.280  1.32464E+00  9.79691E-01  3.44950E-01
    9008.466      9.368   2.320  1.35080E+00  9.84776E-01  3.66019E-01
    9009.180     10.081   2.360  1.35969E+00  9.89385E-01  3.70302E-01
    9009.905     10.807   2.400  1.30948E+00  9.93486E-01  3.15997E-01
    9010.643     11.544   2.440  1.20488E+00  9.97112E-01  2.07773E-01
    9011.392     12.294   2.480  1.09163E+00  1.00031E+00  9.13168E-02
    9012.154     13.056   2.520  1.00987E+00  1.00308E+00  6.79438E-03
    9012.929     13.830   2.560  9.82782E-01  1.00545E+00 -2.26637E-02
    9013.715     14.617   2.600  9.91003E-01  1.00744E+00 -1.64393E-02
    9014.514     15.415   2.640  1.00991E+00  1.00910E+00  8.05413E-04
    9015.324     16.226   2.680  1.02764E+00  1.01041E+00  1.72223E-02
    9016.147     17.049   2.720  1.03752E+00  1.01143E+00  2.60929E-02
    9016.982     17.884   2.760  1.03743E+00  1.01214E+00  2.52883E-02
    9017.830     18.731   2.800  1.02878E+00  1.01263E+00  1.61564E-02
    9018.689     19.591   2.840  1.01586E+00  1.01285E+00  3.01805E-03
    9019.561     20.463   2.880  1.00240E+00  1.01286E+00 -1.04562E-02
    9020.445     21.347   2.920  9.90161E-01  1.01268E+00 -2.25243E-02
    9021.341     22.243   2.960  9.79778E-01  1.01230E+00 -3.25235E-02
    9022.249     23.151   3.000  9.71662E-01  1.01178E+00 -4.01138E-02
    9023.170     24.071   3.040  9.65510E-01  1.01110E+00 -4.55887E-02
    9024.103     25.004   3.080  9.59963E-01  1.01032E+00 -5.03546E-02
    9025.047     25.949   3.120  9.52533E-01  1.00940E+00 -5.68655E-02
    9026.004     26.906   3.160  9.41889E-01  1.00839E+00 -6.65015E-02
    9026.974     27.875   3.200  9.29046E-01  1.00732E+00 -7.82759E-02
    9027.955     28.857   3.240  9.16176E-01  1.00616E+00 -8.99802E-02
    9028.949     29.850   3.280  9.05118E-01  1.00494E+00 -9.98248E-02
    9029.955     30.856   3.320  8.96628E-01  1.00371E+00 -1.07080E-01
    9030.973     31.874   3.360  8.90698E-01  1.00242E+00 -1.11718E-01
    9032.003     32.905   3.400  8.86792E-01  1.00111E+00 -1.14321E-01
    9033.045     33.947   3.440  8.84577E-01  9.99803E-01 -1.15226E-01
    9034.100     35.002   3.480  8.83831E-01  9.98492E-01 -1.14661E-01
    9035.167     36.068   3.520  8.84301E-01  9.97182E-01 -1.12881E-01
    9036.246     37.147   3.560  8.85734E-01  9.95877E-01 -1.10143E-01
    9037.337     38.239   3.600  8.88250E-01  9.94601E-01 -1.06352E-01
    9038.440     39.342   3.640  8.92147E-01  9.93338E-01 -1.01191E-01
    9039.556     40.457   3.680  8.97608E-01  9.92131E-01 -9.45236E-02
    9040.684     41.585   3.720  9.04473E-01  9.90942E-01 -8.64698E-02
    9041.824     42.725   3.760  9.12500E-01  9.89814E-01 -7.73132E-02
    9042.976     43.877   3.800  9.21332E-01  9.88706E-01 -6.73740E-02
    9044.140     45.042   3.840  9.30831E-01  9.87664E-01 -5.68335E-02
    9045.316     46.218   3.880  9.41153E-01  9.86690E-01 -4.55364E-02
    9046.505     47.407   3.920  9.52647E-01  9.85740E-01 -3.30933E-02
    9047.706     48.608   3.960  9.65783E-01  9.84857E-01 -1.90736E-02
    9048.919     49.821   4.000  9.80784E-01  9.84045E-01 -3.26110E-03
    9050.145     51.046   4.040  9.97373E-01  9.83283E-01  1.40897E-02
    9051.382     52.284   4.080  1.01462E+00  9.82591E-01  3.20262E-02
    9052.632     53.533   4.120  1.03118E+00  9.81950E-01  4.92318E-02
    9053.894     54.795   4.160  1.04580E+00  9.81378E-01  6.44257E-02
    9055.168     56.069   4.200  1.05768E+00  9.80858E-01  7.68236E-02
    9056.454     57.355   4.240  1.06691E+00  9.80430E-01  8.64836E-02
    9057.752     58.654   4.280  1.07419E+00  9.80030E-01  9.41546E-02
    9059.063     59.965   4.320  1.08036E+00  9.79701E-01  1.00662E-01
    9060.386     61.287   4.360  1.08582E+00  9.79442E-01  1.06382E-01
    9061.721     62.622   4.400  1.09029E+00  9.79232E-01  1.11055E-01
    9063.068     63.970   4.440  1.09290E+00  9.79090E-01  1.13805E-01
    9064.427     65.329   4.480  1.09233E+00  9.78994E-01  1.13332E-01
    9065.799     66.701   4.520  1.08720E+00  9.78942E-01  1.08253E-01
    9067.183     68.084   4.560  1.07658E+00  9.78934E-01  9.76443E-02
    9068.579     69.480   4.600  1.06055E+00  9.78992E-01  8.15554E-02
    9069.987     70.889   4.640  1.04032E+00  9.79094E-01  6.12232E-02
    9071.407     72.309   4.680  1.01810E+00  9.79236E-01  3.88673E-02
    9072.840     73.741   4.720  9.96440E-01  9.79417E-01  1.70228E-02
    9074.285     75.186   4.760  9.77524E-01  9.79638E-01 -2.11431E-03
    9075.742     76.643   4.800  9.62742E-01  9.79896E-01 -1.71539E-02
    9077.211     78.112   4.840  9.52588E-01  9.80190E-01 -2.76022E-02
    9078.692     79.594   4.880  9.46756E-01  9.80498E-01 -3.37422E-02
    9080.185     81.087   4.920  9.44419E-01  9.80859E-01 -3.64403E-02
    9081.691     82.593   4.960  9.44470E-01  9.81208E-01 -3.67382E-02
    9083.209     84.111   5.000  9.46208E-01  9.81587E-01 -3.53786E-02
    9084.739     85.641   5.040  9.49509E-01  9.81994E-01 -3.24853E-02
    9086.281     87.183   5.080  9.54608E-01  9.82408E-01 -2.77998E-02
    9087.836     88.738   5.120  9.61580E-01  9.82823E-01 -2.12431E-02
    9089.403     90.304   5.160  9.69994E-01  9.83239E-01 -1.32449E-02
    9090.981     91.883   5.200  9.79037E-01  9.83656E-01 -4.61885E-03
    9092.572     93.474   5.240  9.87906E-01  9.84074E-01  3.83232E-03
    9094.176     95.077   5.280  9.96093E-01  9.84512E-01  1.15819E-02
    9095.791     96.693   5.320  1.00315E+00  9.84923E-01  1.82247E-02
    9097.419     98.320   5.360  1.00840E+00  9.85307E-01  2.30903E-02
    9099.059     99.960   5.400  1.01070E+00  9.85707E-01  2.49975E-02
    9100.711    101.612   5.440  1.00877E+00  9.86078E-01  2.26944E-02
    9102.375    103.276   5.480  1.00213E+00  9.86418E-01  1.57086E-02
    9104.051    104.953   5.520  9.91565E-01  9.86770E-01  4.79429E-03
    9105.740    106.641   5.560  9.78667E-01  9.87069E-01 -8.40147E-03
    9107.441    108.342   5.600  9.65317E-01  9.87355E-01 -2.20373E-02
    9109.154    110.055   5.640  9.52977E-01  9.87607E-01 -3.46293E-02
    9110.879    111.780   5.680  9.42508E-01  9.87843E-01 -4.53349E-02
    9112.616    113.518   5.720  9.34030E-01  9.88022E-01 -5.39921E-02
    9114.366    115.267   5.760  9.27375E-01  9.88186E-01 -6.08111E-02
    9116.127    117.029   5.800  9.22285E-01  9.88314E-01 -6.60288E-02
    9117.901    118.803   5.840  9.18577E-01  9.88405E-01 -6.98276E-02
    9119.687    120.589   5.880  9.16066E-01  9.88480E-01 -7.24144E-02
    9121.486    122.387   5.920  9.14609E-01  9.88493E-01 -7.38847E-02
    9123.296    124.198   5.960  9.14572E-01  9.88462E-01 -7.38901E-02
    9125.119    126.021   6.000  9.17359E-01  9.88399E-01 -7.10400E-02
