# # comment:                                                     FEFF 9.9.1  
# # Source:
# # Structure
# # Reduced
# # space
# # abc:
# # angles:117.185245
# # sites:
# # POT  SCF 100  7.0000   0, screened core-hole, AFOLP (folp(0)= 1.150)
# # Abs   Z=29 Rmt= 1.272 Rnm= 1.377 K  shell
# # Pot 1 Z=29 Rmt= 1.410 Rnm= 1.472
# # Pot 2 Z=74 Rmt= 1.261 Rnm= 1.429
# # Pot 3 Z= 8 Rmt= 0.918 Rnm= 1.074
# # Gam_ch=1.729E+00 H-L exch Vi= 0.000E+00 Vr= 0.000E+00
# # Mu=-6.395E+00eV kf=2.202E+00 Vint=-1.506E+01eV Rs_int= 1.647
# FMS rfms= 9.0000
# # PATH  Rmax=-1.000,  Keep_limit= 0.00, Heap_limit 0.00  Pwcrit= 2.50%
#  S02=0.950  Temp=   0.00  Debye_temp=   0.00  Global_sig2= 0.00000
#  Energy zero shift, vr, vi    0.00000E+00   0.00000E+00
#  Curved wave amplitude ratio filter   4.000%
#     file         sig2 tot  cw amp ratio   deg  nlegs   reff  inp sig2
#     0/   0 paths used
#  xsedge+ 50, used to normalize mu           2.4497E-04
#  -----------------------------------------------------------------------
#  omega    e    k    mu    mu0     chi     @#
    8983.573    -10.205  -1.000  4.75640E-02  5.69353E-02 -9.37132E-03
    8983.871     -9.907  -0.960  5.06654E-02  6.11501E-02 -1.04848E-02
    8984.158     -9.620  -0.920  5.40745E-02  6.58390E-02 -1.17645E-02
    8984.432     -9.346  -0.880  5.78324E-02  7.10722E-02 -1.32398E-02
    8984.694     -9.084  -0.840  6.19858E-02  7.69311E-02 -1.49453E-02
    8984.944     -8.834  -0.800  6.65881E-02  8.35105E-02 -1.69225E-02
    8985.182     -8.596  -0.760  7.16995E-02  9.09190E-02 -1.92195E-02
    8985.407     -8.370  -0.720  7.73869E-02  9.92792E-02 -2.18923E-02
    8985.621     -8.157  -0.680  8.37225E-02  1.08726E-01 -2.50038E-02
    8985.822     -7.956  -0.640  9.07808E-02  1.19403E-01 -2.86222E-02
    8986.011     -7.767  -0.600  9.86334E-02  1.31450E-01 -3.28163E-02
    8986.188     -7.590  -0.560  1.07339E-01  1.44986E-01 -3.76469E-02
    8986.352     -7.425  -0.520  1.16929E-01  1.60083E-01 -4.31539E-02
    8986.505     -7.273  -0.480  1.27390E-01  1.76726E-01 -4.93363E-02
    8986.645     -7.133  -0.440  1.38637E-01  1.94769E-01 -5.61317E-02
    8986.773     -7.005  -0.400  1.50499E-01  2.13896E-01 -6.33969E-02
    8986.889     -6.889  -0.360  1.62708E-01  2.33613E-01 -7.09049E-02
    8986.992     -6.785  -0.320  1.74914E-01  2.53278E-01 -7.83635E-02
    8987.084     -6.694  -0.280  1.86717E-01  2.72174E-01 -8.54577E-02
    8987.163     -6.615  -0.240  1.97716E-01  2.89617E-01 -9.19015E-02
    8987.230     -6.548  -0.200  2.07553E-01  3.05032E-01 -9.74788E-02
    8987.285     -6.493  -0.160  2.15937E-01  3.17997E-01 -1.02060E-01
    8987.328     -6.450  -0.120  2.22653E-01  3.28246E-01 -1.05593E-01
    8987.358     -6.420  -0.080  2.27554E-01  3.35629E-01 -1.08075E-01
    8987.383     -6.395   0.000  2.31563E-01  3.41560E-01 -1.09997E-01
    8987.437     -6.340   0.120  2.40654E-01  3.54922E-01 -1.14267E-01
    8987.480     -6.298   0.160  2.47797E-01  3.65327E-01 -1.17530E-01
    8987.535     -6.243   0.200  2.57042E-01  3.78590E-01 -1.21548E-01
    8987.602     -6.176   0.240  2.68410E-01  3.94530E-01 -1.26120E-01
    8987.681     -6.097   0.280  2.81897E-01  4.12845E-01 -1.30949E-01
    8987.773     -6.005   0.320  2.97386E-01  4.33027E-01 -1.35641E-01
    8987.876     -5.901   0.360  3.14756E-01  4.54514E-01 -1.39758E-01
    8987.992     -5.786   0.400  3.33800E-01  4.76664E-01 -1.42864E-01
    8988.120     -5.658   0.440  3.54294E-01  4.98912E-01 -1.44617E-01
    8988.260     -5.517   0.480  3.75905E-01  5.20776E-01 -1.44871E-01
    8988.413     -5.365   0.520  3.98230E-01  5.41978E-01 -1.43749E-01
    8988.577     -5.200   0.560  4.20615E-01  5.62386E-01 -1.41772E-01
    8988.754     -5.024   0.600  4.42093E-01  5.81944E-01 -1.39850E-01
    8988.943     -4.835   0.640  4.61536E-01  6.00710E-01 -1.39174E-01
    8989.144     -4.633   0.680  4.77981E-01  6.18763E-01 -1.40782E-01
    8989.358     -4.420   0.720  4.91131E-01  6.36175E-01 -1.45045E-01
    8989.583     -4.195   0.760  5.01750E-01  6.53058E-01 -1.51308E-01
    8989.821     -3.957   0.800  5.11474E-01  6.69494E-01 -1.58020E-01
    8990.071     -3.707   0.840  5.22156E-01  6.85529E-01 -1.63373E-01
    8990.333     -3.445   0.880  5.35184E-01  7.01235E-01 -1.66051E-01
    8990.607     -3.170   0.920  5.51131E-01  7.16611E-01 -1.65480E-01
    8990.894     -2.884   0.960  5.69901E-01  7.31703E-01 -1.61801E-01
    8991.193     -2.585   1.000  5.90643E-01  7.46523E-01 -1.55881E-01
    8991.503     -2.274   1.040  6.11913E-01  7.61057E-01 -1.49144E-01
    8991.827     -1.951   1.080  6.32446E-01  7.75323E-01 -1.42877E-01
    8992.162     -1.616   1.120  6.52075E-01  7.89270E-01 -1.37195E-01
    8992.509     -1.269   1.160  6.71843E-01  8.02904E-01 -1.31061E-01
    8992.869     -0.909   1.200  6.91358E-01  8.16188E-01 -1.24831E-01
    8993.241     -0.537   1.240  7.07290E-01  8.29122E-01 -1.21832E-01
    8993.625     -0.153   1.280  7.16288E-01  8.41683E-01 -1.25395E-01
    8994.021      0.243   1.320  7.18787E-01  8.53827E-01 -1.35040E-01
    8994.430      0.652   1.360  7.19031E-01  8.65550E-01 -1.46519E-01
    8994.850      1.072   1.400  7.23736E-01  8.76827E-01 -1.53091E-01
    8995.283      1.505   1.440  7.38856E-01  8.87634E-01 -1.48779E-01
    8995.728      1.950   1.480  7.64818E-01  8.97968E-01 -1.33150E-01
    8996.185      2.407   1.520  7.96772E-01  9.07804E-01 -1.11032E-01
    8996.655      2.877   1.560  8.29432E-01  9.17142E-01 -8.77100E-02
    8997.136      3.358   1.600  8.59468E-01  9.25980E-01 -6.65125E-02
    8997.630      3.852   1.640  8.83953E-01  9.34299E-01 -5.03462E-02
    8998.136      4.358   1.680  9.01688E-01  9.42119E-01 -4.04312E-02
    8998.654      4.876   1.720  9.15962E-01  9.49405E-01 -3.34427E-02
    8999.184      5.407   1.760  9.31989E-01  9.56199E-01 -2.42097E-02
    8999.727      5.949   1.800  9.54441E-01  9.62486E-01 -8.04513E-03
    9000.282      6.504   1.840  9.88405E-01  9.68272E-01  2.01323E-02
    9000.849      7.071   1.880  1.03448E+00  9.73606E-01  6.08779E-02
    9001.428      7.650   1.920  1.08808E+00  9.78452E-01  1.09628E-01
    9002.019      8.241   1.960  1.14686E+00  9.82862E-01  1.63998E-01
    9002.623      8.845   2.000  1.20710E+00  9.86824E-01  2.20275E-01
    9003.238      9.460   2.040  1.25885E+00  9.90388E-01  2.68464E-01
    9003.866     10.088   2.080  1.29539E+00  9.93545E-01  3.01845E-01
    9004.506     10.728   2.120  1.31713E+00  9.96324E-01  3.20808E-01
    9005.158     11.381   2.160  1.32202E+00  9.98756E-01  3.23264E-01
    9005.823     12.045   2.200  1.30498E+00  1.00085E+00  3.04128E-01
    9006.500     12.722   2.240  1.26576E+00  1.00263E+00  2.63137E-01
    9007.188     13.411   2.280  1.21361E+00  1.00413E+00  2.09486E-01
    9007.889     14.112   2.320  1.16171E+00  1.00533E+00  1.56379E-01
    9008.603     14.825   2.360  1.12025E+00  1.00629E+00  1.13954E-01
    9009.328     15.550   2.400  1.09132E+00  1.00704E+00  8.42807E-02
    9010.066     16.288   2.440  1.07297E+00  1.00756E+00  6.54088E-02
    9010.816     17.038   2.480  1.06340E+00  1.00790E+00  5.55001E-02
    9011.578     17.800   2.520  1.05641E+00  1.00806E+00  4.83504E-02
    9012.352     18.574   2.560  1.04522E+00  1.00807E+00  3.71468E-02
    9013.138     19.360   2.600  1.03121E+00  1.00794E+00  2.32633E-02
    9013.937     20.159   2.640  1.01741E+00  1.00770E+00  9.71657E-03
    9014.747     20.970   2.680  1.00286E+00  1.00735E+00 -4.49528E-03
    9015.570     21.793   2.720  9.86967E-01  1.00692E+00 -1.99547E-02
    9016.406     22.628   2.760  9.71925E-01  1.00639E+00 -3.44641E-02
    9017.253     23.475   2.800  9.59551E-01  1.00582E+00 -4.62722E-02
    9018.112     24.335   2.840  9.50403E-01  1.00519E+00 -5.47863E-02
    9018.984     25.206   2.880  9.43765E-01  1.00451E+00 -6.07487E-02
    9019.868     26.090   2.920  9.38679E-01  1.00382E+00 -6.51454E-02
    9020.764     26.986   2.960  9.34561E-01  1.00310E+00 -6.85432E-02
    9021.672     27.895   3.000  9.31400E-01  1.00238E+00 -7.09786E-02
    9022.593     28.815   3.040  9.29673E-01  1.00167E+00 -7.20011E-02
    9023.526     29.748   3.080  9.29968E-01  1.00095E+00 -7.09821E-02
    9024.471     30.693   3.120  9.32373E-01  1.00025E+00 -6.78802E-02
    9025.428     31.650   3.160  9.36512E-01  9.99589E-01 -6.30774E-02
    9026.397     32.619   3.200  9.41694E-01  9.98938E-01 -5.72433E-02
    9027.378     33.600   3.240  9.47124E-01  9.98342E-01 -5.12181E-02
    9028.372     34.594   3.280  9.51893E-01  9.97764E-01 -4.58711E-02
    9029.378     35.600   3.320  9.55350E-01  9.97226E-01 -4.18752E-02
    9030.396     36.618   3.360  9.57213E-01  9.96750E-01 -3.95369E-02
    9031.426     37.648   3.400  9.57415E-01  9.96296E-01 -3.88807E-02
    9032.468     38.691   3.440  9.56404E-01  9.95907E-01 -3.95032E-02
    9033.523     39.745   3.480  9.54816E-01  9.95564E-01 -4.07478E-02
    9034.590     40.812   3.520  9.53384E-01  9.95289E-01 -4.19048E-02
    9035.669     41.891   3.560  9.52630E-01  9.95059E-01 -4.24290E-02
    9036.760     42.982   3.600  9.52851E-01  9.94877E-01 -4.20262E-02
    9037.863     44.086   3.640  9.54138E-01  9.94762E-01 -4.06233E-02
    9038.979     45.201   3.680  9.56310E-01  9.94693E-01 -3.83833E-02
    9040.107     46.329   3.720  9.59170E-01  9.94672E-01 -3.55024E-02
    9041.247     47.469   3.760  9.62625E-01  9.94718E-01 -3.20926E-02
    9042.399     48.621   3.800  9.66564E-01  9.94809E-01 -2.82444E-02
    9043.563     49.785   3.840  9.70952E-01  9.94967E-01 -2.40154E-02
    9044.740     50.962   3.880  9.75736E-01  9.95148E-01 -1.94122E-02
    9045.928     52.151   3.920  9.80973E-01  9.95392E-01 -1.44192E-02
    9047.129     53.351   3.960  9.86592E-01  9.95679E-01 -9.08714E-03
    9048.342     54.565   4.000  9.92489E-01  9.96007E-01 -3.51800E-03
    9049.568     55.790   4.040  9.98511E-01  9.96374E-01  2.13673E-03
    9050.805     57.027   4.080  1.00449E+00  9.96779E-01  7.71460E-03
    9052.055     58.277   4.120  1.01032E+00  9.97220E-01  1.30956E-02
    9053.317     59.539   4.160  1.01585E+00  9.97675E-01  1.81750E-02
    9054.591     60.813   4.200  1.02103E+00  9.98163E-01  2.28651E-02
    9055.877     62.099   4.240  1.02581E+00  9.98684E-01  2.71257E-02
    9057.175     63.398   4.280  1.03024E+00  9.99236E-01  3.10029E-02
    9058.486     64.708   4.320  1.03436E+00  9.99773E-01  3.45893E-02
    9059.809     66.031   4.360  1.03826E+00  1.00034E+00  3.79224E-02
    9061.144     67.366   4.400  1.04188E+00  1.00093E+00  4.09548E-02
    9062.491     68.713   4.440  1.04514E+00  1.00150E+00  4.36450E-02
    9063.850     70.073   4.480  1.04811E+00  1.00209E+00  4.60123E-02
    9065.222     71.444   4.520  1.05086E+00  1.00269E+00  4.81723E-02
    9066.606     72.828   4.560  1.05352E+00  1.00325E+00  5.02680E-02
    9068.002     74.224   4.600  1.05612E+00  1.00384E+00  5.22771E-02
    9069.410     75.632   4.640  1.05827E+00  1.00440E+00  5.38677E-02
    9070.830     77.053   4.680  1.05941E+00  1.00495E+00  5.44609E-02
    9072.263     78.485   4.720  1.05888E+00  1.00547E+00  5.34156E-02
    9073.708     79.930   4.760  1.05626E+00  1.00598E+00  5.02794E-02
    9075.165     81.387   4.800  1.05140E+00  1.00645E+00  4.49506E-02
    9076.634     82.856   4.840  1.04456E+00  1.00692E+00  3.76447E-02
    9078.115     84.337   4.880  1.03614E+00  1.00735E+00  2.87883E-02
    9079.609     85.831   4.920  1.02667E+00  1.00776E+00  1.89077E-02
    9081.114     87.336   4.960  1.01662E+00  1.00812E+00  8.50612E-03
    9082.632     88.854   5.000  1.00645E+00  1.00846E+00 -2.00843E-03
    9084.162     90.384   5.040  9.96546E-01  1.00875E+00 -1.22086E-02
    9085.705     91.927   5.080  9.87434E-01  1.00901E+00 -2.15770E-02
    9087.259     93.481   5.120  9.79636E-01  1.00920E+00 -2.95683E-02
    9088.826     95.048   5.160  9.73637E-01  1.00938E+00 -3.57414E-02
    9090.405     96.627   5.200  9.69739E-01  1.00951E+00 -3.97732E-02
    9091.996     98.218   5.240  9.68152E-01  1.00961E+00 -4.14537E-02
    9093.599     99.821   5.280  9.68923E-01  1.00966E+00 -4.07337E-02
    9095.214    101.436   5.320  9.71798E-01  1.00967E+00 -3.78693E-02
    9096.842    103.064   5.360  9.76205E-01  1.00964E+00 -3.34307E-02
    9098.482    104.704   5.400  9.81405E-01  1.00956E+00 -2.81572E-02
    9100.134    106.356   5.440  9.86667E-01  1.00945E+00 -2.27785E-02
    9101.798    108.020   5.480  9.91339E-01  1.00926E+00 -1.79247E-02
    9103.474    109.697   5.520  9.95007E-01  1.00906E+00 -1.40569E-02
    9105.163    111.385   5.560  9.97379E-01  1.00882E+00 -1.14456E-02
    9106.864    113.086   5.600  9.98373E-01  1.00855E+00 -1.01740E-02
    9108.577    114.799   5.640  9.98036E-01  1.00823E+00 -1.01929E-02
    9110.302    116.524   5.680  9.96581E-01  1.00787E+00 -1.12906E-02
    9112.039    118.261   5.720  9.94338E-01  1.00747E+00 -1.31363E-02
    9113.789    120.011   5.760  9.91694E-01  1.00704E+00 -1.53487E-02
    9115.550    121.773   5.800  9.89069E-01  1.00660E+00 -1.75315E-02
    9117.324    123.547   5.840  9.86892E-01  1.00613E+00 -1.92333E-02
    9119.111    125.333   5.880  9.85651E-01  1.00562E+00 -1.99686E-02
    9120.909    127.131   5.920  9.85774E-01  1.00511E+00 -1.93360E-02
    9122.719    128.941   5.960  9.87458E-01  1.00458E+00 -1.71184E-02
    9124.542    130.764   6.000  9.90801E-01  1.00402E+00 -1.32218E-02
