# # comment:                                                     FEFF 9.9.1  
# # Source:
# # Structure
# # Reduced
# # space
# # abc:
# # angles:
# # sites:
# # POT  SCF 100  7.0000   0, screened core-hole, AFOLP (folp(0)= 1.150)
# # Abs   Z=29 Rmt= 1.145 Rnm= 1.248 K  shell
# # Pot 1 Z= 3 Rmt= 1.257 Rnm= 1.316
# # Pot 2 Z=25 Rmt= 1.267 Rnm= 1.400
# # Pot 3 Z=29 Rmt= 1.145 Rnm= 1.248
# # Pot 4 Z= 8 Rmt= 1.028 Rnm= 1.099
# # Gam_ch=1.729E+00 H-L exch Vi= 0.000E+00 Vr= 0.000E+00
# # Mu=-9.658E+00eV kf=2.102E+00 Vint=-1.788E+01eV Rs_int= 1.725
# FMS rfms= 9.0000
# # PATH  Rmax=-1.000,  Keep_limit= 0.00, Heap_limit 0.00  Pwcrit= 2.50%
#  S02=0.950  Temp=   0.00  Debye_temp=   0.00  Global_sig2= 0.00000
#  Energy zero shift, vr, vi    0.00000E+00   0.00000E+00
#  Curved wave amplitude ratio filter   4.000%
#     file         sig2 tot  cw amp ratio   deg  nlegs   reff  inp sig2
#     0/   0 paths used
#  xsedge+ 50, used to normalize mu           2.4579E-04
#  -----------------------------------------------------------------------
#  omega    e    k    mu    mu0     chi     @#
    8984.928    -13.468  -1.000  3.34191E-02  5.33990E-02 -1.99799E-02
    8985.226    -13.170  -0.960  3.49679E-02  5.72334E-02 -2.22655E-02
    8985.513    -12.883  -0.920  3.66170E-02  6.14893E-02 -2.48722E-02
    8985.787    -12.609  -0.880  3.83767E-02  6.62280E-02 -2.78513E-02
    8986.049    -12.347  -0.840  4.02589E-02  7.15211E-02 -3.12622E-02
    8986.299    -12.097  -0.800  4.22778E-02  7.74514E-02 -3.51736E-02
    8986.537    -11.859  -0.760  4.44498E-02  8.41139E-02 -3.96641E-02
    8986.763    -11.633  -0.720  4.67939E-02  9.16157E-02 -4.48218E-02
    8986.976    -11.420  -0.680  4.93312E-02  1.00075E-01 -5.07435E-02
    8987.177    -11.219  -0.640  5.20841E-02  1.09615E-01 -5.75312E-02
    8987.366    -11.030  -0.600  5.50742E-02  1.20359E-01 -6.52852E-02
    8987.543    -10.853  -0.560  5.83178E-02  1.32411E-01 -7.40931E-02
    8987.708    -10.689  -0.520  6.18194E-02  1.45831E-01 -8.40116E-02
    8987.860    -10.536  -0.480  6.55624E-02  1.60605E-01 -9.50426E-02
    8988.000    -10.396  -0.440  6.94982E-02  1.76604E-01 -1.07105E-01
    8988.128    -10.268  -0.400  7.35391E-02  1.93550E-01 -1.20011E-01
    8988.244    -10.152  -0.360  7.75594E-02  2.11009E-01 -1.33449E-01
    8988.348    -10.048  -0.320  8.14109E-02  2.28416E-01 -1.47005E-01
    8988.439     -9.957  -0.280  8.49483E-02  2.45144E-01 -1.60196E-01
    8988.518     -9.878  -0.240  8.80567E-02  2.60588E-01 -1.72531E-01
    8988.585     -9.811  -0.200  9.06685E-02  2.74241E-01 -1.83573E-01
    8988.640     -9.756  -0.160  9.27628E-02  2.85732E-01 -1.92969E-01
    8988.683     -9.713  -0.120  9.43514E-02  2.94819E-01 -2.00467E-01
    8988.713     -9.683  -0.080  9.54591E-02  3.01368E-01 -2.05909E-01
    8988.738     -9.658   0.000  9.63224E-02  3.06633E-01 -2.10311E-01
    8988.793     -9.603   0.120  9.81831E-02  3.18495E-01 -2.20312E-01
    8988.835     -9.561   0.160  9.95679E-02  3.27742E-01 -2.28174E-01
    8988.890     -9.506   0.200  1.01229E-01  3.39535E-01 -2.38305E-01
    8988.957     -9.439   0.240  1.03076E-01  3.53743E-01 -2.50668E-01
    8989.036     -9.360   0.280  1.05041E-01  3.70076E-01 -2.65035E-01
    8989.128     -9.268   0.320  1.07073E-01  3.88154E-01 -2.81081E-01
    8989.231     -9.165   0.360  1.09125E-01  4.07460E-01 -2.98335E-01
    8989.347     -9.049   0.400  1.11265E-01  4.27462E-01 -3.16197E-01
    8989.475     -8.921   0.440  1.13605E-01  4.47656E-01 -3.34051E-01
    8989.616     -8.780   0.480  1.16370E-01  4.67645E-01 -3.51275E-01
    8989.768     -8.628   0.520  1.19844E-01  4.87211E-01 -3.67367E-01
    8989.933     -8.463   0.560  1.24351E-01  5.06222E-01 -3.81872E-01
    8990.109     -8.287   0.600  1.30282E-01  5.24648E-01 -3.94366E-01
    8990.298     -8.098   0.640  1.38058E-01  5.42541E-01 -4.04483E-01
    8990.499     -7.897   0.680  1.48155E-01  5.59946E-01 -4.11791E-01
    8990.713     -7.683   0.720  1.61158E-01  5.76983E-01 -4.15825E-01
    8990.938     -7.458   0.760  1.77694E-01  5.93687E-01 -4.15993E-01
    8991.176     -7.220   0.800  1.98908E-01  6.10146E-01 -4.11238E-01
    8991.426     -6.970   0.840  2.27036E-01  6.26436E-01 -3.99399E-01
    8991.688     -6.708   0.880  2.65681E-01  6.42556E-01 -3.76875E-01
    8991.962     -6.434   0.920  3.19650E-01  6.58578E-01 -3.38928E-01
    8992.249     -6.147   0.960  3.92786E-01  6.74476E-01 -2.81690E-01
    8992.548     -5.848   1.000  4.82995E-01  6.90278E-01 -2.07283E-01
    8992.859     -5.537   1.040  5.74162E-01  7.05961E-01 -1.31800E-01
    8993.182     -5.214   1.080  6.38429E-01  7.21518E-01 -8.30889E-02
    8993.517     -4.879   1.120  6.59079E-01  7.36932E-01 -7.78525E-02
    8993.864     -4.532   1.160  6.44905E-01  7.52184E-01 -1.07279E-01
    8994.224     -4.172   1.200  6.15032E-01  7.67249E-01 -1.52217E-01
    8994.596     -3.800   1.240  5.79432E-01  7.82063E-01 -2.02630E-01
    8994.980     -3.416   1.280  5.39870E-01  7.96635E-01 -2.56765E-01
    8995.376     -3.020   1.320  5.03985E-01  8.10894E-01 -3.06909E-01
    8995.785     -2.611   1.360  4.82006E-01  8.24829E-01 -3.42823E-01
    8996.205     -2.191   1.400  4.73575E-01  8.38410E-01 -3.64835E-01
    8996.638     -1.758   1.440  4.74416E-01  8.51605E-01 -3.77190E-01
    8997.083     -1.313   1.480  4.87627E-01  8.64383E-01 -3.76756E-01
    8997.540     -0.856   1.520  5.17527E-01  8.76711E-01 -3.59184E-01
    8998.010     -0.386   1.560  5.60748E-01  8.88560E-01 -3.27812E-01
    8998.491      0.095   1.600  6.10642E-01  8.99923E-01 -2.89281E-01
    8998.985      0.589   1.640  6.68945E-01  9.10773E-01 -2.41828E-01
    8999.491      1.095   1.680  7.39164E-01  9.21103E-01 -1.81940E-01
    9000.009      1.613   1.720  8.14116E-01  9.30909E-01 -1.16793E-01
    9000.540      2.144   1.760  8.95886E-01  9.40168E-01 -4.42811E-02
    9001.082      2.686   1.800  9.93457E-01  9.48878E-01  4.45795E-02
    9001.637      3.241   1.840  1.10056E+00  9.57019E-01  1.43545E-01
    9002.204      3.808   1.880  1.19675E+00  9.64632E-01  2.32117E-01
    9002.783      4.387   1.920  1.26242E+00  9.71682E-01  2.90743E-01
    9003.374      4.978   1.960  1.30225E+00  9.78212E-01  3.24037E-01
    9003.978      5.582   2.000  1.34653E+00  9.84206E-01  3.62325E-01
    9004.593      6.197   2.040  1.42290E+00  9.89671E-01  4.33231E-01
    9005.221      6.825   2.080  1.50878E+00  9.94657E-01  5.14119E-01
    9005.861      7.465   2.120  1.52771E+00  9.99128E-01  5.28579E-01
    9006.514      8.118   2.160  1.44370E+00  1.00314E+00  4.40560E-01
    9007.178      8.782   2.200  1.30913E+00  1.00671E+00  3.02425E-01
    9007.855      9.459   2.240  1.18183E+00  1.00981E+00  1.72017E-01
    9008.544     10.148   2.280  1.08542E+00  1.01253E+00  7.28910E-02
    9009.245     10.849   2.320  1.02488E+00  1.01484E+00  1.00400E-02
    9009.958     11.562   2.360  9.98064E-01  1.01678E+00 -1.87170E-02
    9010.683     12.287   2.400  1.00106E+00  1.01838E+00 -1.73159E-02
    9011.421     13.025   2.440  1.02795E+00  1.01965E+00  8.29712E-03
    9012.171     13.775   2.480  1.07331E+00  1.02060E+00  5.27129E-02
    9012.933     14.537   2.520  1.13185E+00  1.02128E+00  1.10570E-01
    9013.707     15.311   2.560  1.18845E+00  1.02169E+00  1.66756E-01
    9014.493     16.097   2.600  1.23359E+00  1.02185E+00  2.11737E-01
    9015.292     16.896   2.640  1.26284E+00  1.02180E+00  2.41034E-01
    9016.103     17.707   2.680  1.27382E+00  1.02154E+00  2.52280E-01
    9016.926     18.529   2.720  1.26872E+00  1.02111E+00  2.47602E-01
    9017.761     19.365   2.760  1.25173E+00  1.02052E+00  2.31215E-01
    9018.608     20.212   2.800  1.22512E+00  1.01977E+00  2.05350E-01
    9019.468     21.072   2.840  1.18846E+00  1.01889E+00  1.69575E-01
    9020.339     21.943   2.880  1.14274E+00  1.01789E+00  1.24850E-01
    9021.223     22.827   2.920  1.09002E+00  1.01682E+00  7.31986E-02
    9022.119     23.723   2.960  1.03439E+00  1.01565E+00  1.87434E-02
    9023.028     24.632   3.000  9.80698E-01  1.01440E+00 -3.37036E-02
    9023.948     25.552   3.040  9.32945E-01  1.01313E+00 -8.01813E-02
    9024.881     26.485   3.080  8.93232E-01  1.01179E+00 -1.18557E-01
    9025.826     27.430   3.120  8.62459E-01  1.01043E+00 -1.47975E-01
    9026.783     28.387   3.160  8.40007E-01  1.00905E+00 -1.69041E-01
    9027.752     29.356   3.200  8.25066E-01  1.00766E+00 -1.82591E-01
    9028.733     30.337   3.240  8.17108E-01  1.00627E+00 -1.89157E-01
    9029.727     31.331   3.280  8.15352E-01  1.00490E+00 -1.89549E-01
    9030.733     32.337   3.320  8.18528E-01  1.00354E+00 -1.85015E-01
    9031.751     33.355   3.360  8.25000E-01  1.00222E+00 -1.77217E-01
    9032.781     34.385   3.400  8.33114E-01  1.00091E+00 -1.67792E-01
    9033.824     35.428   3.440  8.41383E-01  9.99654E-01 -1.58270E-01
    9034.878     36.482   3.480  8.49144E-01  9.98423E-01 -1.49279E-01
    9035.945     37.549   3.520  8.56441E-01  9.97258E-01 -1.40816E-01
    9037.024     38.628   3.560  8.63412E-01  9.96159E-01 -1.32748E-01
    9038.115     39.719   3.600  8.70088E-01  9.95089E-01 -1.25001E-01
    9039.218     40.822   3.640  8.76630E-01  9.94111E-01 -1.17481E-01
    9040.334     41.938   3.680  8.83299E-01  9.93184E-01 -1.09885E-01
    9041.462     43.066   3.720  8.90620E-01  9.92309E-01 -1.01689E-01
    9042.602     44.206   3.760  8.99441E-01  9.91530E-01 -9.20885E-02
    9043.754     45.358   3.800  9.10448E-01  9.90806E-01 -8.03575E-02
    9044.918     46.522   3.840  9.23883E-01  9.90156E-01 -6.62736E-02
    9046.095     47.699   3.880  9.39360E-01  9.89562E-01 -5.02027E-02
    9047.283     48.887   3.920  9.56163E-01  9.89068E-01 -3.29057E-02
    9048.484     50.088   3.960  9.73193E-01  9.88651E-01 -1.54587E-02
    9049.697     51.301   4.000  9.89345E-01  9.88289E-01  1.05629E-03
    9050.923     52.527   4.040  1.00385E+00  9.88003E-01  1.58498E-02
    9052.160     53.764   4.080  1.01627E+00  9.87795E-01  2.84738E-02
    9053.410     55.014   4.120  1.02632E+00  9.87662E-01  3.86546E-02
    9054.672     56.276   4.160  1.03403E+00  9.87581E-01  4.64468E-02
    9055.946     57.550   4.200  1.03966E+00  9.87575E-01  5.20801E-02
    9057.232     58.836   4.240  1.04353E+00  9.87643E-01  5.58899E-02
    9058.531     60.135   4.280  1.04598E+00  9.87761E-01  5.82217E-02
    9059.841     61.445   4.320  1.04738E+00  9.87950E-01  5.94253E-02
    9061.164     62.768   4.360  1.04814E+00  9.88189E-01  5.99498E-02
    9062.499     64.103   4.400  1.04883E+00  9.88496E-01  6.03337E-02
    9063.846     65.450   4.440  1.05005E+00  9.88850E-01  6.12015E-02
    9065.206     66.810   4.480  1.05222E+00  9.89248E-01  6.29688E-02
    9066.577     68.181   4.520  1.05547E+00  9.89710E-01  6.57644E-02
    9067.961     69.565   4.560  1.05966E+00  9.90192E-01  6.94714E-02
    9069.357     70.961   4.600  1.06448E+00  9.90734E-01  7.37491E-02
    9070.765     72.369   4.640  1.06933E+00  9.91293E-01  7.80377E-02
    9072.186     73.789   4.680  1.07359E+00  9.91886E-01  8.16998E-02
    9073.618     75.222   4.720  1.07660E+00  9.92513E-01  8.40862E-02
    9075.063     76.667   4.760  1.07768E+00  9.93151E-01  8.45284E-02
    9076.520     78.124   4.800  1.07627E+00  9.93821E-01  8.24515E-02
    9077.989     79.593   4.840  1.07206E+00  9.94520E-01  7.75393E-02
    9079.470     81.074   4.880  1.06512E+00  9.95201E-01  6.99176E-02
    9080.964     82.568   4.920  1.05612E+00  9.95906E-01  6.02140E-02
    9082.469     84.073   4.960  1.04582E+00  9.96612E-01  4.92065E-02
    9083.987     85.591   5.000  1.03477E+00  9.97317E-01  3.74530E-02
    9085.517     87.121   5.040  1.02335E+00  9.97997E-01  2.53524E-02
    9087.060     88.664   5.080  1.01205E+00  9.98695E-01  1.33571E-02
    9088.614     90.218   5.120  1.00142E+00  9.99366E-01  2.05398E-03
    9090.181     91.785   5.160  9.91982E-01  1.00003E+00 -8.04764E-03
    9091.760     93.364   5.200  9.84010E-01  1.00068E+00 -1.66724E-02
    9093.351     94.955   5.240  9.77472E-01  1.00128E+00 -2.38095E-02
    9094.954     96.558   5.280  9.72200E-01  1.00189E+00 -2.96881E-02
    9096.569     98.173   5.320  9.67803E-01  1.00244E+00 -3.46352E-02
    9098.197     99.801   5.360  9.64181E-01  1.00297E+00 -3.87896E-02
    9099.837    101.441   5.400  9.61557E-01  1.00344E+00 -4.18849E-02
    9101.489    103.093   5.440  9.60572E-01  1.00390E+00 -4.33248E-02
    9103.153    104.757   5.480  9.61742E-01  1.00431E+00 -4.25696E-02
    9104.829    106.433   5.520  9.65068E-01  1.00469E+00 -3.96173E-02
    9106.518    108.122   5.560  9.69727E-01  1.00501E+00 -3.52871E-02
    9108.219    109.823   5.600  9.74323E-01  1.00528E+00 -3.09535E-02
    9109.932    111.536   5.640  9.77689E-01  1.00549E+00 -2.78035E-02
    9111.657    113.261   5.680  9.79572E-01  1.00567E+00 -2.60933E-02
    9113.394    114.998   5.720  9.80652E-01  1.00580E+00 -2.51432E-02
    9115.144    116.748   5.760  9.81996E-01  1.00588E+00 -2.38856E-02
    9116.906    118.510   5.800  9.84302E-01  1.00590E+00 -2.15957E-02
    9118.680    120.283   5.840  9.87576E-01  1.00587E+00 -1.82935E-02
    9120.466    122.070   5.880  9.91158E-01  1.00580E+00 -1.46376E-02
    9122.264    123.868   5.920  9.94140E-01  1.00565E+00 -1.15115E-02
    9124.074    125.678   5.960  9.95880E-01  1.00546E+00 -9.57801E-03
    9125.897    127.501   6.000  9.96049E-01  1.00518E+00 -9.13400E-03
