# # comment:                                                     FEFF 9.9.1  
# # Source:
# # Structure
# # Reduced
# # space
# # abc:
# # angles:
# # sites:
# # POT  SCF 100  7.0000   0, screened core-hole, AFOLP (folp(0)= 1.150)
# # Abs   Z=29 Rmt= 1.240 Rnm= 1.310 K  shell
# # Pot 1 Z=69 Rmt= 1.652 Rnm= 1.697
# # Pot 2 Z=22 Rmt= 1.267 Rnm= 1.396
# # Pot 3 Z=29 Rmt= 1.224 Rnm= 1.301
# # Pot 4 Z= 8 Rmt= 1.030 Rnm= 1.099
# # Gam_ch=1.729E+00 H-L exch Vi= 0.000E+00 Vr= 0.000E+00
# # Mu=-1.038E+01eV kf=2.197E+00 Vint=-1.928E+01eV Rs_int= 1.651
# FMS rfms= 9.0000
# # PATH  Rmax=-1.000,  Keep_limit= 0.00, Heap_limit 0.00  Pwcrit= 2.50%
#  S02=0.950  Temp=   0.00  Debye_temp=   0.00  Global_sig2= 0.00000
#  Energy zero shift, vr, vi    0.00000E+00   0.00000E+00
#  Curved wave amplitude ratio filter   4.000%
#     file         sig2 tot  cw amp ratio   deg  nlegs   reff  inp sig2
#     0/   0 paths used
#  xsedge+ 50, used to normalize mu           2.4860E-04
#  -----------------------------------------------------------------------
#  omega    e    k    mu    mu0     chi     @#
    8984.966    -14.187  -1.000  3.58629E-02  4.92880E-02 -1.34250E-02
    8985.265    -13.889  -0.960  3.76374E-02  5.27575E-02 -1.51201E-02
    8985.551    -13.602  -0.920  3.95279E-02  5.66052E-02 -1.70773E-02
    8985.825    -13.328  -0.880  4.15439E-02  6.08863E-02 -1.93424E-02
    8986.087    -13.066  -0.840  4.36959E-02  6.56650E-02 -2.19692E-02
    8986.337    -12.816  -0.800  4.59950E-02  7.10156E-02 -2.50206E-02
    8986.575    -12.578  -0.760  4.84536E-02  7.70235E-02 -2.85699E-02
    8986.801    -12.353  -0.720  5.10842E-02  8.37848E-02 -3.27007E-02
    8987.014    -12.139  -0.680  5.38997E-02  9.14057E-02 -3.75059E-02
    8987.215    -11.938  -0.640  5.69126E-02  9.99978E-02 -4.30853E-02
    8987.404    -11.749  -0.600  6.01329E-02  1.09671E-01 -4.95380E-02
    8987.581    -11.572  -0.560  6.35666E-02  1.20518E-01 -5.69517E-02
    8987.746    -11.408  -0.520  6.72123E-02  1.32595E-01 -6.53829E-02
    8987.898    -11.255  -0.480  7.10566E-02  1.45888E-01 -7.48316E-02
    8988.038    -11.115  -0.440  7.50698E-02  1.60281E-01 -8.52114E-02
    8988.166    -10.987  -0.400  7.92008E-02  1.75524E-01 -9.63236E-02
    8988.282    -10.871  -0.360  8.33759E-02  1.91227E-01 -1.07851E-01
    8988.386    -10.768  -0.320  8.75004E-02  2.06880E-01 -1.19380E-01
    8988.477    -10.676  -0.280  9.14660E-02  2.21920E-01 -1.30454E-01
    8988.556    -10.597  -0.240  9.51603E-02  2.35802E-01 -1.40642E-01
    8988.623    -10.530  -0.200  9.84770E-02  2.48073E-01 -1.49596E-01
    8988.678    -10.475  -0.160  1.01324E-01  2.58396E-01 -1.57073E-01
    8988.721    -10.432  -0.120  1.03625E-01  2.66559E-01 -1.62934E-01
    8988.751    -10.402  -0.080  1.05323E-01  2.72440E-01 -1.67117E-01
    8988.776    -10.377   0.000  1.06742E-01  2.77166E-01 -1.70424E-01
    8988.831    -10.323   0.120  1.09911E-01  2.87828E-01 -1.77917E-01
    8988.873    -10.280   0.160  1.12371E-01  2.96110E-01 -1.83739E-01
    8988.928    -10.225   0.200  1.15599E-01  3.06704E-01 -1.91105E-01
    8988.995    -10.158   0.240  1.19595E-01  3.19450E-01 -1.99854E-01
    8989.075    -10.079   0.280  1.24389E-01  3.34100E-01 -2.09711E-01
    8989.166     -9.987   0.320  1.30027E-01  3.50293E-01 -2.20265E-01
    8989.270     -9.884   0.360  1.36480E-01  3.67575E-01 -2.31095E-01
    8989.385     -9.768   0.400  1.43740E-01  3.85465E-01 -2.41724E-01
    8989.513     -9.640   0.440  1.51702E-01  4.03502E-01 -2.51800E-01
    8989.654     -9.500   0.480  1.60296E-01  4.21368E-01 -2.61072E-01
    8989.806     -9.347   0.520  1.69304E-01  4.38809E-01 -2.69505E-01
    8989.971     -9.183   0.560  1.78587E-01  4.55726E-01 -2.77140E-01
    8990.147     -9.006   0.600  1.88038E-01  4.72133E-01 -2.84096E-01
    8990.336     -8.817   0.640  1.97641E-01  4.88040E-01 -2.90399E-01
    8990.538     -8.616   0.680  2.08006E-01  5.03530E-01 -2.95523E-01
    8990.751     -8.402   0.720  2.20817E-01  5.18696E-01 -2.97879E-01
    8990.976     -8.177   0.760  2.38855E-01  5.33632E-01 -2.94777E-01
    8991.214     -7.939   0.800  2.65451E-01  5.48363E-01 -2.82911E-01
    8991.464     -7.689   0.840  3.03633E-01  5.63000E-01 -2.59367E-01
    8991.726     -7.427   0.880  3.54230E-01  5.77548E-01 -2.23318E-01
    8992.001     -7.153   0.920  4.12867E-01  5.92076E-01 -1.79208E-01
    8992.287     -6.866   0.960  4.69940E-01  6.06601E-01 -1.36661E-01
    8992.586     -6.567   1.000  5.20026E-01  6.21115E-01 -1.01089E-01
    8992.897     -6.257   1.040  5.67640E-01  6.35641E-01 -6.80009E-02
    8993.220     -5.933   1.080  6.16452E-01  6.50172E-01 -3.37206E-02
    8993.555     -5.598   1.120  6.63045E-01  6.64700E-01 -1.65483E-03
    8993.903     -5.251   1.160  7.05715E-01  6.79207E-01  2.65077E-02
    8994.262     -4.891   1.200  7.40791E-01  6.93696E-01  4.70955E-02
    8994.634     -4.519   1.240  7.43199E-01  7.08102E-01  3.50967E-02
    8995.018     -4.135   1.280  6.95689E-01  7.22442E-01 -2.67527E-02
    8995.414     -3.739   1.320  6.28615E-01  7.36667E-01 -1.08053E-01
    8995.823     -3.330   1.360  5.77997E-01  7.50769E-01 -1.72771E-01
    8996.243     -2.910   1.400  5.60907E-01  7.64697E-01 -2.03789E-01
    8996.676     -2.477   1.440  5.89561E-01  7.78421E-01 -1.88860E-01
    8997.121     -2.032   1.480  6.67291E-01  7.91926E-01 -1.24635E-01
    8997.578     -1.575   1.520  7.68415E-01  8.05163E-01 -3.67483E-02
    8998.048     -1.105   1.560  8.53292E-01  8.18140E-01  3.51517E-02
    8998.529     -0.624   1.600  9.11999E-01  8.30786E-01  8.12137E-02
    8999.023     -0.130   1.640  9.39679E-01  8.43107E-01  9.65721E-02
    8999.529      0.376   1.680  9.19636E-01  8.55075E-01  6.45608E-02
    9000.047      0.894   1.720  8.57667E-01  8.66639E-01 -8.97159E-03
    9000.578      1.424   1.760  7.94531E-01  8.77809E-01 -8.32787E-02
    9001.120      1.967   1.800  7.69134E-01  8.88560E-01 -1.19426E-01
    9001.675      2.522   1.840  7.82940E-01  8.98883E-01 -1.15943E-01
    9002.242      3.089   1.880  8.24919E-01  9.08752E-01 -8.38325E-02
    9002.821      3.668   1.920  8.92462E-01  9.18141E-01 -2.56787E-02
    9003.412      4.259   1.960  9.75866E-01  9.27088E-01  4.87780E-02
    9004.016      4.863   2.000  1.05797E+00  9.35531E-01  1.22436E-01
    9004.631      5.478   2.040  1.11664E+00  9.43507E-01  1.73133E-01
    9005.259      6.106   2.080  1.15663E+00  9.51016E-01  2.05610E-01
    9005.899      6.746   2.120  1.20357E+00  9.58021E-01  2.45551E-01
    9006.552      7.398   2.160  1.26717E+00  9.64560E-01  3.02606E-01
    9007.216      8.063   2.200  1.34350E+00  9.70641E-01  3.72856E-01
    9007.893      8.740   2.240  1.40136E+00  9.76243E-01  4.25112E-01
    9008.582      9.428   2.280  1.39601E+00  9.81392E-01  4.14613E-01
    9009.283     10.129   2.320  1.35046E+00  9.86094E-01  3.64364E-01
    9009.996     10.843   2.360  1.32514E+00  9.90354E-01  3.34791E-01
    9010.721     11.568   2.400  1.32123E+00  9.94199E-01  3.27032E-01
    9011.459     12.306   2.440  1.29095E+00  9.97638E-01  2.93313E-01
    9012.209     13.056   2.480  1.21128E+00  1.00068E+00  2.10601E-01
    9012.971     13.818   2.520  1.11271E+00  1.00336E+00  1.09342E-01
    9013.745     14.592   2.560  1.02957E+00  1.00567E+00  2.38974E-02
    9014.531     15.378   2.600  9.78051E-01  1.00764E+00 -2.95876E-02
    9015.330     16.177   2.640  9.54134E-01  1.00928E+00 -5.51484E-02
    9016.141     16.987   2.680  9.40068E-01  1.01061E+00 -7.05406E-02
    9016.964     17.810   2.720  9.29889E-01  1.01165E+00 -8.17597E-02
    9017.799     18.646   2.760  9.23718E-01  1.01243E+00 -8.87122E-02
    9018.646     19.493   2.800  9.21473E-01  1.01294E+00 -9.14699E-02
    9019.506     20.352   2.840  9.21966E-01  1.01324E+00 -9.12690E-02
    9020.377     21.224   2.880  9.22230E-01  1.01330E+00 -9.10647E-02
    9021.261     22.108   2.920  9.19467E-01  1.01315E+00 -9.36865E-02
    9022.157     23.004   2.960  9.12459E-01  1.01284E+00 -1.00380E-01
    9023.066     23.912   3.000  9.01753E-01  1.01236E+00 -1.10607E-01
    9023.986     24.833   3.040  8.88993E-01  1.01172E+00 -1.22731E-01
    9024.919     25.766   3.080  8.76121E-01  1.01096E+00 -1.34837E-01
    9025.864     26.710   3.120  8.65101E-01  1.01007E+00 -1.44969E-01
    9026.821     27.668   3.160  8.57226E-01  1.00907E+00 -1.51843E-01
    9027.790     28.637   3.200  8.53633E-01  1.00798E+00 -1.54346E-01
    9028.772     29.618   3.240  8.55118E-01  1.00683E+00 -1.51713E-01
    9029.765     30.612   3.280  8.61571E-01  1.00559E+00 -1.44017E-01
    9030.771     31.618   3.320  8.72291E-01  1.00432E+00 -1.32027E-01
    9031.789     32.636   3.360  8.86106E-01  1.00299E+00 -1.16880E-01
    9032.819     33.666   3.400  9.01637E-01  1.00164E+00 -1.00003E-01
    9033.862     34.708   3.440  9.17014E-01  1.00028E+00 -8.32676E-02
    9034.916     35.763   3.480  9.31065E-01  9.98897E-01 -6.78317E-02
    9035.983     36.830   3.520  9.43653E-01  9.97508E-01 -5.38559E-02
    9037.062     37.909   3.560  9.55478E-01  9.96123E-01 -4.06443E-02
    9038.153     39.000   3.600  9.67603E-01  9.94765E-01 -2.71615E-02
    9039.257     40.103   3.640  9.80832E-01  9.93419E-01 -1.25870E-02
    9040.372     41.219   3.680  9.95334E-01  9.92127E-01  3.20750E-03
    9041.500     42.347   3.720  1.01040E+00  9.90849E-01  1.95507E-02
    9042.640     43.487   3.760  1.02480E+00  9.89611E-01  3.51896E-02
    9043.792     44.639   3.800  1.03670E+00  9.88413E-01  4.82864E-02
    9044.956     45.803   3.840  1.04386E+00  9.87260E-01  5.65954E-02
    9046.133     46.980   3.880  1.04444E+00  9.86176E-01  5.82655E-02
    9047.322     48.168   3.920  1.03770E+00  9.85161E-01  5.25415E-02
    9048.522     49.369   3.960  1.02460E+00  9.84194E-01  4.04014E-02
    9049.736     50.582   4.000  1.00778E+00  9.83279E-01  2.45050E-02
    9050.961     51.808   4.040  9.90894E-01  9.82456E-01  8.43817E-03
    9052.198     53.045   4.080  9.77524E-01  9.81666E-01 -4.14258E-03
    9053.448     54.295   4.120  9.70620E-01  9.80972E-01 -1.03520E-02
    9054.710     55.557   4.160  9.71865E-01  9.80353E-01 -8.48805E-03
    9055.984     56.831   4.200  9.81434E-01  9.79788E-01  1.64585E-03
    9057.270     58.117   4.240  9.98024E-01  9.79296E-01  1.87282E-02
    9058.569     59.415   4.280  1.01898E+00  9.78880E-01  4.01019E-02
    9059.879     60.726   4.320  1.04078E+00  9.78519E-01  6.22632E-02
    9061.202     62.049   4.360  1.05990E+00  9.78253E-01  8.16472E-02
    9062.537     63.384   4.400  1.07341E+00  9.78039E-01  9.53717E-02
    9063.884     64.731   4.440  1.07976E+00  9.77879E-01  1.01878E-01
    9065.244     66.090   4.480  1.07854E+00  9.77811E-01  1.00729E-01
    9066.615     67.462   4.520  1.07042E+00  9.77796E-01  9.26277E-02
    9067.999     68.846   4.560  1.05744E+00  9.77832E-01  7.96131E-02
    9069.395     70.242   4.600  1.04273E+00  9.77957E-01  6.47778E-02
    9070.803     71.650   4.640  1.02945E+00  9.78109E-01  5.13436E-02
    9072.224     73.070   4.680  1.01987E+00  9.78328E-01  4.15429E-02
    9073.656     74.503   4.720  1.01449E+00  9.78591E-01  3.58990E-02
    9075.101     75.948   4.760  1.01231E+00  9.78898E-01  3.34115E-02
    9076.558     77.405   4.800  1.01158E+00  9.79268E-01  3.23162E-02
    9078.027     78.874   4.840  1.01059E+00  9.79658E-01  3.09307E-02
    9079.508     80.355   4.880  1.00835E+00  9.80108E-01  2.82465E-02
    9081.002     81.849   4.920  1.00433E+00  9.80572E-01  2.37568E-02
    9082.508     83.354   4.960  9.98222E-01  9.81071E-01  1.71507E-02
    9084.025     84.872   5.000  9.89894E-01  9.81604E-01  8.28991E-03
    9085.556     86.402   5.040  9.79401E-01  9.82147E-01 -2.74566E-03
    9087.098     87.945   5.080  9.67008E-01  9.82718E-01 -1.57110E-02
    9088.652     89.499   5.120  9.53042E-01  9.83296E-01 -3.02538E-02
    9090.219     91.066   5.160  9.38039E-01  9.83877E-01 -4.58376E-02
    9091.798     92.645   5.200  9.22841E-01  9.84481E-01 -6.16404E-02
    9093.389     94.236   5.240  9.08398E-01  9.85064E-01 -7.66660E-02
    9094.992     95.839   5.280  8.95732E-01  9.85645E-01 -8.99130E-02
    9096.608     97.454   5.320  8.85777E-01  9.86245E-01 -1.00467E-01
    9098.235     99.082   5.360  8.79272E-01  9.86817E-01 -1.07545E-01
    9099.875    100.722   5.400  8.76768E-01  9.87360E-01 -1.10592E-01
    9101.527    102.374   5.440  8.78458E-01  9.87894E-01 -1.09436E-01
    9103.191    104.038   5.480  8.83997E-01  9.88419E-01 -1.04422E-01
    9104.868    105.714   5.520  8.92688E-01  9.88909E-01 -9.62212E-02
    9106.556    107.403   5.560  9.04087E-01  9.89362E-01 -8.52750E-02
    9108.257    109.104   5.600  9.18515E-01  9.89780E-01 -7.12649E-02
    9109.970    110.817   5.640  9.36879E-01  9.90184E-01 -5.33050E-02
    9111.695    112.542   5.680  9.59757E-01  9.90548E-01 -3.07903E-02
    9113.432    114.279   5.720  9.86477E-01  9.90848E-01 -4.37163E-03
    9115.182    116.029   5.760  1.01496E+00  9.91132E-01  2.38325E-02
    9116.944    117.790   5.800  1.04231E+00  9.91374E-01  5.09347E-02
    9118.718    119.564   5.840  1.06584E+00  9.91548E-01  7.42942E-02
    9120.504    121.350   5.880  1.08378E+00  9.91678E-01  9.21019E-02
    9122.302    123.149   5.920  1.09498E+00  9.91764E-01  1.03212E-01
    9124.113    124.959   5.960  1.09820E+00  9.91799E-01  1.06400E-01
    9125.935    126.782   6.000  1.09149E+00  9.91732E-01  9.97543E-02
