# # comment:                                                     FEFF 9.9.1  
# # Source:
# # Structure
# # Reduced
# # space
# # abc:
# # angles:
# # sites:
# # POT  SCF 100  7.0000   0, screened core-hole, AFOLP (folp(0)= 1.150)
# # Abs   Z=29 Rmt= 1.146 Rnm= 1.246 K  shell
# # Pot 1 Z=38 Rmt= 1.780 Rnm= 1.827
# # Pot 2 Z=29 Rmt= 1.146 Rnm= 1.246
# # Pot 3 Z= 8 Rmt= 0.991 Rnm= 1.072
# # Gam_ch=1.729E+00 H-L exch Vi= 0.000E+00 Vr= 0.000E+00
# # Mu=-8.276E+00eV kf=2.134E+00 Vint=-1.798E+01eV Rs_int= 1.699
# FMS rfms= 9.0000
# # PATH  Rmax=-1.000,  Keep_limit= 0.00, Heap_limit 0.00  Pwcrit= 2.50%
#  S02=0.950  Temp=   0.00  Debye_temp=   0.00  Global_sig2= 0.00000
#  Energy zero shift, vr, vi    0.00000E+00   0.00000E+00
#  Curved wave amplitude ratio filter   4.000%
#     file         sig2 tot  cw amp ratio   deg  nlegs   reff  inp sig2
#     0/   0 paths used
#  xsedge+ 50, used to normalize mu           2.4392E-04
#  -----------------------------------------------------------------------
#  omega    e    k    mu    mu0     chi     @#
    8985.067    -12.086  -1.000  3.57785E-02  5.81215E-02 -2.23430E-02
    8985.365    -11.787  -0.960  3.74767E-02  6.24592E-02 -2.49825E-02
    8985.652    -11.501  -0.920  3.93002E-02  6.72889E-02 -2.79887E-02
    8985.926    -11.226  -0.880  4.12659E-02  7.26836E-02 -3.14177E-02
    8986.188    -10.964  -0.840  4.33939E-02  7.87287E-02 -3.53348E-02
    8986.438    -10.714  -0.800  4.57085E-02  8.55231E-02 -3.98147E-02
    8986.676    -10.477  -0.760  4.82380E-02  9.31805E-02 -4.49425E-02
    8986.901    -10.251  -0.720  5.10157E-02  1.01829E-01 -5.08136E-02
    8987.115    -10.038  -0.680  5.40789E-02  1.11611E-01 -5.75322E-02
    8987.316     -9.836  -0.640  5.74683E-02  1.22676E-01 -6.52076E-02
    8987.505     -9.647  -0.600  6.12245E-02  1.35170E-01 -7.39459E-02
    8987.682     -9.471  -0.560  6.53833E-02  1.49221E-01 -8.38377E-02
    8987.846     -9.306  -0.520  6.99665E-02  1.64903E-01 -9.49365E-02
    8987.999     -9.154  -0.480  7.49699E-02  1.82201E-01 -1.07231E-01
    8988.139     -9.013  -0.440  8.03491E-02  2.00963E-01 -1.20614E-01
    8988.267     -8.885  -0.400  8.60081E-02  2.20860E-01 -1.34852E-01
    8988.383     -8.770  -0.360  9.17951E-02  2.41375E-01 -1.49580E-01
    8988.486     -8.666  -0.320  9.75144E-02  2.61835E-01 -1.64321E-01
    8988.578     -8.575  -0.280  1.02952E-01  2.81494E-01 -1.78542E-01
    8988.657     -8.495  -0.240  1.07909E-01  2.99637E-01 -1.91728E-01
    8988.724     -8.428  -0.200  1.12229E-01  3.15664E-01 -2.03435E-01
    8988.779     -8.373  -0.160  1.15811E-01  3.29139E-01 -2.13328E-01
    8988.822     -8.331  -0.120  1.18605E-01  3.39787E-01 -2.21182E-01
    8988.852     -8.300  -0.080  1.20596E-01  3.47454E-01 -2.26858E-01
    8988.876     -8.276   0.000  1.22182E-01  3.53613E-01 -2.31431E-01
    8988.931     -8.221   0.120  1.25626E-01  3.67486E-01 -2.41860E-01
    8988.974     -8.178   0.160  1.28240E-01  3.78270E-01 -2.50030E-01
    8989.029     -8.123   0.200  1.31464E-01  3.92021E-01 -2.60557E-01
    8989.096     -8.056   0.240  1.35127E-01  4.08520E-01 -2.73392E-01
    8989.175     -7.977   0.280  1.39039E-01  4.27462E-01 -2.88423E-01
    8989.267     -7.886   0.320  1.42856E-01  4.48306E-01 -3.05449E-01
    8989.370     -7.782   0.360  1.46162E-01  4.70408E-01 -3.24245E-01
    8989.486     -7.666   0.400  1.48641E-01  4.93150E-01 -3.44508E-01
    8989.614     -7.538   0.440  1.49944E-01  5.15867E-01 -3.65923E-01
    8989.754     -7.398   0.480  1.50024E-01  5.38115E-01 -3.88092E-01
    8989.907     -7.246   0.520  1.49064E-01  5.59576E-01 -4.10512E-01
    8990.071     -7.081   0.560  1.47539E-01  5.80093E-01 -4.32554E-01
    8990.248     -6.904   0.600  1.46114E-01  5.99650E-01 -4.53536E-01
    8990.437     -6.715   0.640  1.45388E-01  6.18292E-01 -4.72904E-01
    8990.638     -6.514   0.680  1.45827E-01  6.36107E-01 -4.90279E-01
    8990.852     -6.301   0.720  1.47832E-01  6.53199E-01 -5.05367E-01
    8991.077     -6.075   0.760  1.51710E-01  6.69671E-01 -5.17961E-01
    8991.315     -5.837   0.800  1.57910E-01  6.85634E-01 -5.27724E-01
    8991.565     -5.588   0.840  1.66934E-01  7.01145E-01 -5.34211E-01
    8991.827     -5.325   0.880  1.79556E-01  7.16267E-01 -5.36711E-01
    8992.101     -5.051   0.920  1.96860E-01  7.31068E-01 -5.34207E-01
    8992.388     -4.765   0.960  2.20327E-01  7.45561E-01 -5.25234E-01
    8992.686     -4.466   1.000  2.51730E-01  7.59766E-01 -5.08036E-01
    8992.997     -4.155   1.040  2.92171E-01  7.73695E-01 -4.81525E-01
    8993.320     -3.832   1.080  3.38995E-01  7.87352E-01 -4.48358E-01
    8993.656     -3.497   1.120  3.82828E-01  8.00733E-01 -4.17905E-01
    8994.003     -3.149   1.160  4.13404E-01  8.13828E-01 -4.00424E-01
    8994.363     -2.789   1.200  4.31995E-01  8.26604E-01 -3.94609E-01
    8994.735     -2.418   1.240  4.50789E-01  8.39085E-01 -3.88296E-01
    8995.119     -2.034   1.280  4.80198E-01  8.51231E-01 -3.71033E-01
    8995.515     -1.637   1.320  5.24923E-01  8.62998E-01 -3.38075E-01
    8995.923     -1.229   1.360  5.87538E-01  8.74405E-01 -2.86867E-01
    8996.344     -0.808   1.400  6.67999E-01  8.85430E-01 -2.17430E-01
    8996.777     -0.375   1.440  7.67291E-01  8.96027E-01 -1.28736E-01
    8997.222      0.070   1.480  8.97893E-01  9.06213E-01 -8.32016E-03
    8997.679      0.527   1.520  1.08044E+00  9.15945E-01  1.64497E-01
    8998.148      0.996   1.560  1.32826E+00  9.25239E-01  4.03017E-01
    8998.630      1.478   1.600  1.60793E+00  9.34054E-01  6.73877E-01
    8999.124      1.971   1.640  1.79275E+00  9.42407E-01  8.50345E-01
    8999.630      2.477   1.680  1.77463E+00  9.50279E-01  8.24355E-01
    9000.148      2.996   1.720  1.60744E+00  9.57691E-01  6.49753E-01
    9000.678      3.526   1.760  1.40378E+00  9.64603E-01  4.39172E-01
    9001.221      4.068   1.800  1.24684E+00  9.71038E-01  2.75803E-01
    9001.776      4.623   1.840  1.17645E+00  9.77020E-01  1.99427E-01
    9002.343      5.190   1.880  1.17902E+00  9.82534E-01  1.96488E-01
    9002.922      5.769   1.920  1.20856E+00  9.87586E-01  2.20971E-01
    9003.513      6.361   1.960  1.23291E+00  9.92178E-01  2.40729E-01
    9004.116      6.964   2.000  1.24338E+00  9.96361E-01  2.47018E-01
    9004.732      7.580   2.040  1.23948E+00  1.00010E+00  2.39376E-01
    9005.360      8.208   2.080  1.22849E+00  1.00345E+00  2.25041E-01
    9006.000      8.848   2.120  1.21674E+00  1.00641E+00  2.10324E-01
    9006.652      9.500   2.160  1.20192E+00  1.00900E+00  1.92918E-01
    9007.317     10.164   2.200  1.17985E+00  1.01124E+00  1.68613E-01
    9007.993     10.841   2.240  1.14931E+00  1.01312E+00  1.36193E-01
    9008.682     11.530   2.280  1.11206E+00  1.01470E+00  9.73635E-02
    9009.383     12.231   2.320  1.07046E+00  1.01597E+00  5.44844E-02
    9010.097     12.944   2.360  1.03040E+00  1.01699E+00  1.34125E-02
    9010.822     13.670   2.400  1.00026E+00  1.01772E+00 -1.74612E-02
    9011.560     14.407   2.440  9.85717E-01  1.01823E+00 -3.25162E-02
    9012.309     15.157   2.480  9.86904E-01  1.01850E+00 -3.16001E-02
    9013.071     15.919   2.520  1.00296E+00  1.01857E+00 -1.56027E-02
    9013.846     16.693   2.560  1.03466E+00  1.01845E+00  1.62079E-02
    9014.632     17.480   2.600  1.06117E+00  1.01817E+00  4.29954E-02
    9015.431     18.278   2.640  1.07074E+00  1.01775E+00  5.29863E-02
    9016.241     19.089   2.680  1.05877E+00  1.01718E+00  4.15946E-02
    9017.064     19.912   2.720  1.02746E+00  1.01648E+00  1.09783E-02
    9017.899     20.747   2.760  9.86210E-01  1.01569E+00 -2.94754E-02
    9018.747     21.594   2.800  9.46036E-01  1.01481E+00 -6.87709E-02
    9019.606     22.454   2.840  9.13241E-01  1.01387E+00 -1.00627E-01
    9020.478     23.326   2.880  8.90076E-01  1.01284E+00 -1.22760E-01
    9021.362     24.210   2.920  8.76705E-01  1.01178E+00 -1.35072E-01
    9022.258     25.106   2.960  8.71888E-01  1.01068E+00 -1.38789E-01
    9023.166     26.014   3.000  8.74880E-01  1.00954E+00 -1.34661E-01
    9024.087     26.934   3.040  8.84695E-01  1.00840E+00 -1.23702E-01
    9025.020     27.867   3.080  8.99985E-01  1.00725E+00 -1.07263E-01
    9025.964     28.812   3.120  9.18826E-01  1.00610E+00 -8.72720E-02
    9026.921     29.769   3.160  9.38717E-01  1.00495E+00 -6.62362E-02
    9027.891     30.738   3.200  9.57607E-01  1.00384E+00 -4.62319E-02
    9028.872     31.720   3.240  9.74662E-01  1.00276E+00 -2.80943E-02
    9029.866     32.713   3.280  9.89897E-01  1.00169E+00 -1.17921E-02
    9030.872     33.719   3.320  1.00314E+00  1.00068E+00  2.45609E-03
    9031.890     34.737   3.360  1.01356E+00  9.99695E-01  1.38682E-02
    9032.920     35.768   3.400  1.02012E+00  9.98773E-01  2.13499E-02
    9033.962     36.810   3.440  1.02203E+00  9.97897E-01  2.41288E-02
    9035.017     37.865   3.480  1.01969E+00  9.97091E-01  2.25947E-02
    9036.084     38.931   3.520  1.01457E+00  9.96336E-01  1.82368E-02
    9037.163     40.010   3.560  1.00859E+00  9.95654E-01  1.29336E-02
    9038.254     41.102   3.600  1.00307E+00  9.95047E-01  8.02807E-03
    9039.357     42.205   3.640  9.98777E-01  9.94492E-01  4.28476E-03
    9040.473     43.320   3.680  9.96122E-01  9.94013E-01  2.10831E-03
    9041.601     44.448   3.720  9.95124E-01  9.93611E-01  1.51289E-03
    9042.741     45.588   3.760  9.95397E-01  9.93285E-01  2.11270E-03
    9043.893     46.740   3.800  9.96279E-01  9.93012E-01  3.26733E-03
    9045.057     47.905   3.840  9.97076E-01  9.92817E-01  4.25912E-03
    9046.234     49.081   3.880  9.97257E-01  9.92700E-01  4.55741E-03
    9047.422     50.270   3.920  9.96763E-01  9.92659E-01  4.10401E-03
    9048.623     51.471   3.960  9.96032E-01  9.92695E-01  3.33752E-03
    9049.836     52.684   4.000  9.95760E-01  9.92784E-01  2.97648E-03
    9051.062     53.909   4.040  9.96658E-01  9.92948E-01  3.71070E-03
    9052.299     55.147   4.080  9.98955E-01  9.93185E-01  5.76972E-03
    9053.549     56.396   4.120  1.00206E+00  9.93475E-01  8.58499E-03
    9054.811     57.658   4.160  1.00460E+00  9.93835E-01  1.07680E-02
    9056.085     58.932   4.200  1.00502E+00  9.94246E-01  1.07704E-02
    9057.371     60.219   4.240  1.00248E+00  9.94726E-01  7.75883E-03
    9058.669     61.517   4.280  9.97289E-01  9.95252E-01  2.03751E-03
    9059.980     62.828   4.320  9.90788E-01  9.95822E-01 -5.03411E-03
    9061.303     64.150   4.360  9.84670E-01  9.96457E-01 -1.17869E-02
    9062.638     65.485   4.400  9.80225E-01  9.97113E-01 -1.68875E-02
    9063.985     66.833   4.440  9.78076E-01  9.97829E-01 -1.97532E-02
    9065.344     68.192   4.480  9.78138E-01  9.98560E-01 -2.04219E-02
    9066.716     69.564   4.520  9.80147E-01  9.99328E-01 -1.91810E-02
    9068.100     70.947   4.560  9.83777E-01  1.00013E+00 -1.63513E-02
    9069.496     72.343   4.600  9.88564E-01  1.00094E+00 -1.23760E-02
    9070.904     73.752   4.640  9.94165E-01  1.00178E+00 -7.61657E-03
    9072.324     75.172   4.680  1.00026E+00  1.00263E+00 -2.37316E-03
    9073.757     76.604   4.720  1.00655E+00  1.00351E+00  3.04056E-03
    9075.202     78.049   4.760  1.01239E+00  1.00438E+00  8.00651E-03
    9076.659     79.506   4.800  1.01669E+00  1.00524E+00  1.14476E-02
    9078.128     80.975   4.840  1.01852E+00  1.00611E+00  1.24052E-02
    9079.609     82.457   4.880  1.01775E+00  1.00696E+00  1.07957E-02
    9081.102     83.950   4.920  1.01526E+00  1.00780E+00  7.46575E-03
    9082.608     85.456   4.960  1.01246E+00  1.00863E+00  3.83228E-03
    9084.126     86.974   5.000  1.01072E+00  1.00943E+00  1.28948E-03
    9085.656     88.504   5.040  1.01081E+00  1.01022E+00  5.88116E-04
    9087.198     90.046   5.080  1.01259E+00  1.01098E+00  1.60758E-03
    9088.753     91.601   5.120  1.01534E+00  1.01170E+00  3.64127E-03
    9090.320     93.167   5.160  1.01834E+00  1.01240E+00  5.94205E-03
    9091.898     94.746   5.200  1.02091E+00  1.01304E+00  7.86972E-03
    9093.490     96.337   5.240  1.02237E+00  1.01363E+00  8.73834E-03
    9095.093     97.940   5.280  1.02210E+00  1.01421E+00  7.88925E-03
    9096.708     99.556   5.320  1.01993E+00  1.01472E+00  5.20894E-03
    9098.336    101.183   5.360  1.01664E+00  1.01518E+00  1.45997E-03
    9099.976    102.823   5.400  1.01343E+00  1.01557E+00 -2.13864E-03
    9101.628    104.475   5.440  1.01131E+00  1.01594E+00 -4.62751E-03
    9103.292    106.139   5.480  1.01064E+00  1.01621E+00 -5.57765E-03
    9104.968    107.816   5.520  1.01176E+00  1.01646E+00 -4.70414E-03
    9106.657    109.504   5.560  1.01515E+00  1.01664E+00 -1.49359E-03
    9108.358    111.205   5.600  1.02155E+00  1.01677E+00  4.78075E-03
    9110.071    112.918   5.640  1.03135E+00  1.01682E+00  1.45301E-02
    9111.796    114.643   5.680  1.04390E+00  1.01680E+00  2.70933E-02
    9113.533    116.381   5.720  1.05704E+00  1.01674E+00  4.03015E-02
    9115.283    118.130   5.760  1.06762E+00  1.01662E+00  5.10024E-02
    9117.044    119.892   5.800  1.07298E+00  1.01643E+00  5.65424E-02
    9118.818    121.666   5.840  1.07243E+00  1.01620E+00  5.62308E-02
    9120.604    123.452   5.880  1.06746E+00  1.01590E+00  5.15669E-02
    9122.403    125.250   5.920  1.06011E+00  1.01555E+00  4.45589E-02
    9124.213    127.061   5.960  1.05283E+00  1.01512E+00  3.77052E-02
    9126.036    128.884   6.000  1.04654E+00  1.01460E+00  3.19407E-02
