# # comment:                                                     FEFF 9.9.1  
# # Source:
# # Structure
# # Reduced
# # space
# # abc:
# # angles:
# # sites:
# # POT  SCF 100  7.0000   0, screened core-hole, AFOLP (folp(0)= 1.150)
# # Abs   Z=29 Rmt= 1.243 Rnm= 1.330 K  shell
# # Pot 1 Z=57 Rmt= 1.748 Rnm= 1.831
# # Pot 2 Z=29 Rmt= 1.242 Rnm= 1.329
# # Pot 3 Z= 8 Rmt= 1.063 Rnm= 1.122
# # Gam_ch=1.729E+00 H-L exch Vi= 0.000E+00 Vr= 0.000E+00
# # Mu=-7.899E+00eV kf=2.005E+00 Vint=-1.672E+01eV Rs_int= 1.808
# FMS rfms= 9.0000
# # PATH  Rmax=-1.000,  Keep_limit= 0.00, Heap_limit 0.00  Pwcrit= 2.50%
#  S02=0.950  Temp=   0.00  Debye_temp=   0.00  Global_sig2= 0.00000
#  Energy zero shift, vr, vi    0.00000E+00   0.00000E+00
#  Curved wave amplitude ratio filter   4.000%
#     file         sig2 tot  cw amp ratio   deg  nlegs   reff  inp sig2
#     0/   0 paths used
#  xsedge+ 50, used to normalize mu           2.4569E-04
#  -----------------------------------------------------------------------
#  omega    e    k    mu    mu0     chi     @#
    8984.305    -11.709  -1.000  4.23380E-02  5.49018E-02 -1.25638E-02
    8984.603    -11.411  -0.960  4.49408E-02  5.89194E-02 -1.39786E-02
    8984.890    -11.124  -0.920  4.78066E-02  6.33859E-02 -1.55793E-02
    8985.164    -10.850  -0.880  5.09751E-02  6.83675E-02 -1.73924E-02
    8985.426    -10.588  -0.840  5.44932E-02  7.39412E-02 -1.94480E-02
    8985.676    -10.338  -0.800  5.84161E-02  8.01964E-02 -2.17804E-02
    8985.914    -10.100  -0.760  6.28081E-02  8.72356E-02 -2.44276E-02
    8986.139     -9.874  -0.720  6.77430E-02  9.51746E-02 -2.74316E-02
    8986.353     -9.661  -0.680  7.33036E-02  1.04141E-01 -3.08373E-02
    8986.554     -9.460  -0.640  7.95784E-02  1.14269E-01 -3.46908E-02
    8986.743     -9.271  -0.600  8.66555E-02  1.25692E-01 -3.90364E-02
    8986.920     -9.094  -0.560  9.46107E-02  1.38522E-01 -4.39110E-02
    8987.084     -8.930  -0.520  1.03489E-01  1.52826E-01 -4.93372E-02
    8987.237     -8.777  -0.480  1.13277E-01  1.68590E-01 -5.53127E-02
    8987.377     -8.637  -0.440  1.23876E-01  1.85675E-01 -6.17989E-02
    8987.505     -8.509  -0.400  1.35074E-01  2.03784E-01 -6.87098E-02
    8987.621     -8.393  -0.360  1.46542E-01  2.22448E-01 -7.59059E-02
    8987.724     -8.290  -0.320  1.57864E-01  2.41061E-01 -8.31964E-02
    8987.816     -8.198  -0.280  1.68593E-01  2.58946E-01 -9.03528E-02
    8987.895     -8.119  -0.240  1.78325E-01  2.75454E-01 -9.71295E-02
    8987.962     -8.052  -0.200  1.86756E-01  2.90043E-01 -1.03287E-01
    8988.017     -7.997  -0.160  1.93704E-01  3.02315E-01 -1.08611E-01
    8988.060     -7.954  -0.120  1.99093E-01  3.12015E-01 -1.12921E-01
    8988.090     -7.924  -0.080  2.02915E-01  3.19002E-01 -1.16087E-01
    8988.115     -7.899   0.000  2.05939E-01  3.24615E-01 -1.18677E-01
    8988.169     -7.845   0.120  2.12371E-01  3.37279E-01 -1.24908E-01
    8988.212     -7.802   0.160  2.17295E-01  3.47110E-01 -1.29815E-01
    8988.267     -7.747   0.200  2.23400E-01  3.59663E-01 -1.36263E-01
    8988.334     -7.680   0.240  2.30461E-01  3.74768E-01 -1.44307E-01
    8988.413     -7.601   0.280  2.38198E-01  3.92122E-01 -1.53924E-01
    8988.505     -7.509   0.320  2.46238E-01  4.11243E-01 -1.65005E-01
    8988.608     -7.406   0.360  2.54336E-01  4.31621E-01 -1.77285E-01
    8988.724     -7.290   0.400  2.62378E-01  4.52631E-01 -1.90253E-01
    8988.852     -7.162   0.440  2.70548E-01  4.73739E-01 -2.03191E-01
    8988.992     -7.022   0.480  2.79271E-01  4.94532E-01 -2.15261E-01
    8989.145     -6.869   0.520  2.88987E-01  5.14705E-01 -2.25719E-01
    8989.309     -6.705   0.560  2.99906E-01  5.34158E-01 -2.34252E-01
    8989.486     -6.528   0.600  3.11692E-01  5.52856E-01 -2.41165E-01
    8989.675     -6.339   0.640  3.23546E-01  5.70817E-01 -2.47271E-01
    8989.876     -6.138   0.680  3.34471E-01  5.88155E-01 -2.53685E-01
    8990.090     -5.924   0.720  3.43534E-01  6.04938E-01 -2.61404E-01
    8990.315     -5.699   0.760  3.50350E-01  6.21254E-01 -2.70904E-01
    8990.553     -5.461   0.800  3.55480E-01  6.37201E-01 -2.81721E-01
    8990.803     -5.211   0.840  3.60375E-01  6.52823E-01 -2.92448E-01
    8991.065     -4.949   0.880  3.66800E-01  6.68189E-01 -3.01389E-01
    8991.339     -4.675   0.920  3.76256E-01  6.83296E-01 -3.07040E-01
    8991.626     -4.388   0.960  3.89975E-01  6.98209E-01 -3.08234E-01
    8991.925     -4.089   1.000  4.08317E-01  7.12920E-01 -3.04603E-01
    8992.235     -3.779   1.040  4.30738E-01  7.27434E-01 -2.96696E-01
    8992.559     -3.455   1.080  4.56558E-01  7.41749E-01 -2.85191E-01
    8992.894     -3.120   1.120  4.84640E-01  7.55834E-01 -2.71194E-01
    8993.241     -2.773   1.160  5.12501E-01  7.69694E-01 -2.57193E-01
    8993.601     -2.413   1.200  5.37763E-01  7.83312E-01 -2.45549E-01
    8993.973     -2.041   1.240  5.59662E-01  7.96626E-01 -2.36964E-01
    8994.357     -1.657   1.280  5.77512E-01  8.09674E-01 -2.32162E-01
    8994.753     -1.261   1.320  5.91310E-01  8.22370E-01 -2.31059E-01
    8995.162     -0.852   1.360  6.07487E-01  8.34747E-01 -2.27260E-01
    8995.582     -0.432   1.400  6.36664E-01  8.46739E-01 -2.10075E-01
    8996.015      0.001   1.440  6.81283E-01  8.58340E-01 -1.77058E-01
    8996.460      0.446   1.480  7.29125E-01  8.69523E-01 -1.40398E-01
    8996.917      0.903   1.520  7.69989E-01  8.80281E-01 -1.10291E-01
    8997.387      1.373   1.560  8.11978E-01  8.90591E-01 -7.86131E-02
    8997.868      1.854   1.600  8.70472E-01  9.00429E-01 -2.99573E-02
    8998.362      2.348   1.640  9.54487E-01  9.09810E-01  4.46773E-02
    8998.868      2.854   1.680  1.06178E+00  9.18734E-01  1.43047E-01
    8999.386      3.372   1.720  1.17793E+00  9.27138E-01  2.50792E-01
    8999.916      3.902   1.760  1.28253E+00  9.35084E-01  3.47442E-01
    9000.459      4.445   1.800  1.36590E+00  9.42534E-01  4.23364E-01
    9001.014      5.000   1.840  1.42796E+00  9.49510E-01  4.78451E-01
    9001.581      5.567   1.880  1.46146E+00  9.56014E-01  5.05442E-01
    9002.160      6.146   1.920  1.45922E+00  9.62052E-01  4.97173E-01
    9002.751      6.737   1.960  1.42975E+00  9.67629E-01  4.62117E-01
    9003.355      7.341   2.000  1.38818E+00  9.72750E-01  4.15425E-01
    9003.970      7.956   2.040  1.34395E+00  9.77424E-01  3.66527E-01
    9004.598      8.584   2.080  1.29676E+00  9.81698E-01  3.15063E-01
    9005.238      9.224   2.120  1.24083E+00  9.85560E-01  2.55268E-01
    9005.890      9.876   2.160  1.17749E+00  9.89021E-01  1.88471E-01
    9006.555     10.541   2.200  1.11787E+00  9.92128E-01  1.25746E-01
    9007.232     11.218   2.240  1.07012E+00  9.94871E-01  7.52521E-02
    9007.920     11.906   2.280  1.03524E+00  9.97280E-01  3.79627E-02
    9008.621     12.607   2.320  1.01630E+00  9.99387E-01  1.69150E-02
    9009.335     13.321   2.360  1.01638E+00  1.00118E+00  1.51980E-02
    9010.060     14.046   2.400  1.03019E+00  1.00270E+00  2.74864E-02
    9010.798     14.784   2.440  1.04627E+00  1.00398E+00  4.22958E-02
    9011.548     15.534   2.480  1.05351E+00  1.00501E+00  4.85068E-02
    9012.310     16.296   2.520  1.05271E+00  1.00580E+00  4.69142E-02
    9013.084     17.070   2.560  1.04545E+00  1.00641E+00  3.90400E-02
    9013.870     17.856   2.600  1.03313E+00  1.00681E+00  2.63193E-02
    9014.669     18.655   2.640  1.01749E+00  1.00705E+00  1.04357E-02
    9015.479     19.465   2.680  9.99609E-01  1.00713E+00 -7.52606E-03
    9016.302     20.288   2.720  9.80858E-01  1.00708E+00 -2.62254E-02
    9017.138     21.124   2.760  9.62253E-01  1.00691E+00 -4.46545E-02
    9017.985     21.971   2.800  9.44504E-01  1.00664E+00 -6.21321E-02
    9018.844     22.830   2.840  9.28261E-01  1.00626E+00 -7.79956E-02
    9019.716     23.702   2.880  9.13711E-01  1.00582E+00 -9.21058E-02
    9020.600     24.586   2.920  9.00794E-01  1.00530E+00 -1.04505E-01
    9021.496     25.482   2.960  8.89742E-01  1.00473E+00 -1.14989E-01
    9022.404     26.390   3.000  8.80692E-01  1.00410E+00 -1.23407E-01
    9023.325     27.311   3.040  8.73933E-01  1.00345E+00 -1.29514E-01
    9024.258     28.244   3.080  8.69813E-01  1.00276E+00 -1.32949E-01
    9025.202     29.189   3.120  8.68268E-01  1.00207E+00 -1.33798E-01
    9026.160     30.146   3.160  8.68726E-01  1.00137E+00 -1.32641E-01
    9027.129     31.115   3.200  8.70729E-01  1.00067E+00 -1.29937E-01
    9028.110     32.096   3.240  8.74037E-01  9.99967E-01 -1.25930E-01
    9029.104     33.090   3.280  8.78432E-01  9.99271E-01 -1.20839E-01
    9030.110     34.096   3.320  8.83963E-01  9.98604E-01 -1.14641E-01
    9031.128     35.114   3.360  8.90719E-01  9.97949E-01 -1.07230E-01
    9032.158     36.144   3.400  8.98820E-01  9.97350E-01 -9.85299E-02
    9033.200     37.186   3.440  9.08164E-01  9.96765E-01 -8.86010E-02
    9034.255     38.241   3.480  9.18799E-01  9.96215E-01 -7.74168E-02
    9035.322     39.308   3.520  9.30663E-01  9.95705E-01 -6.50425E-02
    9036.401     40.387   3.560  9.43585E-01  9.95235E-01 -5.16504E-02
    9037.492     41.478   3.600  9.57390E-01  9.94806E-01 -3.74161E-02
    9038.595     42.581   3.640  9.71869E-01  9.94419E-01 -2.25493E-02
    9039.711     43.697   3.680  9.86821E-01  9.94097E-01 -7.27581E-03
    9040.839     44.825   3.720  1.00202E+00  9.93820E-01  8.20124E-03
    9041.979     45.965   3.760  1.01724E+00  9.93585E-01  2.36502E-02
    9043.131     47.117   3.800  1.03199E+00  9.93393E-01  3.85942E-02
    9044.295     48.281   3.840  1.04556E+00  9.93245E-01  5.23115E-02
    9045.472     49.458   3.880  1.05725E+00  9.93162E-01  6.40904E-02
    9046.660     50.646   3.920  1.06647E+00  9.93123E-01  7.33430E-02
    9047.861     51.847   3.960  1.07291E+00  9.93126E-01  7.97820E-02
    9049.074     53.060   4.000  1.07675E+00  9.93173E-01  8.35796E-02
    9050.300     54.286   4.040  1.07850E+00  9.93282E-01  8.52203E-02
    9051.537     55.523   4.080  1.07864E+00  9.93409E-01  8.52320E-02
    9052.787     56.773   4.120  1.07750E+00  9.93578E-01  8.39217E-02
    9054.049     58.035   4.160  1.07525E+00  9.93806E-01  8.14427E-02
    9055.323     59.309   4.200  1.07179E+00  9.94050E-01  7.77373E-02
    9056.609     60.595   4.240  1.06714E+00  9.94331E-01  7.28070E-02
    9057.907     61.893   4.280  1.06150E+00  9.94649E-01  6.68562E-02
    9059.218     63.204   4.320  1.05522E+00  9.94999E-01  6.02192E-02
    9060.541     64.527   4.360  1.04854E+00  9.95361E-01  5.31799E-02
    9061.876     65.862   4.400  1.04163E+00  9.95755E-01  4.58776E-02
    9063.223     67.209   4.440  1.03459E+00  9.96159E-01  3.84284E-02
    9064.582     68.569   4.480  1.02755E+00  9.96590E-01  3.09580E-02
    9065.954     69.940   4.520  1.02073E+00  9.97028E-01  2.37002E-02
    9067.338     71.324   4.560  1.01443E+00  9.97493E-01  1.69403E-02
    9068.734     72.720   4.600  1.00886E+00  9.97959E-01  1.09051E-02
    9070.142     74.128   4.640  1.00412E+00  9.98405E-01  5.70972E-03
    9071.562     75.548   4.680  1.00022E+00  9.98874E-01  1.34553E-03
    9072.995     76.981   4.720  9.97029E-01  9.99342E-01 -2.31336E-03
    9074.440     78.426   4.760  9.94367E-01  9.99810E-01 -5.44265E-03
    9075.897     79.883   4.800  9.92064E-01  1.00027E+00 -8.20807E-03
    9077.366     81.352   4.840  9.89947E-01  1.00071E+00 -1.07592E-02
    9078.847     82.833   4.880  9.87910E-01  1.00113E+00 -1.32240E-02
    9080.341     84.327   4.920  9.85801E-01  1.00155E+00 -1.57528E-02
    9081.846     85.832   4.960  9.83461E-01  1.00194E+00 -1.84822E-02
    9083.364     87.350   5.000  9.80943E-01  1.00232E+00 -2.13807E-02
    9084.894     88.880   5.040  9.78517E-01  1.00269E+00 -2.41771E-02
    9086.437     90.423   5.080  9.76555E-01  1.00301E+00 -2.64526E-02
    9087.991     91.977   5.120  9.75437E-01  1.00331E+00 -2.78707E-02
    9089.558     93.544   5.160  9.75176E-01  1.00359E+00 -2.84183E-02
    9091.137     95.123   5.200  9.75441E-01  1.00382E+00 -2.83811E-02
    9092.728     96.714   5.240  9.75828E-01  1.00404E+00 -2.82074E-02
    9094.331     98.317   5.280  9.75907E-01  1.00421E+00 -2.83061E-02
    9095.946     99.932   5.320  9.75455E-01  1.00437E+00 -2.89201E-02
    9097.574    101.560   5.360  9.74461E-01  1.00448E+00 -3.00153E-02
    9099.214    103.200   5.400  9.73212E-01  1.00456E+00 -3.13468E-02
    9100.866    104.852   5.440  9.72057E-01  1.00458E+00 -3.25235E-02
    9102.530    106.516   5.480  9.71512E-01  1.00458E+00 -3.30732E-02
    9104.206    108.192   5.520  9.72031E-01  1.00455E+00 -3.25212E-02
    9105.895    109.881   5.560  9.73940E-01  1.00448E+00 -3.05384E-02
    9107.596    111.582   5.600  9.77338E-01  1.00437E+00 -2.70292E-02
    9109.309    113.295   5.640  9.82006E-01  1.00422E+00 -2.22114E-02
    9111.034    115.020   5.680  9.87420E-01  1.00405E+00 -1.66319E-02
    9112.771    116.757   5.720  9.92761E-01  1.00383E+00 -1.10673E-02
    9114.521    118.507   5.760  9.97351E-01  1.00359E+00 -6.23710E-03
    9116.282    120.268   5.800  1.00073E+00  1.00331E+00 -2.57794E-03
    9118.056    122.042   5.840  1.00280E+00  1.00300E+00 -2.00165E-04
    9119.842    123.829   5.880  1.00363E+00  1.00265E+00  9.73952E-04
    9121.641    125.627   5.920  1.00341E+00  1.00227E+00  1.13306E-03
    9123.451    127.437   5.960  1.00250E+00  1.00189E+00  6.15953E-04
    9125.274    129.260   6.000  1.00134E+00  1.00145E+00 -1.06561E-04
