# # comment:                                                     FEFF 9.9.1  
# # Source:
# # Structure
# # Reduced
# # space
# # abc:
# # angles:
# # sites:
# # POT  SCF 100  7.0000   0, screened core-hole, AFOLP (folp(0)= 1.150)
# # Abs   Z=29 Rmt= 1.291 Rnm= 1.367 K  shell
# # Pot 1 Z=29 Rmt= 1.244 Rnm= 1.357
# # Pot 2 Z= 1 Rmt= 0.681 Rnm= 0.829
# # Pot 3 Z=17 Rmt= 1.128 Rnm= 1.406
# # Pot 4 Z= 8 Rmt= 1.039 Rnm= 1.134
# # Gam_ch=1.729E+00 H-L exch Vi= 0.000E+00 Vr= 0.000E+00
# # Mu=-5.847E+00eV kf=2.050E+00 Vint=-1.367E+01eV Rs_int= 1.769
# FMS rfms= 9.0000
# # PATH  Rmax=-1.000,  Keep_limit= 0.00, Heap_limit 0.00  Pwcrit= 2.50%
#  S02=0.950  Temp=   0.00  Debye_temp=   0.00  Global_sig2= 0.00000
#  Energy zero shift, vr, vi    0.00000E+00   0.00000E+00
#  Curved wave amplitude ratio filter   4.000%
#     file         sig2 tot  cw amp ratio   deg  nlegs   reff  inp sig2
#     0/   0 paths used
#  xsedge+ 50, used to normalize mu           2.4332E-04
#  -----------------------------------------------------------------------
#  omega    e    k    mu    mu0     chi     @#
    8983.390     -9.657  -1.000  3.73386E-02  5.63492E-02 -1.90107E-02
    8983.689     -9.359  -0.960  3.91041E-02  6.04949E-02 -2.13908E-02
    8983.976     -9.072  -0.920  4.09785E-02  6.51036E-02 -2.41251E-02
    8984.250     -8.798  -0.880  4.29711E-02  7.02435E-02 -2.72723E-02
    8984.512     -8.536  -0.840  4.50923E-02  7.59936E-02 -3.09013E-02
    8984.762     -8.286  -0.800  4.73534E-02  8.24456E-02 -3.50923E-02
    8985.000     -8.048  -0.760  4.97670E-02  8.97048E-02 -3.99379E-02
    8985.225     -7.822  -0.720  5.23467E-02  9.78899E-02 -4.55433E-02
    8985.439     -7.609  -0.680  5.51066E-02  1.07132E-01 -5.20250E-02
    8985.640     -7.408  -0.640  5.80607E-02  1.17568E-01 -5.95072E-02
    8985.829     -7.219  -0.600  6.12211E-02  1.29334E-01 -6.81127E-02
    8986.005     -7.042  -0.560  6.45962E-02  1.42545E-01 -7.79489E-02
    8986.170     -6.878  -0.520  6.81865E-02  1.57270E-01 -8.90836E-02
    8986.322     -6.725  -0.480  7.19806E-02  1.73493E-01 -1.01513E-01
    8986.463     -6.585  -0.440  7.59490E-02  1.91073E-01 -1.15124E-01
    8986.591     -6.457  -0.400  8.00399E-02  2.09703E-01 -1.29663E-01
    8986.707     -6.341  -0.360  8.41770E-02  2.28904E-01 -1.44727E-01
    8986.810     -6.237  -0.320  8.82617E-02  2.48053E-01 -1.59792E-01
    8986.902     -6.146  -0.280  9.21819E-02  2.66457E-01 -1.74276E-01
    8986.981     -6.067  -0.240  9.58227E-02  2.83450E-01 -1.87627E-01
    8987.048     -6.000  -0.200  9.90785E-02  2.98472E-01 -1.99393E-01
    8987.103     -5.945  -0.160  1.01860E-01  3.11112E-01 -2.09252E-01
    8987.145     -5.902  -0.120  1.04096E-01  3.21107E-01 -2.17010E-01
    8987.176     -5.872  -0.080  1.05739E-01  3.28309E-01 -2.22570E-01
    8987.200     -5.847   0.000  1.07104E-01  3.34097E-01 -2.26993E-01
    8987.255     -5.792   0.120  1.10199E-01  3.47143E-01 -2.36943E-01
    8987.298     -5.750   0.160  1.12587E-01  3.57303E-01 -2.44716E-01
    8987.353     -5.695   0.200  1.15637E-01  3.70255E-01 -2.54618E-01
    8987.420     -5.628   0.240  1.19395E-01  3.85871E-01 -2.66476E-01
    8987.499     -5.549   0.280  1.23818E-01  4.03809E-01 -2.79991E-01
    8987.590     -5.457   0.320  1.28887E-01  4.23646E-01 -2.94759E-01
    8987.694     -5.354   0.360  1.34507E-01  4.44788E-01 -3.10281E-01
    8987.810     -5.238   0.400  1.40621E-01  4.66666E-01 -3.26044E-01
    8987.938     -5.110   0.440  1.47154E-01  4.88698E-01 -3.41544E-01
    8988.078     -4.970   0.480  1.54170E-01  5.10466E-01 -3.56296E-01
    8988.230     -4.817   0.520  1.61924E-01  5.31702E-01 -3.69777E-01
    8988.395     -4.653   0.560  1.70796E-01  5.52216E-01 -3.81420E-01
    8988.572     -4.476   0.600  1.81522E-01  5.72033E-01 -3.90511E-01
    8988.761     -4.287   0.640  1.94756E-01  5.91124E-01 -3.96367E-01
    8988.962     -4.086   0.680  2.11030E-01  6.09599E-01 -3.98569E-01
    8989.175     -3.872   0.720  2.30192E-01  6.27523E-01 -3.97331E-01
    8989.401     -3.647   0.760  2.51089E-01  6.44996E-01 -3.93907E-01
    8989.639     -3.409   0.800  2.71885E-01  6.62028E-01 -3.90143E-01
    8989.889     -3.159   0.840  2.91463E-01  6.78720E-01 -3.87257E-01
    8990.151     -2.897   0.880  3.10115E-01  6.95113E-01 -3.84998E-01
    8990.425     -2.623   0.920  3.29131E-01  7.11175E-01 -3.82044E-01
    8990.712     -2.336   0.960  3.49495E-01  7.26967E-01 -3.77472E-01
    8991.010     -2.037   1.000  3.70770E-01  7.42472E-01 -3.71702E-01
    8991.321     -1.726   1.040  3.91404E-01  7.57671E-01 -3.66266E-01
    8991.644     -1.403   1.080  4.10486E-01  7.72531E-01 -3.62045E-01
    8991.980     -1.068   1.120  4.29989E-01  7.87081E-01 -3.57092E-01
    8992.327     -0.721   1.160  4.55000E-01  8.01240E-01 -3.46240E-01
    8992.687     -0.361   1.200  4.92377E-01  8.15029E-01 -3.22652E-01
    8993.059      0.011   1.240  5.47958E-01  8.28401E-01 -2.80443E-01
    8993.443      0.395   1.280  6.23382E-01  8.41310E-01 -2.17928E-01
    8993.839      0.791   1.320  7.11076E-01  8.53772E-01 -1.42696E-01
    8994.247      1.200   1.360  7.94591E-01  8.65721E-01 -7.11301E-02
    8994.668      1.620   1.400  8.66043E-01  8.77149E-01 -1.11063E-02
    8995.101      2.053   1.440  9.35788E-01  8.88077E-01  4.77113E-02
    8995.546      2.498   1.480  1.01419E+00  8.98436E-01  1.15750E-01
    8996.003      2.955   1.520  1.09568E+00  9.08245E-01  1.87438E-01
    8996.472      3.425   1.560  1.16410E+00  9.17485E-01  2.46617E-01
    8996.954      3.906   1.600  1.20776E+00  9.26154E-01  2.81605E-01
    8997.448      4.400   1.640  1.22859E+00  9.34278E-01  2.94312E-01
    8997.954      4.906   1.680  1.24450E+00  9.41819E-01  3.02677E-01
    8998.472      5.424   1.720  1.27936E+00  9.48822E-01  3.30538E-01
    8999.002      5.954   1.760  1.34306E+00  9.55273E-01  3.87787E-01
    8999.545      6.497   1.800  1.42160E+00  9.61180E-01  4.60422E-01
    9000.099      7.052   1.840  1.49139E+00  9.66594E-01  5.24799E-01
    9000.666      7.619   1.880  1.54228E+00  9.71484E-01  5.70800E-01
    9001.245      8.198   1.920  1.57380E+00  9.75920E-01  5.97879E-01
    9001.837      8.789   1.960  1.57273E+00  9.79894E-01  5.92837E-01
    9002.440      9.393   2.000  1.51826E+00  9.83418E-01  5.34838E-01
    9003.056     10.008   2.040  1.41261E+00  9.86545E-01  4.26069E-01
    9003.684     10.636   2.080  1.28998E+00  9.89266E-01  3.00712E-01
    9004.324     11.276   2.120  1.18580E+00  9.91638E-01  1.94160E-01
    9004.976     11.929   2.160  1.11534E+00  9.93669E-01  1.21673E-01
    9005.641     12.593   2.200  1.07612E+00  9.95375E-01  8.07482E-02
    9006.317     13.270   2.240  1.05084E+00  9.96808E-01  5.40332E-02
    9007.006     13.958   2.280  1.01186E+00  9.97963E-01  1.38940E-02
    9007.707     14.660   2.320  9.49912E-01  9.98888E-01 -4.89767E-02
    9008.420     15.373   2.360  8.89894E-01  9.99576E-01 -1.09682E-01
    9009.146     16.098   2.400  8.54911E-01  1.00006E+00 -1.45148E-01
    9009.883     16.836   2.440  8.49928E-01  1.00039E+00 -1.50462E-01
    9010.633     17.586   2.480  8.72465E-01  1.00054E+00 -1.28071E-01
    9011.395     18.348   2.520  8.94956E-01  1.00057E+00 -1.05617E-01
    9012.169     19.122   2.560  9.08513E-01  1.00046E+00 -9.19495E-02
    9012.956     19.908   2.600  9.13212E-01  1.00028E+00 -8.70689E-02
    9013.754     20.707   2.640  9.11883E-01  9.99992E-01 -8.81086E-02
    9014.565     21.517   2.680  9.07879E-01  9.99646E-01 -9.17671E-02
    9015.388     22.340   2.720  9.03726E-01  9.99231E-01 -9.55050E-02
    9016.223     23.176   2.760  9.00505E-01  9.98794E-01 -9.82894E-02
    9017.071     24.023   2.800  8.98492E-01  9.98319E-01 -9.98273E-02
    9017.930     24.882   2.840  8.97695E-01  9.97814E-01 -1.00119E-01
    9018.802     25.754   2.880  8.97875E-01  9.97324E-01 -9.94494E-02
    9019.686     26.638   2.920  8.98975E-01  9.96814E-01 -9.78390E-02
    9020.582     27.534   2.960  9.01049E-01  9.96331E-01 -9.52816E-02
    9021.490     28.443   3.000  9.03546E-01  9.95878E-01 -9.23317E-02
    9022.411     29.363   3.040  9.06054E-01  9.95437E-01 -8.93834E-02
    9023.343     30.296   3.080  9.08494E-01  9.95055E-01 -8.65605E-02
    9024.288     31.241   3.120  9.10330E-01  9.94691E-01 -8.43609E-02
    9025.245     32.198   3.160  9.10975E-01  9.94368E-01 -8.33929E-02
    9026.215     33.167   3.200  9.10090E-01  9.94111E-01 -8.40207E-02
    9027.196     34.148   3.240  9.07751E-01  9.93900E-01 -8.61492E-02
    9028.190     35.142   3.280  9.04817E-01  9.93759E-01 -8.89411E-02
    9029.195     36.148   3.320  9.02932E-01  9.93665E-01 -9.07324E-02
    9030.213     37.166   3.360  9.04071E-01  9.93619E-01 -8.95476E-02
    9031.244     38.196   3.400  9.09892E-01  9.93644E-01 -8.37525E-02
    9032.286     39.238   3.440  9.21244E-01  9.93721E-01 -7.24769E-02
    9033.341     40.293   3.480  9.38159E-01  9.93890E-01 -5.57309E-02
    9034.408     41.360   3.520  9.59549E-01  9.94088E-01 -3.45391E-02
    9035.486     42.439   3.560  9.83676E-01  9.94358E-01 -1.06818E-02
    9036.578     43.530   3.600  1.00840E+00  9.94699E-01  1.37022E-02
    9037.681     44.633   3.640  1.03154E+00  9.95090E-01  3.64449E-02
    9038.797     45.749   3.680  1.05147E+00  9.95550E-01  5.59189E-02
    9039.924     46.877   3.720  1.06733E+00  9.96056E-01  7.12718E-02
    9041.064     48.017   3.760  1.07897E+00  9.96609E-01  8.23582E-02
    9042.216     49.169   3.800  1.08677E+00  9.97227E-01  8.95450E-02
    9043.381     50.333   3.840  1.09159E+00  9.97866E-01  9.37231E-02
    9044.557     51.510   3.880  1.09459E+00  9.98568E-01  9.60220E-02
    9045.746     52.698   3.920  1.09678E+00  9.99309E-01  9.74664E-02
    9046.947     53.899   3.960  1.09858E+00  1.00007E+00  9.85142E-02
    9048.160     55.112   4.000  1.09975E+00  1.00088E+00  9.88696E-02
    9049.385     56.338   4.040  1.09917E+00  1.00171E+00  9.74615E-02
    9050.623     57.575   4.080  1.09547E+00  1.00257E+00  9.28950E-02
    9051.872     58.825   4.120  1.08768E+00  1.00344E+00  8.42389E-02
    9053.134     60.087   4.160  1.07589E+00  1.00434E+00  7.15537E-02
    9054.408     61.361   4.200  1.06113E+00  1.00524E+00  5.58866E-02
    9055.695     62.647   4.240  1.04504E+00  1.00614E+00  3.88954E-02
    9056.993     63.945   4.280  1.02929E+00  1.00705E+00  2.22392E-02
    9058.304     65.256   4.320  1.01518E+00  1.00795E+00  7.23074E-03
    9059.627     66.579   4.360  1.00360E+00  1.00885E+00 -5.24409E-03
    9060.962     67.914   4.400  9.94981E-01  1.00974E+00 -1.47547E-02
    9062.309     69.261   4.440  9.89219E-01  1.01060E+00 -2.13769E-02
    9063.668     70.621   4.480  9.85835E-01  1.01145E+00 -2.56117E-02
    9065.040     71.992   4.520  9.84238E-01  1.01226E+00 -2.80263E-02
    9066.424     73.376   4.560  9.84209E-01  1.01307E+00 -2.88580E-02
    9067.820     74.772   4.600  9.85900E-01  1.01383E+00 -2.79332E-02
    9069.228     76.180   4.640  9.89675E-01  1.01456E+00 -2.48850E-02
    9070.648     77.600   4.680  9.95632E-01  1.01524E+00 -1.96128E-02
    9072.081     79.033   4.720  1.00337E+00  1.01589E+00 -1.25152E-02
    9073.525     80.478   4.760  1.01207E+00  1.01649E+00 -4.41789E-03
    9074.982     81.935   4.800  1.02059E+00  1.01704E+00  3.55226E-03
    9076.451     83.404   4.840  1.02763E+00  1.01753E+00  1.01064E-02
    9077.933     84.885   4.880  1.03205E+00  1.01799E+00  1.40583E-02
    9079.426     86.379   4.920  1.03289E+00  1.01838E+00  1.45078E-02
    9080.932     87.884   4.960  1.02978E+00  1.01873E+00  1.10503E-02
    9082.450     89.402   5.000  1.02279E+00  1.01900E+00  3.79020E-03
    9083.980     90.932   5.040  1.01266E+00  1.01922E+00 -6.55978E-03
    9085.522     92.475   5.080  1.00084E+00  1.01939E+00 -1.85548E-02
    9087.077     94.029   5.120  9.89325E-01  1.01949E+00 -3.01700E-02
    9088.643     95.596   5.160  9.80295E-01  1.01952E+00 -3.92274E-02
    9090.222     97.175   5.200  9.75557E-01  1.01952E+00 -4.39672E-02
    9091.813     98.766   5.240  9.75892E-01  1.01946E+00 -4.35635E-02
    9093.417    100.369   5.280  9.80895E-01  1.01932E+00 -3.84216E-02
    9095.032    101.984   5.320  9.88956E-01  1.01915E+00 -3.01948E-02
    9096.660    103.612   5.360  9.97556E-01  1.01892E+00 -2.13604E-02
    9098.299    105.252   5.400  1.00407E+00  1.01861E+00 -1.45379E-02
    9099.951    106.904   5.440  1.00664E+00  1.01828E+00 -1.16455E-02
    9101.616    108.568   5.480  1.00454E+00  1.01789E+00 -1.33484E-02
    9103.292    110.244   5.520  9.98451E-01  1.01748E+00 -1.90265E-02
    9104.981    111.933   5.560  9.89880E-01  1.01700E+00 -2.71192E-02
    9106.681    113.634   5.600  9.80839E-01  1.01648E+00 -3.56384E-02
    9108.394    115.347   5.640  9.73361E-01  1.01592E+00 -4.25569E-02
    9110.120    117.072   5.680  9.69244E-01  1.01535E+00 -4.61016E-02
    9111.857    118.809   5.720  9.69717E-01  1.01474E+00 -4.50203E-02
    9113.606    120.559   5.760  9.75281E-01  1.01409E+00 -3.88118E-02
    9115.368    122.321   5.800  9.85555E-01  1.01341E+00 -2.78600E-02
    9117.142    124.094   5.840  9.99372E-01  1.01273E+00 -1.33578E-02
    9118.928    125.881   5.880  1.01495E+00  1.01202E+00  2.92660E-03
    9120.727    127.679   5.920  1.03027E+00  1.01131E+00  1.89582E-02
    9122.537    129.489   5.960  1.04317E+00  1.01059E+00  3.25826E-02
    9124.360    131.312   6.000  1.05162E+00  1.00988E+00  4.17355E-02
