ATOMS
   *       x         y         z    ipot  Atom      Distance    Number
************  ********  ********  ******  ******  **********  ********
 0             0         0             0  Cu         0               0
-8.88178e-16  -2.32416   0             2  Ge         2.32416       119
-2.03473       1.29401   0             2  Ge         2.41134        70
 2.03473       1.29401   0             2  Ge         2.41134       172
-4.44089e-16   1.29337  -2.03806       2  Ge         2.41381       152
-4.44089e-16   1.29337   2.03806       2  Ge         2.41381       175
 2.03473      -1.15358  -2.03806       3  Tb         3.10234       101
 2.03473      -1.15358   2.03806       3  Tb         3.10234       121
-2.03473      -1.15358  -2.03806       3  Tb         3.10234        17
-2.03473      -1.15358   2.03806       3  Tb         3.10234        33
-4.06945       0         0             1  Cu         4.06945        74
 4.06945       0         0             1  Cu         4.06945       191
 0             0         4.07611       1  Cu         4.07611       182
 0             0        -4.07611       1  Cu         4.07611       153
-4.44089e-16   3.76482  -2.03806       2  Ge         4.28107       151
-4.44089e-16   3.76482   2.03806       2  Ge         4.28107       174
-2.03473       3.77964   0             2  Ge         4.29253        71
 2.03473       3.77964   0             2  Ge         4.29253       173
-2.03473      -3.8089    0             2  Ge         4.31831        32
 2.03473      -3.8089    0             2  Ge         4.31831       120
-4.06945      -2.32416   0             2  Ge         4.68638        31
 4.06945      -2.32416   0             2  Ge         4.68638       132
-8.88178e-16  -2.32416   4.07611       2  Ge         4.69217       125
-8.88178e-16  -2.32416  -4.07611       2  Ge         4.69217        99
-4.06945       1.29337  -2.03806       2  Ge         4.73148        55
-4.06945       1.29337   2.03806       2  Ge         4.73148        73
 4.06945       1.29337  -2.03806       2  Ge         4.73148       163
 4.06945       1.29337   2.03806       2  Ge         4.73148       190
-2.03473       1.29401   4.07611       2  Ge         4.73596        77
 2.03473       1.29401   4.07611       2  Ge         4.73596       178
-2.03473       1.29401  -4.07611       2  Ge         4.73596        52
 2.03473       1.29401  -4.07611       2  Ge         4.73596       149
-4.44089e-16  -4.71827  -2.03806       3  Tb         5.13963       102
-4.44089e-16  -4.71827   2.03806       3  Tb         5.13963       122
-4.06945       0         4.07611       1  Cu         5.75979        81
 4.06945       0         4.07611       1  Cu         5.75979       199
-4.06945       0        -4.07611       1  Cu         5.75979        56
 4.06945       0        -4.07611       1  Cu         5.75979       164
 4.06945       3.76482  -2.03806       2  Ge         5.90661       162
 4.06945       3.76482   2.03806       2  Ge         5.90661       189
-4.06945       3.76482  -2.03806       2  Ge         5.90661        54
-4.06945       3.76482   2.03806       2  Ge         5.90661        72
-2.03473       3.77964   4.07611       2  Ge         5.9195         78
 2.03473       3.77964   4.07611       2  Ge         5.9195        179
-2.03473       3.77964  -4.07611       2  Ge         5.9195         53
 2.03473       3.77964  -4.07611       2  Ge         5.9195        150
 2.03473      -3.8089    4.07611       2  Ge         5.93822       126
-2.03473      -3.8089   -4.07611       2  Ge         5.93822        16
-2.03473      -3.8089    4.07611       2  Ge         5.93822        37
 2.03473      -3.8089   -4.07611       2  Ge         5.93822       100
-4.06945      -2.32416  -4.07611       2  Ge         6.21103        15
-4.06945      -2.32416   4.07611       2  Ge         6.21103        36
 4.06945      -2.32416  -4.07611       2  Ge         6.21103       107
 4.06945      -2.32416   4.07611       2  Ge         6.21103       136
 6.10418       1.29401   0             2  Ge         6.23983       187
-6.10418       1.29401   0             2  Ge         6.23983        62
-4.44089e-16   1.29337  -6.11417       2  Ge         6.24947       147
-4.44089e-16   1.29337   6.11417       2  Ge         6.24947       181
 6.10418      -1.15358  -2.03806       3  Tb         6.538         109
 6.10418      -1.15358   2.03806       3  Tb         6.538         134
-6.10418      -1.15358  -2.03806       3  Tb         6.538           6
-6.10418      -1.15358   2.03806       3  Tb         6.538          23
-2.03473      -1.15358  -6.11417       3  Tb         6.54629        11
-2.03473      -1.15358   6.11417       3  Tb         6.54629        38
 2.03473      -1.15358  -6.11417       3  Tb         6.54629        94
 2.03473      -1.15358   6.11417       3  Tb         6.54629       127
-4.06945      -4.71827  -2.03806       3  Tb         6.55562        18
-4.06945      -4.71827   2.03806       3  Tb         6.55562        34
 4.06945      -4.71827  -2.03806       3  Tb         6.55562       110
 4.06945      -4.71827   2.03806       3  Tb         6.55562       135
-2.03473       5.97373  -2.03806       3  Tb         6.63168        61
-2.03473       5.97373   2.03806       3  Tb         6.63168        87
 2.03473       5.97373  -2.03806       3  Tb         6.63168       167
 2.03473       5.97373   2.03806       3  Tb         6.63168       194
-4.44089e-16   6.8831    0             2  Ge         6.8831        176
-8.88178e-16  -6.91235   0             2  Ge         6.91235       114
-6.10418       3.77964   0             2  Ge         7.1796         63
 6.10418       3.77964   0             2  Ge         7.1796        188
-4.44089e-16   3.76482  -6.11417       2  Ge         7.18032       146
-4.44089e-16   3.76482   6.11417       2  Ge         7.18032       180
 6.10418      -3.8089    0             2  Ge         7.19505       133
-6.10418      -3.8089    0             2  Ge         7.19505        22
 6.10418       1.29401   4.07611       2  Ge         7.4532        195
 6.10418       1.29401  -4.07611       2  Ge         7.4532        160
-6.10418       1.29401   4.07611       2  Ge         7.4532         67
-6.10418       1.29401  -4.07611       2  Ge         7.4532         42
-4.06945       1.29337  -6.11417       2  Ge         7.45764        50
-4.06945       1.29337   6.11417       2  Ge         7.45764        80
 4.06945       1.29337  -6.11417       2  Ge         7.45764       157
 4.06945       1.29337   6.11417       2  Ge         7.45764       198
-2.03473      -6.92717  -2.03806       2  Ge         7.50197        13
-2.03473      -6.92717   2.03806       2  Ge         7.50197        29
 2.03473      -6.92717  -2.03806       2  Ge         7.50197        97
 2.03473      -6.92717   2.03806       2  Ge         7.50197       117
-4.44089e-16  -4.71827  -6.11417       3  Tb         7.72303        95
-4.44089e-16  -4.71827   6.11417       3  Tb         7.72303       128
-4.06945       6.8831    0             2  Ge         7.9961         75
 4.06945       6.8831    0             2  Ge         7.9961        193
-4.44089e-16   6.8831    4.07611       2  Ge         7.99949       183
-4.44089e-16   6.8831   -4.07611       2  Ge         7.99949       154
-4.06945      -6.91235   0             2  Ge         8.02129        19
 4.06945      -6.91235   0             2  Ge         8.02129       116
-8.88178e-16  -6.91235  -4.07611       2  Ge         8.02467        90
-8.88178e-16  -6.91235   4.07611       2  Ge         8.02467       115
-8.13891       0         0             1  Cu         8.13891        66
 8.13891       0         0             1  Cu         8.13891       206
 0             0        -8.15223       1  Cu         8.15223       148
 0             0         8.15223       1  Cu         8.15223       186
 4.06945       3.76482  -6.11417       2  Ge         8.25333       156
 4.06945       3.76482   6.11417       2  Ge         8.25333       197
-4.06945       3.76482  -6.11417       2  Ge         8.25333        49
-4.06945       3.76482   6.11417       2  Ge         8.25333        79
-6.10418       3.77964   4.07611       2  Ge         8.25599        68
 6.10418       3.77964   4.07611       2  Ge         8.25599       196
-6.10418       3.77964  -4.07611       2  Ge         8.25599        43
 6.10418       3.77964  -4.07611       2  Ge         8.25599       161
 6.10418      -3.8089   -4.07611       2  Ge         8.26943       108
 6.10418      -3.8089    4.07611       2  Ge         8.26943       137
-6.10418      -3.8089   -4.07611       2  Ge         8.26943         5
-6.10418      -3.8089    4.07611       2  Ge         8.26943        27
 8.13891      -2.32416   0             2  Ge         8.46425       141
-8.13891      -2.32416   0             2  Ge         8.46425        21
-8.88178e-16  -2.32416  -8.15223       2  Ge         8.47706        92
-8.88178e-16  -2.32416   8.15223       2  Ge         8.47706       129
-8.13891       1.29337  -2.03806       2  Ge         8.4893         45
-8.13891       1.29337   2.03806       2  Ge         8.4893         65
 8.13891       1.29337  -2.03806       2  Ge         8.4893        169
 8.13891       1.29337   2.03806       2  Ge         8.4893        205
-2.03473       1.29401  -8.15223       2  Ge         8.50137        47
-2.03473       1.29401   8.15223       2  Ge         8.50137        83
 2.03473       1.29401  -8.15223       2  Ge         8.50137       144
 2.03473       1.29401   8.15223       2  Ge         8.50137       184
-2.03473       8.36783   0             2  Ge         8.61166        86
 2.03473       8.36783   0             2  Ge         8.61166       192
 6.10418      -1.15358  -6.11417       3  Tb         8.71635       104
 6.10418      -1.15358   6.11417       3  Tb         8.71635       138
-6.10418      -1.15358  -6.11417       3  Tb         8.71635         1
-6.10418      -1.15358   6.11417       3  Tb         8.71635        28
-4.06945      -4.71827  -6.11417       3  Tb         8.72958        12
-4.06945      -4.71827   6.11417       3  Tb         8.72958        39
 4.06945      -4.71827  -6.11417       3  Tb         8.72958       105
 4.06945      -4.71827   6.11417       3  Tb         8.72958       139
 6.10418       5.97373  -2.03806       3  Tb         8.78067       171
 6.10418       5.97373   2.03806       3  Tb         8.78067       207
-6.10418       5.97373  -2.03806       3  Tb         8.78067        58
-6.10418       5.97373   2.03806       3  Tb         8.78067        76
-2.03473       5.97373  -6.11417       3  Tb         8.78684        59
-2.03473       5.97373   6.11417       3  Tb         8.78684        89
 2.03473       5.97373  -6.11417       3  Tb         8.78684       159
 2.03473       5.97373   6.11417       3  Tb         8.78684       202
-4.06945       6.8831   -4.07611       2  Ge         8.97509        57
-4.06945       6.8831    4.07611       2  Ge         8.97509        82
 4.06945       6.8831   -4.07611       2  Ge         8.97509       166
 4.06945       6.8831    4.07611       2  Ge         8.97509       201
 4.06945      -6.91235   4.07611       2  Ge         8.99754       123
-4.06945      -6.91235  -4.07611       2  Ge         8.99754         2
-4.06945      -6.91235   4.07611       2  Ge         8.99754        25
 4.06945      -6.91235  -4.07611       2  Ge         8.99754        96
-8.13891       0        -4.07611       1  Cu         9.10256        46
-8.13891       0         4.07611       1  Cu         9.10256        69
 8.13891       0        -4.07611       1  Cu         9.10256       170
 8.13891       0         4.07611       1  Cu         9.10256       208
-4.06945       0        -8.15223       1  Cu         9.11149        51
-4.06945       0         8.15223       1  Cu         9.11149        85
 4.06945       0        -8.15223       1  Cu         9.11149       158
 4.06945       0         8.15223       1  Cu         9.11149       203
 8.13891       3.76482  -2.03806       2  Ge         9.19616       168
 8.13891       3.76482   2.03806       2  Ge         9.19616       204
-8.13891       3.76482  -2.03806       2  Ge         9.19616        44
-8.13891       3.76482   2.03806       2  Ge         9.19616        64
-2.03473       3.77964  -8.15223       2  Ge         9.21328        48
-2.03473       3.77964   8.15223       2  Ge         9.21328        84
 2.03473       3.77964  -8.15223       2  Ge         9.21328       145
 2.03473       3.77964   8.15223       2  Ge         9.21328       185
-2.03473      -3.8089   -8.15223       2  Ge         9.22532        10
-2.03473      -3.8089    8.15223       2  Ge         9.22532        41
 2.03473      -3.8089   -8.15223       2  Ge         9.22532        93
 2.03473      -3.8089    8.15223       2  Ge         9.22532       130
 8.13891      -2.32416  -4.07611       2  Ge         9.39459       111
 8.13891      -2.32416   4.07611       2  Ge         9.39459       143
-8.13891      -2.32416  -4.07611       2  Ge         9.39459         4
-8.13891      -2.32416   4.07611       2  Ge         9.39459        26
 0            -9.39799   0             2  Ge         9.39799       113
-4.06945      -2.32416  -8.15223       2  Ge         9.40324         9
-4.06945      -2.32416   8.15223       2  Ge         9.40324        40
 4.06945      -2.32416  -8.15223       2  Ge         9.40324       103
 4.06945      -2.32416   8.15223       2  Ge         9.40324       140
-6.10418      -6.92717  -2.03806       2  Ge         9.45518         3
-6.10418      -6.92717   2.03806       2  Ge         9.45518        20
 6.10418      -6.92717  -2.03806       2  Ge         9.45518       106
 6.10418      -6.92717   2.03806       2  Ge         9.45518       131
-2.03473      -6.92717  -6.11417       2  Ge         9.46092         8
-2.03473      -6.92717   6.11417       2  Ge         9.46092        35
 2.03473      -6.92717  -6.11417       2  Ge         9.46092        91
 2.03473      -6.92717   6.11417       2  Ge         9.46092       124
-2.03473       8.36783  -4.07611       2  Ge         9.52762        60
-2.03473       8.36783   4.07611       2  Ge         9.52762        88
 2.03473       8.36783  -4.07611       2  Ge         9.52762       165
 2.03473       8.36783   4.07611       2  Ge         9.52762       200
 8.13891      -4.71827  -2.03806       3  Tb         9.62588       112
 8.13891      -4.71827   2.03806       3  Tb         9.62588       142
-8.13891      -4.71827  -2.03806       3  Tb         9.62588         7
-8.13891      -4.71827   2.03806       3  Tb         9.62588        24
-4.44089e-16   9.53842  -2.03806       3  Tb         9.75372       155
-4.44089e-16   9.53842   2.03806       3  Tb         9.75372       177
-2.03473      -9.39863  -2.03806       2  Ge         9.82995        14
-2.03473      -9.39863   2.03806       2  Ge         9.82995        30
 2.03473      -9.39863  -2.03806       2  Ge         9.82995        98
 2.03473      -9.39863   2.03806       2  Ge         9.82995       118
END
