# # comment:                                                     FEFF 9.9.1  
# # Source:
# # Structure
# # Reduced
# # space
# # abc:
# # angles:
# # sites:
# # POT  SCF 100  7.0000   0, screened core-hole, AFOLP (folp(0)= 1.150)
# # Abs   Z=29 Rmt= 1.299 Rnm= 1.367 K  shell
# # Pot 1 Z=48 Rmt= 1.500 Rnm= 1.595
# # Pot 2 Z=29 Rmt= 1.299 Rnm= 1.367
# # Pot 3 Z=16 Rmt= 0.942 Rnm= 1.154
# # Pot 4 Z= 8 Rmt= 0.861 Rnm= 1.023
# # Gam_ch=1.729E+00 H-L exch Vi= 0.000E+00 Vr= 0.000E+00
# # Mu=-5.356E+00eV kf=2.503E+00 Vint=-1.664E+01eV Rs_int= 1.449
# FMS rfms= 9.0000
# # PATH  Rmax=-1.000,  Keep_limit= 0.00, Heap_limit 0.00  Pwcrit= 2.50%
#  S02=0.950  Temp=   0.00  Debye_temp=   0.00  Global_sig2= 0.00000
#  Energy zero shift, vr, vi    0.00000E+00   0.00000E+00
#  Curved wave amplitude ratio filter   4.000%
#     file         sig2 tot  cw amp ratio   deg  nlegs   reff  inp sig2
#     0/   0 paths used
#  xsedge+ 50, used to normalize mu           2.4782E-04
#  -----------------------------------------------------------------------
#  omega    e    k    mu    mu0     chi     @#
    8983.309     -9.166  -1.000  4.84888E-02  5.64966E-02 -8.00786E-03
    8983.607     -8.867  -0.960  5.16967E-02  6.07147E-02 -9.01796E-03
    8983.894     -8.580  -0.920  5.52364E-02  6.54135E-02 -1.01771E-02
    8984.168     -8.306  -0.880  5.91554E-02  7.06652E-02 -1.15098E-02
    8984.430     -8.044  -0.840  6.35089E-02  7.65537E-02 -1.30449E-02
    8984.680     -7.794  -0.800  6.83606E-02  8.31765E-02 -1.48160E-02
    8984.918     -7.556  -0.760  7.37836E-02  9.06456E-02 -1.68620E-02
    8985.144     -7.331  -0.720  7.98602E-02  9.90878E-02 -1.92276E-02
    8985.357     -7.117  -0.680  8.66809E-02  1.08643E-01 -2.19620E-02
    8985.558     -6.916  -0.640  9.43409E-02  1.19459E-01 -2.51180E-02
    8985.747     -6.727  -0.600  1.02933E-01  1.31682E-01 -2.87481E-02
    8985.924     -6.550  -0.560  1.12538E-01  1.45435E-01 -3.28975E-02
    8986.088     -6.386  -0.520  1.23202E-01  1.60796E-01 -3.75937E-02
    8986.241     -6.233  -0.480  1.34917E-01  1.77749E-01 -4.28319E-02
    8986.381     -6.093  -0.440  1.47586E-01  1.96144E-01 -4.85577E-02
    8986.509     -5.965  -0.400  1.61004E-01  2.15658E-01 -5.46534E-02
    8986.625     -5.849  -0.360  1.74845E-01  2.35780E-01 -6.09354E-02
    8986.728     -5.746  -0.320  1.88680E-01  2.55849E-01 -6.71690E-02
    8986.820     -5.654  -0.280  2.02028E-01  2.75130E-01 -7.31021E-02
    8986.899     -5.575  -0.240  2.14413E-01  2.92918E-01 -7.85051E-02
    8986.966     -5.508  -0.200  2.25424E-01  3.08626E-01 -8.32023E-02
    8987.021     -5.453  -0.160  2.34745E-01  3.21828E-01 -8.70831E-02
    8987.064     -5.410  -0.120  2.42160E-01  3.32254E-01 -9.00944E-02
    8987.094     -5.380  -0.080  2.47537E-01  3.39760E-01 -9.22226E-02
    8987.119     -5.356   0.000  2.51901E-01  3.45786E-01 -9.38858E-02
    8987.174     -5.301   0.120  2.61556E-01  3.59353E-01 -9.77966E-02
    8987.216     -5.258   0.160  2.69125E-01  3.69896E-01 -1.00771E-01
    8987.271     -5.203   0.200  2.78810E-01  3.83320E-01 -1.04509E-01
    8987.338     -5.136   0.240  2.90564E-01  3.99440E-01 -1.08876E-01
    8987.417     -5.057   0.280  3.04126E-01  4.17865E-01 -1.13739E-01
    8987.509     -4.965   0.320  3.19210E-01  4.38126E-01 -1.18916E-01
    8987.612     -4.862   0.360  3.35305E-01  4.59579E-01 -1.24273E-01
    8987.728     -4.746   0.400  3.51818E-01  4.81540E-01 -1.29722E-01
    8987.856     -4.618   0.440  3.68162E-01  5.03405E-01 -1.35243E-01
    8987.996     -4.478   0.480  3.83979E-01  5.24708E-01 -1.40729E-01
    8988.149     -4.325   0.520  3.99255E-01  5.45132E-01 -1.45877E-01
    8988.313     -4.161   0.560  4.14389E-01  5.64542E-01 -1.50153E-01
    8988.490     -3.984   0.600  4.29919E-01  5.82926E-01 -1.53007E-01
    8988.679     -3.795   0.640  4.45886E-01  6.00314E-01 -1.54427E-01
    8988.880     -3.594   0.680  4.61352E-01  6.16816E-01 -1.55465E-01
    8989.094     -3.381   0.720  4.74251E-01  6.32543E-01 -1.58292E-01
    8989.319     -3.155   0.760  4.82399E-01  6.47642E-01 -1.65243E-01
    8989.557     -2.917   0.800  4.85089E-01  6.62172E-01 -1.77082E-01
    8989.807     -2.667   0.840  4.84108E-01  6.76278E-01 -1.92170E-01
    8990.069     -2.405   0.880  4.82551E-01  6.89988E-01 -2.07437E-01
    8990.343     -2.131   0.920  4.83442E-01  7.03356E-01 -2.19915E-01
    8990.630     -1.844   0.960  4.89258E-01  7.16484E-01 -2.27226E-01
    8990.929     -1.546   1.000  5.01604E-01  7.29338E-01 -2.27733E-01
    8991.240     -1.235   1.040  5.20746E-01  7.41978E-01 -2.21232E-01
    8991.563     -0.912   1.080  5.45337E-01  7.54415E-01 -2.09078E-01
    8991.898     -0.576   1.120  5.74612E-01  7.66650E-01 -1.92038E-01
    8992.245     -0.229   1.160  6.09705E-01  7.78680E-01 -1.68975E-01
    8992.605      0.131   1.200  6.50615E-01  7.90498E-01 -1.39883E-01
    8992.977      0.503   1.240  6.92977E-01  8.02111E-01 -1.09134E-01
    8993.361      0.887   1.280  7.29785E-01  8.13502E-01 -8.37175E-02
    8993.757      1.283   1.320  7.58651E-01  8.24656E-01 -6.60053E-02
    8994.166      1.691   1.360  7.86015E-01  8.35553E-01 -4.95382E-02
    8994.586      2.112   1.400  8.19427E-01  8.46192E-01 -2.67654E-02
    8995.019      2.545   1.440  8.59525E-01  8.56551E-01  2.97444E-03
    8995.464      2.990   1.480  9.01805E-01  8.66606E-01  3.51987E-02
    8995.921      3.447   1.520  9.42473E-01  8.76355E-01  6.61185E-02
    8996.391      3.916   1.560  9.80540E-01  8.85794E-01  9.47467E-02
    8996.872      4.398   1.600  1.01770E+00  8.94900E-01  1.22799E-01
    8997.366      4.892   1.640  1.05885E+00  9.03652E-01  1.55198E-01
    8997.872      5.398   1.680  1.10695E+00  9.12066E-01  1.94889E-01
    8998.390      5.916   1.720  1.15671E+00  9.20098E-01  2.36615E-01
    8998.920      6.446   1.760  1.19554E+00  9.27768E-01  2.67773E-01
    8999.463      6.989   1.800  1.21336E+00  9.35056E-01  2.78301E-01
    9000.018      7.543   1.840  1.21519E+00  9.41980E-01  2.73213E-01
    9000.585      8.110   1.880  1.21817E+00  9.48501E-01  2.69671E-01
    9001.164      8.690   1.920  1.23342E+00  9.54659E-01  2.78757E-01
    9001.755      9.281   1.960  1.25357E+00  9.60438E-01  2.93135E-01
    9002.359      9.884   2.000  1.25981E+00  9.65838E-01  2.93969E-01
    9002.974     10.500   2.040  1.24155E+00  9.70864E-01  2.70683E-01
    9003.602     11.128   2.080  1.20201E+00  9.75539E-01  2.26468E-01
    9004.242     11.768   2.120  1.15139E+00  9.79846E-01  1.71543E-01
    9004.895     12.420   2.160  1.10409E+00  9.83789E-01  1.20297E-01
    9005.559     13.085   2.200  1.07186E+00  9.87416E-01  8.44423E-02
    9006.236     13.761   2.240  1.05816E+00  9.90690E-01  6.74672E-02
    9006.924     14.450   2.280  1.05761E+00  9.93658E-01  6.39538E-02
    9007.625     15.151   2.320  1.06044E+00  9.96306E-01  6.41370E-02
    9008.339     15.864   2.360  1.06047E+00  9.98662E-01  6.18046E-02
    9009.064     16.590   2.400  1.05671E+00  1.00075E+00  5.59614E-02
    9009.802     17.327   2.440  1.05135E+00  1.00256E+00  4.87900E-02
    9010.552     18.077   2.480  1.04668E+00  1.00410E+00  4.25798E-02
    9011.314     18.839   2.520  1.04343E+00  1.00541E+00  3.80218E-02
    9012.088     19.613   2.560  1.04240E+00  1.00648E+00  3.59165E-02
    9012.874     20.400   2.600  1.04417E+00  1.00736E+00  3.68086E-02
    9013.673     21.198   2.640  1.04554E+00  1.00802E+00  3.75122E-02
    9014.483     22.009   2.680  1.04128E+00  1.00851E+00  3.27776E-02
    9015.306     22.832   2.720  1.02890E+00  1.00880E+00  2.01053E-02
    9016.142     23.667   2.760  1.00887E+00  1.00895E+00 -7.89112E-05
    9016.989     24.515   2.800  9.82951E-01  1.00896E+00 -2.60140E-02
    9017.848     25.374   2.840  9.53925E-01  1.00883E+00 -5.49051E-02
    9018.720     26.246   2.880  9.26569E-01  1.00857E+00 -8.20022E-02
    9019.604     27.130   2.920  9.07993E-01  1.00819E+00 -1.00202E-01
    9020.500     28.026   2.960  8.96261E-01  1.00773E+00 -1.11468E-01
    9021.408     28.934   3.000  8.89096E-01  1.00720E+00 -1.18102E-01
    9022.329     29.855   3.040  8.85854E-01  1.00657E+00 -1.20713E-01
    9023.262     30.787   3.080  8.86064E-01  1.00588E+00 -1.19818E-01
    9024.207     31.732   3.120  8.89153E-01  1.00513E+00 -1.15975E-01
    9025.164     32.689   3.160  8.94735E-01  1.00435E+00 -1.09614E-01
    9026.133     33.659   3.200  9.01925E-01  1.00351E+00 -1.01583E-01
    9027.114     34.640   3.240  9.10137E-01  1.00265E+00 -9.25161E-02
    9028.108     35.634   3.280  9.18963E-01  1.00179E+00 -8.28240E-02
    9029.114     36.640   3.320  9.28041E-01  1.00089E+00 -7.28508E-02
    9030.132     37.658   3.360  9.37253E-01  9.99992E-01 -6.27394E-02
    9031.162     38.688   3.400  9.46637E-01  9.99091E-01 -5.24537E-02
    9032.204     39.730   3.440  9.56110E-01  9.98192E-01 -4.20824E-02
    9033.259     40.785   3.480  9.65397E-01  9.97319E-01 -3.19221E-02
    9034.326     41.852   3.520  9.74182E-01  9.96453E-01 -2.22716E-02
    9035.405     42.931   3.560  9.82103E-01  9.95618E-01 -1.35152E-02
    9036.496     44.022   3.600  9.88950E-01  9.94796E-01 -5.84582E-03
    9037.599     45.125   3.640  9.94849E-01  9.94028E-01  8.21030E-04
    9038.715     46.241   3.680  9.99902E-01  9.93275E-01  6.62674E-03
    9039.843     47.368   3.720  1.00425E+00  9.92560E-01  1.16863E-02
    9040.983     48.508   3.760  1.00800E+00  9.91881E-01  1.61227E-02
    9042.135     49.661   3.800  1.01116E+00  9.91242E-01  1.99188E-02
    9043.299     50.825   3.840  1.01357E+00  9.90643E-01  2.29246E-02
    9044.476     52.001   3.880  1.01508E+00  9.90085E-01  2.49906E-02
    9045.664     53.190   3.920  1.01562E+00  9.89569E-01  2.60483E-02
    9046.865     54.391   3.960  1.01535E+00  9.89118E-01  2.62274E-02
    9048.078     55.604   4.000  1.01455E+00  9.88712E-01  2.58414E-02
    9049.304     56.829   4.040  1.01365E+00  9.88347E-01  2.53051E-02
    9050.541     58.067   4.080  1.01299E+00  9.88026E-01  2.49653E-02
    9051.791     59.317   4.120  1.01280E+00  9.87768E-01  2.50320E-02
    9053.053     60.578   4.160  1.01307E+00  9.87532E-01  2.55335E-02
    9054.327     61.852   4.200  1.01367E+00  9.87361E-01  2.63135E-02
    9055.613     63.139   4.240  1.01434E+00  9.87232E-01  2.71084E-02
    9056.911     64.437   4.280  1.01485E+00  9.87144E-01  2.77017E-02
    9058.222     65.748   4.320  1.01524E+00  9.87119E-01  2.81237E-02
    9059.545     67.071   4.360  1.01574E+00  9.87113E-01  2.86319E-02
    9060.880     68.406   4.400  1.01670E+00  9.87144E-01  2.95598E-02
    9062.227     69.753   4.440  1.01828E+00  9.87214E-01  3.10672E-02
    9063.587     71.112   4.480  1.02028E+00  9.87321E-01  3.29564E-02
    9064.958     72.484   4.520  1.02216E+00  9.87468E-01  3.46935E-02
    9066.342     73.868   4.560  1.02328E+00  9.87651E-01  3.56277E-02
    9067.738     75.264   4.600  1.02312E+00  9.87868E-01  3.52504E-02
    9069.146     76.672   4.640  1.02146E+00  9.88096E-01  3.33627E-02
    9070.566     78.092   4.680  1.01841E+00  9.88355E-01  3.00584E-02
    9071.999     79.525   4.720  1.01425E+00  9.88623E-01  2.56291E-02
    9073.444     80.969   4.760  1.00935E+00  9.88921E-01  2.04260E-02
    9074.901     82.426   4.800  1.00404E+00  9.89225E-01  1.48193E-02
    9076.370     83.896   4.840  9.98707E-01  9.89555E-01  9.15185E-03
    9077.851     85.377   4.880  9.93548E-01  9.89868E-01  3.68034E-03
    9079.345     86.870   4.920  9.88761E-01  9.90204E-01 -1.44328E-03
    9080.850     88.376   4.960  9.84336E-01  9.90543E-01 -6.20714E-03
    9082.368     89.894   5.000  9.80139E-01  9.90885E-01 -1.07460E-02
    9083.898     91.424   5.040  9.75948E-01  9.91247E-01 -1.52986E-02
    9085.441     92.966   5.080  9.71488E-01  9.91583E-01 -2.00945E-02
    9086.995     94.521   5.120  9.66710E-01  9.91892E-01 -2.51818E-02
    9088.562     96.087   5.160  9.61864E-01  9.92218E-01 -3.03549E-02
    9090.141     97.666   5.200  9.57318E-01  9.92517E-01 -3.51997E-02
    9091.732     99.257   5.240  9.53531E-01  9.92810E-01 -3.92787E-02
    9093.335    100.861   5.280  9.50840E-01  9.93096E-01 -4.22553E-02
    9094.950    102.476   5.320  9.49419E-01  9.93348E-01 -4.39295E-02
    9096.578    104.104   5.360  9.49370E-01  9.93568E-01 -4.41985E-02
    9098.218    105.744   5.400  9.50772E-01  9.93778E-01 -4.30065E-02
    9099.870    107.396   5.440  9.53591E-01  9.93976E-01 -4.03842E-02
    9101.534    109.060   5.480  9.57627E-01  9.94117E-01 -3.64908E-02
    9103.210    110.736   5.520  9.62635E-01  9.94247E-01 -3.16122E-02
    9104.899    112.425   5.560  9.68309E-01  9.94362E-01 -2.60530E-02
    9106.600    114.125   5.600  9.74390E-01  9.94419E-01 -2.00287E-02
    9108.313    115.838   5.640  9.80827E-01  9.94459E-01 -1.36323E-02
    9110.038    117.564   5.680  9.87526E-01  9.94440E-01 -6.91467E-03
    9111.775    119.301   5.720  9.94370E-01  9.94407E-01 -3.69966E-05
    9113.525    121.051   5.760  1.00100E+00  9.94361E-01  6.64060E-03
    9115.287    122.812   5.800  1.00683E+00  9.94255E-01  1.25707E-02
    9117.060    124.586   5.840  1.01126E+00  9.94110E-01  1.71512E-02
    9118.847    126.372   5.880  1.01388E+00  9.93952E-01  1.99245E-02
    9120.645    128.171   5.920  1.01450E+00  9.93734E-01  2.07697E-02
    9122.455    129.981   5.960  1.01349E+00  9.93503E-01  1.99871E-02
    9124.278    131.804   6.000  1.01136E+00  9.93216E-01  1.81404E-02
