# # comment:                                                     FEFF 9.9.1  
# # Source:
# # Structure
# # Reduced
# # space
# # abc:
# # angles:
# # sites:
# # POT  SCF 100  7.0000   0, screened core-hole, AFOLP (folp(0)= 1.150)
# # Abs   Z=29 Rmt= 1.273 Rnm= 1.359 K  shell
# # Pot 1 Z= 3 Rmt= 1.248 Rnm= 1.316
# # Pot 2 Z=29 Rmt= 1.261 Rnm= 1.346
# # Pot 3 Z=15 Rmt= 0.939 Rnm= 1.157
# # Pot 4 Z= 8 Rmt= 0.917 Rnm= 1.049
# # Gam_ch=1.729E+00 H-L exch Vi= 0.000E+00 Vr= 0.000E+00
# # Mu=-6.322E+00eV kf=2.404E+00 Vint=-1.698E+01eV Rs_int= 1.508
# FMS rfms= 9.0000
# # PATH  Rmax=-1.000,  Keep_limit= 0.00, Heap_limit 0.00  Pwcrit= 2.50%
#  S02=0.950  Temp=   0.00  Debye_temp=   0.00  Global_sig2= 0.00000
#  Energy zero shift, vr, vi    0.00000E+00   0.00000E+00
#  Curved wave amplitude ratio filter   4.000%
#     file         sig2 tot  cw amp ratio   deg  nlegs   reff  inp sig2
#     0/   0 paths used
#  xsedge+ 50, used to normalize mu           2.4780E-04
#  -----------------------------------------------------------------------
#  omega    e    k    mu    mu0     chi     @#
    8983.496    -10.132  -1.000  4.63656E-02  5.51467E-02 -8.78105E-03
    8983.795     -9.833  -0.960  4.93045E-02  5.92152E-02 -9.91071E-03
    8984.082     -9.547  -0.920  5.25328E-02  6.37432E-02 -1.12104E-02
    8984.356     -9.272  -0.880  5.60907E-02  6.87990E-02 -1.27084E-02
    8984.618     -9.010  -0.840  6.00246E-02  7.44624E-02 -1.44379E-02
    8984.868     -8.760  -0.800  6.43882E-02  8.08259E-02 -1.64377E-02
    8985.106     -8.522  -0.760  6.92430E-02  8.79958E-02 -1.87528E-02
    8985.331     -8.297  -0.720  7.46579E-02  9.60922E-02 -2.14344E-02
    8985.545     -8.083  -0.680  8.07085E-02  1.05248E-01 -2.45392E-02
    8985.746     -7.882  -0.640  8.74744E-02  1.15602E-01 -2.81281E-02
    8985.935     -7.693  -0.600  9.50334E-02  1.27294E-01 -3.22609E-02
    8986.112     -7.517  -0.560  1.03451E-01  1.40441E-01 -3.69897E-02
    8986.276     -7.352  -0.520  1.12768E-01  1.55114E-01 -4.23454E-02
    8986.429     -7.200  -0.480  1.22976E-01  1.71298E-01 -4.83218E-02
    8986.569     -7.059  -0.440  1.33995E-01  1.88851E-01 -5.48552E-02
    8986.697     -6.931  -0.400  1.45655E-01  2.07464E-01 -6.18097E-02
    8986.813     -6.816  -0.360  1.57680E-01  2.26655E-01 -6.89744E-02
    8986.916     -6.712  -0.320  1.69711E-01  2.45792E-01 -7.60816E-02
    8987.008     -6.620  -0.280  1.81332E-01  2.64179E-01 -8.28461E-02
    8987.087     -6.541  -0.240  1.92134E-01  2.81143E-01 -8.90096E-02
    8987.154     -6.474  -0.200  2.01752E-01  2.96127E-01 -9.43753E-02
    8987.209     -6.419  -0.160  2.09905E-01  3.08724E-01 -9.88185E-02
    8987.252     -6.377  -0.120  2.16398E-01  3.18674E-01 -1.02277E-01
    8987.282     -6.346  -0.080  2.21109E-01  3.25838E-01 -1.04730E-01
    8987.306     -6.322   0.000  2.24935E-01  3.31590E-01 -1.06655E-01
    8987.361     -6.267   0.120  2.33418E-01  3.44560E-01 -1.11142E-01
    8987.404     -6.224   0.160  2.40032E-01  3.54626E-01 -1.14594E-01
    8987.459     -6.169   0.200  2.48493E-01  3.67455E-01 -1.18961E-01
    8987.526     -6.102   0.240  2.58741E-01  3.82879E-01 -1.24139E-01
    8987.605     -6.023   0.280  2.70546E-01  4.00531E-01 -1.29985E-01
    8987.697     -5.932   0.320  2.83650E-01  4.19975E-01 -1.36325E-01
    8987.800     -5.828   0.360  2.97633E-01  4.40586E-01 -1.42953E-01
    8987.916     -5.712   0.400  3.12082E-01  4.61739E-01 -1.49657E-01
    8988.044     -5.584   0.440  3.26689E-01  4.82867E-01 -1.56178E-01
    8988.184     -5.444   0.480  3.41337E-01  5.03513E-01 -1.62177E-01
    8988.337     -5.292   0.520  3.56110E-01  5.23419E-01 -1.67310E-01
    8988.501     -5.127   0.560  3.71052E-01  5.42418E-01 -1.71366E-01
    8988.678     -4.950   0.600  3.85893E-01  5.60498E-01 -1.74605E-01
    8988.867     -4.761   0.640  3.99793E-01  5.77725E-01 -1.77932E-01
    8989.068     -4.560   0.680  4.11519E-01  5.94184E-01 -1.82664E-01
    8989.281     -4.347   0.720  4.20087E-01  6.09973E-01 -1.89887E-01
    8989.507     -4.121   0.760  4.25489E-01  6.25216E-01 -1.99727E-01
    8989.745     -3.883   0.800  4.28742E-01  6.40022E-01 -2.11280E-01
    8989.995     -3.633   0.840  4.31186E-01  6.54428E-01 -2.23241E-01
    8990.257     -3.371   0.880  4.34216E-01  6.68536E-01 -2.34320E-01
    8990.531     -3.097   0.920  4.39447E-01  6.82393E-01 -2.42946E-01
    8990.818     -2.810   0.960  4.49216E-01  6.96035E-01 -2.46820E-01
    8991.116     -2.512   1.000  4.66171E-01  7.09487E-01 -2.43316E-01
    8991.427     -2.201   1.040  4.92023E-01  7.22761E-01 -2.30738E-01
    8991.750     -1.878   1.080  5.26571E-01  7.35886E-01 -2.09315E-01
    8992.086     -1.543   1.120  5.67873E-01  7.48837E-01 -1.80963E-01
    8992.433     -1.195   1.160  6.13405E-01  7.61630E-01 -1.48225E-01
    8992.793     -0.835   1.200  6.61901E-01  7.74233E-01 -1.12332E-01
    8993.165     -0.464   1.240  7.12885E-01  7.86670E-01 -7.37850E-02
    8993.549     -0.079   1.280  7.62584E-01  7.98904E-01 -3.63192E-02
    8993.945      0.317   1.320  8.06935E-01  8.10914E-01 -3.97949E-03
    8994.353      0.725   1.360  8.48483E-01  8.22700E-01  2.57831E-02
    8994.774      1.146   1.400  8.92605E-01  8.34214E-01  5.83908E-02
    8995.207      1.579   1.440  9.37559E-01  8.45474E-01  9.20854E-02
    8995.652      2.024   1.480  9.78905E-01  8.56435E-01  1.22469E-01
    8996.109      2.481   1.520  1.02158E+00  8.67071E-01  1.54507E-01
    8996.578      2.950   1.560  1.07329E+00  8.77397E-01  1.95889E-01
    8997.060      3.432   1.600  1.13255E+00  8.87366E-01  2.45185E-01
    8997.554      3.926   1.640  1.19176E+00  8.96995E-01  2.94761E-01
    8998.060      4.432   1.680  1.23033E+00  9.06239E-01  3.24093E-01
    8998.578      4.950   1.720  1.22610E+00  9.15092E-01  3.11012E-01
    8999.108      5.480   1.760  1.18777E+00  9.23573E-01  2.64201E-01
    8999.651      6.023   1.800  1.13782E+00  9.31639E-01  2.06185E-01
    9000.205      6.577   1.840  1.09093E+00  9.39287E-01  1.51643E-01
    9000.772      7.144   1.880  1.05743E+00  9.46537E-01  1.10896E-01
    9001.352      7.723   1.920  1.04113E+00  9.53370E-01  8.77573E-02
    9001.943      8.315   1.960  1.03866E+00  9.59784E-01  7.88755E-02
    9002.546      8.918   2.000  1.04370E+00  9.65782E-01  7.79207E-02
    9003.162      9.534   2.040  1.05433E+00  9.71388E-01  8.29402E-02
    9003.790     10.162   2.080  1.06865E+00  9.76582E-01  9.20692E-02
    9004.430     10.802   2.120  1.07846E+00  9.81372E-01  9.70894E-02
    9005.082     11.454   2.160  1.07671E+00  9.85778E-01  9.09276E-02
    9005.747     12.119   2.200  1.07024E+00  9.89807E-01  8.04336E-02
    9006.423     12.795   2.240  1.07505E+00  9.93464E-01  8.15828E-02
    9007.112     13.484   2.280  1.09847E+00  9.96756E-01  1.01711E-01
    9007.813     14.185   2.320  1.13419E+00  9.99709E-01  1.34477E-01
    9008.526     14.898   2.360  1.16871E+00  1.00231E+00  1.66403E-01
    9009.252     15.624   2.400  1.18815E+00  1.00460E+00  1.83548E-01
    9009.990     16.361   2.440  1.18726E+00  1.00660E+00  1.80662E-01
    9010.739     17.111   2.480  1.16977E+00  1.00829E+00  1.61484E-01
    9011.501     17.873   2.520  1.13856E+00  1.00971E+00  1.28846E-01
    9012.276     18.647   2.560  1.09555E+00  1.01086E+00  8.46920E-02
    9013.062     19.434   2.600  1.04838E+00  1.01177E+00  3.66121E-02
    9013.860     20.232   2.640  1.00689E+00  1.01245E+00 -5.55986E-03
    9014.671     21.043   2.680  9.75553E-01  1.01293E+00 -3.73751E-02
    9015.494     21.866   2.720  9.53231E-01  1.01320E+00 -5.99702E-02
    9016.329     22.701   2.760  9.38656E-01  1.01328E+00 -7.46224E-02
    9017.177     23.549   2.800  9.34989E-01  1.01319E+00 -7.81991E-02
    9018.036     24.408   2.840  9.37488E-01  1.01296E+00 -7.54709E-02
    9018.908     25.280   2.880  9.37924E-01  1.01258E+00 -7.46525E-02
    9019.792     26.164   2.920  9.34290E-01  1.01207E+00 -7.77771E-02
    9020.688     27.060   2.960  9.27508E-01  1.01144E+00 -8.39307E-02
    9021.596     27.968   3.000  9.19501E-01  1.01072E+00 -9.12176E-02
    9022.517     28.889   3.040  9.11853E-01  1.00991E+00 -9.80592E-02
    9023.449     29.821   3.080  9.05683E-01  1.00903E+00 -1.03342E-01
    9024.394     30.766   3.120  9.01585E-01  1.00806E+00 -1.06480E-01
    9025.351     31.723   3.160  8.99588E-01  1.00705E+00 -1.07465E-01
    9026.321     32.692   3.200  8.99301E-01  1.00600E+00 -1.06698E-01
    9027.302     33.674   3.240  9.00332E-01  1.00491E+00 -1.04575E-01
    9028.296     34.668   3.280  9.02583E-01  1.00380E+00 -1.01217E-01
    9029.302     35.673   3.320  9.05963E-01  1.00266E+00 -9.67007E-02
    9030.320     36.691   3.360  9.10748E-01  1.00152E+00 -9.07757E-02
    9031.350     37.722   3.400  9.17287E-01  1.00040E+00 -8.31141E-02
    9032.392     38.764   3.440  9.25755E-01  9.99261E-01 -7.35067E-02
    9033.447     39.819   3.480  9.36297E-01  9.98146E-01 -6.18494E-02
    9034.514     40.885   3.520  9.48754E-01  9.97040E-01 -4.82861E-02
    9035.593     41.964   3.560  9.62560E-01  9.95964E-01 -3.34042E-02
    9036.684     43.056   3.600  9.76594E-01  9.94923E-01 -1.83288E-02
    9037.787     44.159   3.640  9.89723E-01  9.93897E-01 -4.17442E-03
    9038.903     45.275   3.680  1.00113E+00  9.92930E-01  8.20109E-03
    9040.030     46.402   3.720  1.01046E+00  9.91983E-01  1.84735E-02
    9041.170     47.542   3.760  1.01798E+00  9.91099E-01  2.68847E-02
    9042.323     48.694   3.800  1.02429E+00  9.90261E-01  3.40248E-02
    9043.487     49.859   3.840  1.02992E+00  9.89488E-01  4.04341E-02
    9044.663     51.035   3.880  1.03514E+00  9.88762E-01  4.63826E-02
    9045.852     52.224   3.920  1.03985E+00  9.88079E-01  5.17714E-02
    9047.053     53.425   3.960  1.04369E+00  9.87444E-01  5.62418E-02
    9048.266     54.638   4.000  1.04621E+00  9.86878E-01  5.93325E-02
    9049.491     55.863   4.040  1.04709E+00  9.86384E-01  6.07086E-02
    9050.729     57.101   4.080  1.04609E+00  9.85939E-01  6.01536E-02
    9051.979     58.350   4.120  1.04316E+00  9.85562E-01  5.76028E-02
    9053.240     59.612   4.160  1.03850E+00  9.85234E-01  5.32662E-02
    9054.515     60.886   4.200  1.03264E+00  9.84951E-01  4.76849E-02
    9055.801     62.173   4.240  1.02638E+00  9.84737E-01  4.16465E-02
    9057.099     63.471   4.280  1.02053E+00  9.84572E-01  3.59618E-02
    9058.410     64.782   4.320  1.01565E+00  9.84475E-01  3.11787E-02
    9059.733     66.105   4.360  1.01177E+00  9.84423E-01  2.73466E-02
    9061.068     67.440   4.400  1.00855E+00  9.84417E-01  2.41308E-02
    9062.415     68.787   4.440  1.00555E+00  9.84476E-01  2.10704E-02
    9063.774     70.146   4.480  1.00236E+00  9.84581E-01  1.77791E-02
    9065.146     71.518   4.520  9.98726E-01  9.84726E-01  1.39994E-02
    9066.530     72.902   4.560  9.94505E-01  9.84912E-01  9.59346E-03
    9067.926     74.298   4.600  9.89713E-01  9.85137E-01  4.57549E-03
    9069.334     75.706   4.640  9.84553E-01  9.85401E-01 -8.48124E-04
    9070.754     77.126   4.680  9.79429E-01  9.85701E-01 -6.27216E-03
    9072.187     78.559   4.720  9.74814E-01  9.86017E-01 -1.12028E-02
    9073.631     80.003   4.760  9.71180E-01  9.86389E-01 -1.52088E-02
    9075.088     81.460   4.800  9.68784E-01  9.86772E-01 -1.79882E-02
    9076.558     82.929   4.840  9.67763E-01  9.87187E-01 -1.94241E-02
    9078.039     84.411   4.880  9.68056E-01  9.87609E-01 -1.95523E-02
    9079.532     85.904   4.920  9.69535E-01  9.88036E-01 -1.85011E-02
    9081.038     87.410   4.960  9.72069E-01  9.88491E-01 -1.64216E-02
    9082.556     88.928   5.000  9.75555E-01  9.88948E-01 -1.33923E-02
    9084.086     90.458   5.040  9.79950E-01  9.89407E-01 -9.45651E-03
    9085.628     92.000   5.080  9.85155E-01  9.89866E-01 -4.71116E-03
    9087.183     93.555   5.120  9.90935E-01  9.90324E-01  6.11372E-04
    9088.750     95.121   5.160  9.96847E-01  9.90779E-01  6.06765E-03
    9090.328     96.700   5.200  1.00222E+00  9.91230E-01  1.09916E-02
    9091.919     98.291   5.240  1.00623E+00  9.91652E-01  1.45731E-02
    9093.523     99.895   5.280  1.00814E+00  9.92068E-01  1.60749E-02
    9095.138    101.510   5.320  1.00761E+00  9.92476E-01  1.51304E-02
    9096.766    103.138   5.360  1.00476E+00  9.92853E-01  1.19108E-02
    9098.406    104.777   5.400  1.00025E+00  9.93220E-01  7.02906E-03
    9100.058    106.429   5.440  9.94768E-01  9.93552E-01  1.21594E-03
    9101.722    108.094   5.480  9.88878E-01  9.93848E-01 -4.97059E-03
    9103.398    109.770   5.520  9.82910E-01  9.94129E-01 -1.12191E-02
    9105.087    111.459   5.560  9.77029E-01  9.94350E-01 -1.73208E-02
    9106.788    113.159   5.600  9.71530E-01  9.94556E-01 -2.30265E-02
    9108.500    114.872   5.640  9.66705E-01  9.94725E-01 -2.80198E-02
    9110.226    116.597   5.680  9.62836E-01  9.94854E-01 -3.20177E-02
    9111.963    118.335   5.720  9.60068E-01  9.94944E-01 -3.48753E-02
    9113.713    120.084   5.760  9.58416E-01  9.94992E-01 -3.65759E-02
    9115.474    121.846   5.800  9.57846E-01  9.95001E-01 -3.71550E-02
    9117.248    123.620   5.840  9.58328E-01  9.94972E-01 -3.66441E-02
    9119.034    125.406   5.880  9.59817E-01  9.94902E-01 -3.50848E-02
    9120.833    127.204   5.920  9.62254E-01  9.94792E-01 -3.25379E-02
    9122.643    129.015   5.960  9.65595E-01  9.94640E-01 -2.90452E-02
    9124.466    130.838   6.000  9.69929E-01  9.94420E-01 -2.44915E-02
