# # comment:                                                     FEFF 9.9.1  
# # Source:
# # Structure
# # Reduced
# # space
# # abc:
# # angles:
# # sites:
# # POT  SCF 100  7.0000   0, screened core-hole, AFOLP (folp(0)= 1.150)
# # Abs   Z=29 Rmt= 1.276 Rnm= 1.345 K  shell
# # Pot 1 Z=29 Rmt= 1.270 Rnm= 1.340
# # Pot 2 Z= 8 Rmt= 1.001 Rnm= 1.084
# # Pot 3 Z=73 Rmt= 1.325 Rnm= 1.469
# # Gam_ch=1.729E+00 H-L exch Vi= 0.000E+00 Vr= 0.000E+00
# # Mu=-6.065E+00eV kf=2.248E+00 Vint=-1.652E+01eV Rs_int= 1.613
# FMS rfms= 9.0000
# # PATH  Rmax=-1.000,  Keep_limit= 0.00, Heap_limit 0.00  Pwcrit= 2.50%
#  S02=0.950  Temp=   0.00  Debye_temp=   0.00  Global_sig2= 0.00000
#  Energy zero shift, vr, vi    0.00000E+00   0.00000E+00
#  Curved wave amplitude ratio filter   4.000%
#     file         sig2 tot  cw amp ratio   deg  nlegs   reff  inp sig2
#     0/   0 paths used
#  xsedge+ 50, used to normalize mu           2.4633E-04
#  -----------------------------------------------------------------------
#  omega    e    k    mu    mu0     chi     @#
    8983.616     -9.875  -1.000  5.15560E-02  5.72135E-02 -5.65753E-03
    8983.915     -9.576  -0.960  5.49144E-02  6.14879E-02 -6.57351E-03
    8984.201     -9.289  -0.920  5.85817E-02  6.62489E-02 -7.66716E-03
    8984.476     -9.015  -0.880  6.25928E-02  7.15689E-02 -8.97612E-03
    8984.738     -8.753  -0.840  6.69866E-02  7.75328E-02 -1.05462E-02
    8984.988     -8.503  -0.800  7.18062E-02  8.42388E-02 -1.24326E-02
    8985.225     -8.265  -0.760  7.70984E-02  9.18000E-02 -1.47016E-02
    8985.451     -8.040  -0.720  8.29132E-02  1.00344E-01 -1.74309E-02
    8985.664     -7.826  -0.680  8.93023E-02  1.10012E-01 -2.07096E-02
    8985.866     -7.625  -0.640  9.63168E-02  1.20953E-01 -2.46359E-02
    8986.055     -7.436  -0.600  1.04002E-01  1.33313E-01 -2.93109E-02
    8986.231     -7.260  -0.560  1.12392E-01  1.47219E-01 -3.48269E-02
    8986.396     -7.095  -0.520  1.21496E-01  1.62745E-01 -4.12489E-02
    8986.548     -6.943  -0.480  1.31289E-01  1.79877E-01 -4.85872E-02
    8986.689     -6.802  -0.440  1.41696E-01  1.98463E-01 -5.67671E-02
    8986.817     -6.674  -0.400  1.52576E-01  2.18178E-01 -6.56024E-02
    8986.932     -6.558  -0.360  1.63717E-01  2.38507E-01 -7.47905E-02
    8987.036     -6.455  -0.320  1.74843E-01  2.58782E-01 -8.39390E-02
    8987.127     -6.363  -0.280  1.85636E-01  2.78262E-01 -9.26263E-02
    8987.207     -6.284  -0.240  1.95761E-01  2.96236E-01 -1.00475E-01
    8987.274     -6.217  -0.200  2.04900E-01  3.12110E-01 -1.07210E-01
    8987.329     -6.162  -0.160  2.12773E-01  3.25454E-01 -1.12681E-01
    8987.371     -6.120  -0.120  2.19151E-01  3.35995E-01 -1.16844E-01
    8987.402     -6.089  -0.080  2.23858E-01  3.43584E-01 -1.19726E-01
    8987.426     -6.065   0.000  2.27770E-01  3.49677E-01 -1.21908E-01
    8987.481     -6.010   0.120  2.36512E-01  3.63412E-01 -1.26900E-01
    8987.524     -5.967   0.160  2.43429E-01  3.74057E-01 -1.30627E-01
    8987.579     -5.912   0.200  2.52568E-01  3.87658E-01 -1.35090E-01
    8987.646     -5.845   0.240  2.64065E-01  4.03973E-01 -1.39908E-01
    8987.725     -5.766   0.280  2.78101E-01  4.22652E-01 -1.44551E-01
    8987.816     -5.675   0.320  2.94894E-01  4.43190E-01 -1.48297E-01
    8987.920     -5.571   0.360  3.14639E-01  4.64960E-01 -1.50321E-01
    8988.036     -5.455   0.400  3.37474E-01  4.87299E-01 -1.49826E-01
    8988.164     -5.327   0.440  3.63384E-01  5.09562E-01 -1.46177E-01
    8988.304     -5.187   0.480  3.92139E-01  5.31301E-01 -1.39161E-01
    8988.456     -5.034   0.520  4.23143E-01  5.52179E-01 -1.29036E-01
    8988.621     -4.870   0.560  4.55800E-01  5.72100E-01 -1.16299E-01
    8988.798     -4.693   0.600  4.90038E-01  5.90989E-01 -1.00951E-01
    8988.987     -4.504   0.640  5.27202E-01  6.08914E-01 -8.17127E-02
    8989.188     -4.303   0.680  5.69963E-01  6.25967E-01 -5.60046E-02
    8989.401     -4.090   0.720  6.21354E-01  6.42273E-01 -2.09186E-02
    8989.627     -3.864   0.760  6.82422E-01  6.57958E-01  2.44640E-02
    8989.865     -3.626   0.800  7.47991E-01  6.73079E-01  7.49123E-02
    8990.114     -3.376   0.840  8.03792E-01  6.87736E-01  1.16057E-01
    8990.377     -3.114   0.880  8.31817E-01  7.02037E-01  1.29779E-01
    8990.651     -2.840   0.920  8.22452E-01  7.15972E-01  1.06479E-01
    8990.937     -2.553   0.960  7.82288E-01  7.29619E-01  5.26685E-02
    8991.236     -2.255   1.000  7.29946E-01  7.43003E-01 -1.30577E-02
    8991.547     -1.944   1.040  6.83905E-01  7.56141E-01 -7.22352E-02
    8991.870     -1.621   1.080  6.54094E-01  7.69018E-01 -1.14924E-01
    8992.205     -1.285   1.120  6.41180E-01  7.81677E-01 -1.40498E-01
    8992.553     -0.938   1.160  6.39094E-01  7.94070E-01 -1.54976E-01
    8992.913     -0.578   1.200  6.40956E-01  8.06227E-01 -1.65271E-01
    8993.284     -0.206   1.240  6.50429E-01  8.18116E-01 -1.67687E-01
    8993.668      0.178   1.280  6.81910E-01  8.29717E-01 -1.47807E-01
    8994.065      0.574   1.320  7.41568E-01  8.41033E-01 -9.94647E-02
    8994.473      0.982   1.360  8.21659E-01  8.52044E-01 -3.03849E-02
    8994.894      1.403   1.400  9.14946E-01  8.62726E-01  5.22202E-02
    8995.327      1.836   1.440  1.01616E+00  8.73078E-01  1.43086E-01
    8995.772      2.281   1.480  1.10084E+00  8.83077E-01  2.17767E-01
    8996.229      2.738   1.520  1.12838E+00  8.92699E-01  2.35680E-01
    8996.698      3.207   1.560  1.09908E+00  9.01943E-01  1.97135E-01
    8997.180      3.689   1.600  1.05668E+00  9.10806E-01  1.45879E-01
    8997.673      4.183   1.640  1.02400E+00  9.19266E-01  1.04730E-01
    8998.179      4.689   1.680  9.96401E-01  9.27321E-01  6.90803E-02
    8998.698      5.207   1.720  9.69969E-01  9.34971E-01  3.49983E-02
    8999.228      5.737   1.760  9.50751E-01  9.42196E-01  8.55542E-03
    8999.770      6.280   1.800  9.54262E-01  9.49017E-01  5.24501E-03
    9000.325      6.834   1.840  9.88857E-01  9.55416E-01  3.34418E-02
    9000.892      7.401   1.880  1.04201E+00  9.61414E-01  8.05973E-02
    9001.471      7.980   1.920  1.08953E+00  9.66994E-01  1.22534E-01
    9002.063      8.572   1.960  1.12410E+00  9.72161E-01  1.51935E-01
    9002.666      9.175   2.000  1.15826E+00  9.76940E-01  1.81325E-01
    9003.282      9.791   2.040  1.19300E+00  9.81335E-01  2.11668E-01
    9003.910     10.419   2.080  1.21446E+00  9.85353E-01  2.29104E-01
    9004.550     11.059   2.120  1.21820E+00  9.89020E-01  2.29182E-01
    9005.202     11.711   2.160  1.21454E+00  9.92323E-01  2.22215E-01
    9005.866     12.376   2.200  1.21862E+00  9.95289E-01  2.23329E-01
    9006.543     13.052   2.240  1.24200E+00  9.97927E-01  2.44074E-01
    9007.232     13.741   2.280  1.28878E+00  1.00026E+00  2.88516E-01
    9007.933     14.442   2.320  1.34652E+00  1.00230E+00  3.44222E-01
    9008.646     15.155   2.360  1.37468E+00  1.00406E+00  3.70626E-01
    9009.372     15.881   2.400  1.33511E+00  1.00555E+00  3.29556E-01
    9010.109     16.618   2.440  1.23805E+00  1.00680E+00  2.31244E-01
    9010.859     17.368   2.480  1.12852E+00  1.00781E+00  1.20709E-01
    9011.621     18.130   2.520  1.04243E+00  1.00860E+00  3.38291E-02
    9012.395     18.904   2.560  9.83990E-01  1.00919E+00 -2.51980E-02
    9013.182     19.691   2.600  9.41931E-01  1.00960E+00 -6.76692E-02
    9013.980     20.489   2.640  9.08944E-01  1.00984E+00 -1.00898E-01
    9014.791     21.300   2.680  8.85004E-01  1.00992E+00 -1.24918E-01
    9015.614     22.123   2.720  8.67019E-01  1.00985E+00 -1.42828E-01
    9016.449     22.958   2.760  8.53218E-01  1.00966E+00 -1.56446E-01
    9017.296     23.806   2.800  8.42459E-01  1.00934E+00 -1.66883E-01
    9018.156     24.665   2.840  8.34213E-01  1.00895E+00 -1.74733E-01
    9019.028     25.537   2.880  8.28898E-01  1.00844E+00 -1.79544E-01
    9019.912     26.421   2.920  8.27169E-01  1.00786E+00 -1.80690E-01
    9020.808     27.317   2.960  8.29057E-01  1.00722E+00 -1.78162E-01
    9021.716     28.225   3.000  8.33338E-01  1.00653E+00 -1.73193E-01
    9022.636     29.146   3.040  8.38783E-01  1.00578E+00 -1.66993E-01
    9023.569     30.078   3.080  8.44855E-01  1.00500E+00 -1.60148E-01
    9024.514     31.023   3.120  8.51416E-01  1.00419E+00 -1.52778E-01
    9025.471     31.980   3.160  8.58421E-01  1.00337E+00 -1.44953E-01
    9026.440     32.950   3.200  8.66145E-01  1.00253E+00 -1.36382E-01
    9027.422     33.931   3.240  8.75322E-01  1.00168E+00 -1.26353E-01
    9028.415     34.925   3.280  8.86460E-01  1.00085E+00 -1.14387E-01
    9029.421     35.930   3.320  8.99946E-01  1.00002E+00 -1.00075E-01
    9030.439     36.949   3.360  9.16064E-01  9.99202E-01 -8.31378E-02
    9031.470     37.979   3.400  9.34852E-01  9.98413E-01 -6.35601E-02
    9032.512     39.021   3.440  9.56007E-01  9.97634E-01 -4.16271E-02
    9033.567     40.076   3.480  9.79291E-01  9.96911E-01 -1.76197E-02
    9034.633     41.143   3.520  1.00415E+00  9.96205E-01  7.94747E-03
    9035.712     42.222   3.560  1.02932E+00  9.95535E-01  3.37899E-02
    9036.804     43.313   3.600  1.05264E+00  9.94904E-01  5.77376E-02
    9037.907     44.416   3.640  1.07128E+00  9.94336E-01  7.69421E-02
    9039.022     45.532   3.680  1.08245E+00  9.93788E-01  8.86670E-02
    9040.150     46.659   3.720  1.08492E+00  9.93280E-01  9.16434E-02
    9041.290     47.799   3.760  1.07946E+00  9.92838E-01  8.66253E-02
    9042.442     48.951   3.800  1.06830E+00  9.92442E-01  7.58538E-02
    9043.607     50.116   3.840  1.05417E+00  9.92110E-01  6.20624E-02
    9044.783     51.292   3.880  1.03938E+00  9.91801E-01  4.75764E-02
    9045.972     52.481   3.920  1.02570E+00  9.91557E-01  3.41441E-02
    9047.173     53.682   3.960  1.01460E+00  9.91357E-01  2.32466E-02
    9048.386     54.895   4.000  1.00740E+00  9.91202E-01  1.62023E-02
    9049.611     56.120   4.040  1.00508E+00  9.91113E-01  1.39670E-02
    9050.849     57.358   4.080  1.00777E+00  9.91067E-01  1.67029E-02
    9052.098     58.607   4.120  1.01477E+00  9.91063E-01  2.37056E-02
    9053.360     59.869   4.160  1.02461E+00  9.91101E-01  3.35114E-02
    9054.634     61.143   4.200  1.03549E+00  9.91180E-01  4.43077E-02
    9055.920     62.430   4.240  1.04562E+00  9.91300E-01  5.43173E-02
    9057.219     63.728   4.280  1.05350E+00  9.91481E-01  6.20154E-02
    9058.530     65.039   4.320  1.05801E+00  9.91680E-01  6.63300E-02
    9059.852     66.362   4.360  1.05866E+00  9.91914E-01  6.67496E-02
    9061.187     67.697   4.400  1.05558E+00  9.92184E-01  6.33970E-02
    9062.535     69.044   4.440  1.04951E+00  9.92468E-01  5.70381E-02
    9063.894     70.403   4.480  1.04168E+00  9.92807E-01  4.88697E-02
    9065.266     71.775   4.520  1.03353E+00  9.93158E-01  4.03753E-02
    9066.649     73.159   4.560  1.02653E+00  9.93517E-01  3.30120E-02
    9068.045     74.555   4.600  1.02156E+00  9.93908E-01  2.76489E-02
    9069.454     75.963   4.640  1.01857E+00  9.94328E-01  2.42405E-02
    9070.874     77.383   4.680  1.01668E+00  9.94754E-01  2.19226E-02
    9072.306     78.816   4.720  1.01470E+00  9.95183E-01  1.95135E-02
    9073.751     80.260   4.760  1.01175E+00  9.95612E-01  1.61331E-02
    9075.208     81.717   4.800  1.00751E+00  9.96044E-01  1.14660E-02
    9076.677     83.186   4.840  1.00205E+00  9.96497E-01  5.54976E-03
    9078.159     84.668   4.880  9.95319E-01  9.96927E-01 -1.60803E-03
    9079.652     86.161   4.920  9.87199E-01  9.97353E-01 -1.01540E-02
    9081.158     87.667   4.960  9.77609E-01  9.97776E-01 -2.01671E-02
    9082.676     89.185   5.000  9.66801E-01  9.98193E-01 -3.13923E-02
    9084.206     90.715   5.040  9.55253E-01  9.98584E-01 -4.33306E-02
    9085.748     92.257   5.080  9.43642E-01  9.98986E-01 -5.53440E-02
    9087.303     93.812   5.120  9.32660E-01  9.99337E-01 -6.66768E-02
    9088.869     95.378   5.160  9.23225E-01  9.99678E-01 -7.64528E-02
    9090.448     96.957   5.200  9.16263E-01  1.00001E+00 -8.37444E-02
    9092.039     98.548   5.240  9.12506E-01  1.00030E+00 -8.77977E-02
    9093.642    100.152   5.280  9.12377E-01  1.00056E+00 -8.81869E-02
    9095.258    101.767   5.320  9.15860E-01  1.00081E+00 -8.49522E-02
    9096.885    103.395   5.360  9.22463E-01  1.00102E+00 -7.85603E-02
    9098.525    105.034   5.400  9.31523E-01  1.00120E+00 -6.96736E-02
    9100.177    106.686   5.440  9.42419E-01  1.00133E+00 -5.89115E-02
    9101.841    108.351   5.480  9.54760E-01  1.00143E+00 -4.66672E-02
    9103.518    110.027   5.520  9.68356E-01  1.00151E+00 -3.31516E-02
    9105.206    111.716   5.560  9.82920E-01  1.00153E+00 -1.86079E-02
    9106.907    113.416   5.600  9.98070E-01  1.00153E+00 -3.46127E-03
    9108.620    115.129   5.640  1.01325E+00  1.00150E+00  1.17528E-02
    9110.345    116.855   5.680  1.02799E+00  1.00142E+00  2.65695E-02
    9112.083    118.592   5.720  1.04184E+00  1.00131E+00  4.05307E-02
    9113.832    120.341   5.760  1.05398E+00  1.00116E+00  5.28181E-02
    9115.594    122.103   5.800  1.06295E+00  1.00097E+00  6.19837E-02
    9117.368    123.877   5.840  1.06706E+00  1.00074E+00  6.63189E-02
    9119.154    125.663   5.880  1.06528E+00  1.00050E+00  6.47821E-02
    9120.952    127.462   5.920  1.05803E+00  1.00020E+00  5.78242E-02
    9122.763    129.272   5.960  1.04725E+00  9.99896E-01  4.73542E-02
    9124.586    131.095   6.000  1.03497E+00  9.99530E-01  3.54421E-02
