# # comment:                                                     FEFF 9.9.1  
# # Source:
# # Structure
# # Reduced
# # space
# # abc:
# # angles:
# # sites:
# # POT  SCF 100  7.0000   0, screened core-hole, AFOLP (folp(0)= 1.150)
# # Abs   Z=29 Rmt= 1.231 Rnm= 1.311 K  shell
# # Pot 1 Z=29 Rmt= 1.270 Rnm= 1.340
# # Pot 2 Z= 5 Rmt= 0.839 Rnm= 1.013
# # Pot 3 Z= 8 Rmt= 0.910 Rnm= 1.050
# # Gam_ch=1.729E+00 H-L exch Vi= 0.000E+00 Vr= 0.000E+00
# # Mu=-6.848E+00eV kf=2.371E+00 Vint=-1.703E+01eV Rs_int= 1.529
# FMS rfms= 9.0000
# # PATH  Rmax=-1.000,  Keep_limit= 0.00, Heap_limit 0.00  Pwcrit= 2.50%
#  S02=0.950  Temp=   0.00  Debye_temp=   0.00  Global_sig2= 0.00000
#  Energy zero shift, vr, vi    0.00000E+00   0.00000E+00
#  Curved wave amplitude ratio filter   4.000%
#     file         sig2 tot  cw amp ratio   deg  nlegs   reff  inp sig2
#     0/   0 paths used
#  xsedge+ 50, used to normalize mu           2.4797E-04
#  -----------------------------------------------------------------------
#  omega    e    k    mu    mu0     chi     @#
    8983.469    -10.658  -1.000  3.91593E-02  5.23891E-02 -1.32299E-02
    8983.768    -10.360  -0.960  4.13843E-02  5.61994E-02 -1.48151E-02
    8984.054    -10.073  -0.920  4.38018E-02  6.04361E-02 -1.66343E-02
    8984.329     -9.799  -0.880  4.64349E-02  6.51625E-02 -1.87277E-02
    8984.591     -9.537  -0.840  4.93093E-02  7.04523E-02 -2.11431E-02
    8984.841     -9.287  -0.800  5.24538E-02  7.63909E-02 -2.39371E-02
    8985.079     -9.049  -0.760  5.59005E-02  8.30764E-02 -2.71758E-02
    8985.304     -8.823  -0.720  5.96839E-02  9.06197E-02 -3.09358E-02
    8985.517     -8.610  -0.680  6.38401E-02  9.91430E-02 -3.53029E-02
    8985.719     -8.409  -0.640  6.84056E-02  1.08776E-01 -4.03701E-02
    8985.908     -8.220  -0.600  7.34135E-02  1.19645E-01 -4.62311E-02
    8986.084     -8.043  -0.560  7.88893E-02  1.31859E-01 -5.29692E-02
    8986.249     -7.879  -0.520  8.48436E-02  1.45482E-01 -6.06386E-02
    8986.401     -7.726  -0.480  9.12630E-02  1.60502E-01 -6.92389E-02
    8986.542     -7.586  -0.440  9.80997E-02  1.76786E-01 -7.86859E-02
    8986.670     -7.458  -0.400  1.05262E-01  1.94049E-01 -8.87861E-02
    8986.785     -7.342  -0.360  1.12612E-01  2.11843E-01 -9.92310E-02
    8986.889     -7.238  -0.320  1.19964E-01  2.29586E-01 -1.09622E-01
    8986.980     -7.147  -0.280  1.27108E-01  2.46633E-01 -1.19524E-01
    8987.060     -7.068  -0.240  1.33821E-01  2.62363E-01 -1.28542E-01
    8987.127     -7.001  -0.200  1.39891E-01  2.76259E-01 -1.36368E-01
    8987.182     -6.946  -0.160  1.45129E-01  2.87942E-01 -1.42813E-01
    8987.224     -6.903  -0.120  1.49378E-01  2.97173E-01 -1.47795E-01
    8987.255     -6.873  -0.080  1.52518E-01  3.03820E-01 -1.51302E-01
    8987.279     -6.848   0.000  1.55128E-01  3.09158E-01 -1.54031E-01
    8987.334     -6.793   0.120  1.61052E-01  3.21193E-01 -1.60141E-01
    8987.377     -6.751   0.160  1.65756E-01  3.30549E-01 -1.64792E-01
    8987.432     -6.696   0.200  1.71941E-01  3.42458E-01 -1.70518E-01
    8987.499     -6.629   0.240  1.79764E-01  3.56790E-01 -1.77026E-01
    8987.578     -6.550   0.280  1.89382E-01  3.73224E-01 -1.83842E-01
    8987.669     -6.458   0.320  2.00931E-01  3.91308E-01 -1.90377E-01
    8987.773     -6.355   0.360  2.14648E-01  4.10522E-01 -1.95874E-01
    8987.889     -6.239   0.400  2.30669E-01  4.30278E-01 -1.99610E-01
    8988.017     -6.111   0.440  2.49051E-01  4.50056E-01 -2.01005E-01
    8988.157     -5.970   0.480  2.69658E-01  4.69433E-01 -1.99775E-01
    8988.309     -5.818   0.520  2.92005E-01  4.88176E-01 -1.96171E-01
    8988.474     -5.653   0.560  3.15065E-01  5.06128E-01 -1.91063E-01
    8988.651     -5.477   0.600  3.37209E-01  5.23300E-01 -1.86091E-01
    8988.840     -5.288   0.640  3.55919E-01  5.39710E-01 -1.83791E-01
    8989.041     -5.087   0.680  3.68451E-01  5.55477E-01 -1.87026E-01
    8989.254     -4.873   0.720  3.73192E-01  5.70669E-01 -1.97477E-01
    8989.480     -4.648   0.760  3.71038E-01  5.85418E-01 -2.14381E-01
    8989.718     -4.410   0.800  3.64653E-01  5.99785E-01 -2.35133E-01
    8989.968     -4.160   0.840  3.56685E-01  6.13839E-01 -2.57154E-01
    8990.230     -3.898   0.880  3.49129E-01  6.27674E-01 -2.78545E-01
    8990.504     -3.624   0.920  3.43774E-01  6.41311E-01 -2.97537E-01
    8990.790     -3.337   0.960  3.42512E-01  6.54782E-01 -3.12270E-01
    8991.089     -3.038   1.000  3.46864E-01  6.68146E-01 -3.21281E-01
    8991.400     -2.727   1.040  3.57232E-01  6.81372E-01 -3.24140E-01
    8991.723     -2.404   1.080  3.73144E-01  6.94485E-01 -3.21340E-01
    8992.058     -2.069   1.120  3.93746E-01  7.07480E-01 -3.13735E-01
    8992.406     -1.722   1.160  4.17647E-01  7.20370E-01 -3.02723E-01
    8992.766     -1.362   1.200  4.43943E-01  7.33140E-01 -2.89197E-01
    8993.137     -0.990   1.240  4.75077E-01  7.45755E-01 -2.70679E-01
    8993.521     -0.606   1.280  5.16037E-01  7.58214E-01 -2.42177E-01
    8993.918     -0.210   1.320  5.68194E-01  7.70496E-01 -2.02302E-01
    8994.326      0.199   1.360  6.25534E-01  7.82600E-01 -1.57065E-01
    8994.747      0.619   1.400  6.78321E-01  7.94479E-01 -1.16158E-01
    8995.180      1.052   1.440  7.21427E-01  8.06126E-01 -8.46992E-02
    8995.625      1.497   1.480  7.59097E-01  8.17518E-01 -5.84207E-02
    8996.082      1.954   1.520  8.01089E-01  8.28649E-01 -2.75595E-02
    8996.551      2.424   1.560  8.53303E-01  8.39490E-01  1.38127E-02
    8997.033      2.905   1.600  9.14801E-01  8.50016E-01  6.47853E-02
    8997.527      3.399   1.640  9.83517E-01  8.60221E-01  1.23296E-01
    8998.032      3.905   1.680  1.05744E+00  8.70080E-01  1.87363E-01
    8998.551      4.423   1.720  1.12585E+00  8.79610E-01  2.46243E-01
    8999.081      4.954   1.760  1.17122E+00  8.88763E-01  2.82453E-01
    8999.624      5.496   1.800  1.18765E+00  8.97536E-01  2.90111E-01
    9000.178      6.051   1.840  1.18890E+00  9.05949E-01  2.82948E-01
    9000.745      6.618   1.880  1.19117E+00  9.13958E-01  2.77212E-01
    9001.324      7.197   1.920  1.19242E+00  9.21603E-01  2.70816E-01
    9001.916      7.788   1.960  1.18528E+00  9.28843E-01  2.56433E-01
    9002.519      8.392   2.000  1.17729E+00  9.35676E-01  2.41613E-01
    9003.135      9.007   2.040  1.17088E+00  9.42126E-01  2.28755E-01
    9003.763      9.635   2.080  1.15803E+00  9.48195E-01  2.09840E-01
    9004.403     10.275   2.120  1.14238E+00  9.53884E-01  1.88492E-01
    9005.055     10.928   2.160  1.13323E+00  9.59178E-01  1.74056E-01
    9005.720     11.592   2.200  1.13438E+00  9.64098E-01  1.70285E-01
    9006.396     12.269   2.240  1.14530E+00  9.68672E-01  1.76629E-01
    9007.085     12.958   2.280  1.15982E+00  9.72884E-01  1.86934E-01
    9007.786     13.659   2.320  1.16884E+00  9.76758E-01  1.92082E-01
    9008.499     14.372   2.360  1.17124E+00  9.80280E-01  1.90955E-01
    9009.225     15.097   2.400  1.17009E+00  9.83498E-01  1.86592E-01
    9009.962     15.835   2.440  1.15839E+00  9.86397E-01  1.71995E-01
    9010.712     16.585   2.480  1.12737E+00  9.89025E-01  1.38349E-01
    9011.474     17.347   2.520  1.08576E+00  9.91346E-01  9.44103E-02
    9012.248     18.121   2.560  1.04796E+00  9.93389E-01  5.45716E-02
    9013.035     18.907   2.600  1.01693E+00  9.95201E-01  2.17309E-02
    9013.833     19.706   2.640  9.91061E-01  9.96747E-01 -5.68568E-03
    9014.644     20.517   2.680  9.70990E-01  9.98078E-01 -2.70885E-02
    9015.467     21.340   2.720  9.56358E-01  9.99200E-01 -4.28412E-02
    9016.302     22.175   2.760  9.48312E-01  1.00012E+00 -5.18063E-02
    9017.149     23.022   2.800  9.48783E-01  1.00086E+00 -5.20787E-02
    9018.009     23.882   2.840  9.51833E-01  1.00142E+00 -4.95830E-02
    9018.881     24.753   2.880  9.54122E-01  1.00181E+00 -4.76846E-02
    9019.765     25.637   2.920  9.54019E-01  1.00206E+00 -4.80422E-02
    9020.661     26.533   2.960  9.51284E-01  1.00217E+00 -5.08841E-02
    9021.569     27.442   3.000  9.46725E-01  1.00217E+00 -5.54462E-02
    9022.490     28.362   3.040  9.41482E-01  1.00206E+00 -6.05760E-02
    9023.422     29.295   3.080  9.36439E-01  1.00185E+00 -6.54142E-02
    9024.367     30.240   3.120  9.32099E-01  1.00154E+00 -6.94424E-02
    9025.324     31.197   3.160  9.28616E-01  1.00115E+00 -7.25323E-02
    9026.293     32.166   3.200  9.25722E-01  1.00070E+00 -7.49790E-02
    9027.275     33.147   3.240  9.22987E-01  1.00020E+00 -7.72170E-02
    9028.269     34.141   3.280  9.20202E-01  9.99641E-01 -7.94393E-02
    9029.274     35.147   3.320  9.17181E-01  9.99056E-01 -8.18749E-02
    9030.292     36.165   3.360  9.14051E-01  9.98414E-01 -8.43631E-02
    9031.323     37.195   3.400  9.11353E-01  9.97778E-01 -8.64257E-02
    9032.365     38.238   3.440  9.09538E-01  9.97091E-01 -8.75535E-02
    9033.420     39.292   3.480  9.09070E-01  9.96418E-01 -8.73482E-02
    9034.486     40.359   3.520  9.10152E-01  9.95721E-01 -8.55689E-02
    9035.565     41.438   3.560  9.12884E-01  9.95043E-01 -8.21590E-02
    9036.657     42.529   3.600  9.16859E-01  9.94345E-01 -7.74854E-02
    9037.760     43.632   3.640  9.21882E-01  9.93672E-01 -7.17898E-02
    9038.876     44.748   3.680  9.27809E-01  9.93007E-01 -6.51979E-02
    9040.003     45.876   3.720  9.34661E-01  9.92371E-01 -5.77101E-02
    9041.143     47.016   3.760  9.42509E-01  9.91767E-01 -4.92576E-02
    9042.295     48.168   3.800  9.51410E-01  9.91175E-01 -3.97649E-02
    9043.460     49.332   3.840  9.61353E-01  9.90616E-01 -2.92632E-02
    9044.636     50.509   3.880  9.72165E-01  9.90092E-01 -1.79262E-02
    9045.825     51.697   3.920  9.83589E-01  9.89583E-01 -5.99379E-03
    9047.026     52.898   3.960  9.95300E-01  9.89132E-01  6.16813E-03
    9048.239     54.111   4.000  1.00679E+00  9.88698E-01  1.80894E-02
    9049.464     55.337   4.040  1.01768E+00  9.88322E-01  2.93622E-02
    9050.702     56.574   4.080  1.02761E+00  9.87966E-01  3.96484E-02
    9051.951     57.824   4.120  1.03628E+00  9.87647E-01  4.86305E-02
    9053.213     59.086   4.160  1.04350E+00  9.87389E-01  5.61079E-02
    9054.487     60.360   4.200  1.04915E+00  9.87150E-01  6.19947E-02
    9055.774     61.646   4.240  1.05323E+00  9.86973E-01  6.62584E-02
    9057.072     62.945   4.280  1.05564E+00  9.86814E-01  6.88228E-02
    9058.383     64.255   4.320  1.05639E+00  9.86714E-01  6.96782E-02
    9059.705     65.578   4.360  1.05548E+00  9.86632E-01  6.88508E-02
    9061.040     66.913   4.400  1.05309E+00  9.86609E-01  6.64837E-02
    9062.388     68.260   4.440  1.04950E+00  9.86603E-01  6.28972E-02
    9063.747     69.620   4.480  1.04510E+00  9.86632E-01  5.84724E-02
    9065.119     70.991   4.520  1.04023E+00  9.86699E-01  5.35345E-02
    9066.502     72.375   4.560  1.03510E+00  9.86803E-01  4.83019E-02
    9067.898     73.771   4.600  1.02984E+00  9.86941E-01  4.28993E-02
    9069.307     75.179   4.640  1.02450E+00  9.87091E-01  3.74046E-02
    9070.727     76.600   4.680  1.01925E+00  9.87273E-01  3.19751E-02
    9072.160     78.032   4.720  1.01432E+00  9.87488E-01  2.68313E-02
    9073.604     79.477   4.760  1.00984E+00  9.87711E-01  2.21321E-02
    9075.061     80.934   4.800  1.00582E+00  9.87941E-01  1.78770E-02
    9076.530     82.403   4.840  1.00210E+00  9.88201E-01  1.38948E-02
    9078.012     83.884   4.880  9.98474E-01  9.88489E-01  9.98438E-03
    9079.505     85.378   4.920  9.94864E-01  9.88760E-01  6.10376E-03
    9081.011     86.883   4.960  9.91422E-01  9.89056E-01  2.36637E-03
    9082.529     88.401   5.000  9.88309E-01  9.89357E-01 -1.04794E-03
    9084.059     89.931   5.040  9.85653E-01  9.89680E-01 -4.02709E-03
    9085.601     91.474   5.080  9.83370E-01  9.89981E-01 -6.61114E-03
    9087.156     93.028   5.120  9.81321E-01  9.90280E-01 -8.95836E-03
    9088.722     94.595   5.160  9.79331E-01  9.90576E-01 -1.12448E-02
    9090.301     96.174   5.200  9.77328E-01  9.90869E-01 -1.35419E-02
    9091.892     97.765   5.240  9.75331E-01  9.91159E-01 -1.58282E-02
    9093.495     99.368   5.280  9.73367E-01  9.91422E-01 -1.80550E-02
    9095.111    100.983   5.320  9.71529E-01  9.91702E-01 -2.01732E-02
    9096.739    102.611   5.360  9.69803E-01  9.91953E-01 -2.21502E-02
    9098.378    104.251   5.400  9.68209E-01  9.92172E-01 -2.39632E-02
    9100.030    105.903   5.440  9.66788E-01  9.92382E-01 -2.55942E-02
    9101.695    107.567   5.480  9.65585E-01  9.92584E-01 -2.69989E-02
    9103.371    109.243   5.520  9.64619E-01  9.92753E-01 -2.81343E-02
    9105.060    110.932   5.560  9.63885E-01  9.92889E-01 -2.90039E-02
    9106.760    112.633   5.600  9.63306E-01  9.93012E-01 -2.97054E-02
    9108.473    114.346   5.640  9.62680E-01  9.93100E-01 -3.04201E-02
    9110.198    116.071   5.680  9.61848E-01  9.93154E-01 -3.13065E-02
    9111.936    117.808   5.720  9.60779E-01  9.93196E-01 -3.24178E-02
    9113.685    119.558   5.760  9.59458E-01  9.93202E-01 -3.37447E-02
    9115.447    121.320   5.800  9.57897E-01  9.93171E-01 -3.52735E-02
    9117.221    123.094   5.840  9.56212E-01  9.93105E-01 -3.68931E-02
    9119.007    124.880   5.880  9.54792E-01  9.93026E-01 -3.82343E-02
    9120.805    126.678   5.920  9.54227E-01  9.92887E-01 -3.86601E-02
    9122.616    128.488   5.960  9.55335E-01  9.92737E-01 -3.74019E-02
    9124.439    130.311   6.000  9.58960E-01  9.92560E-01 -3.36002E-02
