# # comment:                                                     FEFF 9.9.1  
# # Source:
# # Structure
# # Reduced
# # space
# # abc:
# # angles:106.377832
# # sites:
# # POT  SCF 100  7.0000   0, screened core-hole, AFOLP (folp(0)= 1.150)
# # Abs   Z=29 Rmt= 1.213 Rnm= 1.295 K  shell
# # Pot 1 Z=56 Rmt= 1.926 Rnm= 1.988
# # Pot 2 Z=68 Rmt= 1.614 Rnm= 1.685
# # Pot 3 Z=29 Rmt= 1.213 Rnm= 1.295
# # Pot 4 Z= 8 Rmt= 1.049 Rnm= 1.104
# # Gam_ch=1.729E+00 H-L exch Vi= 0.000E+00 Vr= 0.000E+00
# # Mu=-8.024E+00eV kf=2.015E+00 Vint=-1.714E+01eV Rs_int= 1.800
# FMS rfms= 9.0000
# # PATH  Rmax=-1.000,  Keep_limit= 0.00, Heap_limit 0.00  Pwcrit= 2.50%
#  S02=0.950  Temp=   0.00  Debye_temp=   0.00  Global_sig2= 0.00000
#  Energy zero shift, vr, vi    0.00000E+00   0.00000E+00
#  Curved wave amplitude ratio filter   4.000%
#     file         sig2 tot  cw amp ratio   deg  nlegs   reff  inp sig2
#     0/   0 paths used
#  xsedge+ 50, used to normalize mu           2.4378E-04
#  -----------------------------------------------------------------------
#  omega    e    k    mu    mu0     chi     @#
    8984.819    -11.834  -1.000  4.26190E-02  5.91394E-02 -1.65203E-02
    8985.118    -11.536  -0.960  4.50324E-02  6.35699E-02 -1.85376E-02
    8985.404    -11.249  -0.920  4.76498E-02  6.85032E-02 -2.08534E-02
    8985.678    -10.975  -0.880  5.04955E-02  7.40140E-02 -2.35184E-02
    8985.941    -10.713  -0.840  5.35969E-02  8.01892E-02 -2.65923E-02
    8986.190    -10.463  -0.800  5.69848E-02  8.71299E-02 -3.01451E-02
    8986.428    -10.225  -0.760  6.06938E-02  9.49519E-02 -3.42582E-02
    8986.654    -10.000  -0.720  6.47615E-02  1.03786E-01 -3.90249E-02
    8986.867     -9.786  -0.680  6.92282E-02  1.13778E-01 -4.45495E-02
    8987.068     -9.585  -0.640  7.41348E-02  1.25078E-01 -5.09437E-02
    8987.257     -9.396  -0.600  7.95191E-02  1.37839E-01 -5.83195E-02
    8987.434     -9.219  -0.560  8.54109E-02  1.52187E-01 -6.67756E-02
    8987.599     -9.055  -0.520  9.18232E-02  1.68199E-01 -7.63759E-02
    8987.751     -8.902  -0.480  9.87412E-02  1.85861E-01 -8.71195E-02
    8987.891     -8.762  -0.440  1.06110E-01  2.05016E-01 -9.89062E-02
    8988.019     -8.634  -0.400  1.13821E-01  2.25329E-01 -1.11508E-01
    8988.135     -8.518  -0.360  1.21714E-01  2.46273E-01 -1.24559E-01
    8988.239     -8.415  -0.320  1.29578E-01  2.67162E-01 -1.37584E-01
    8988.330     -8.323  -0.280  1.37173E-01  2.87235E-01 -1.50062E-01
    8988.409     -8.244  -0.240  1.44258E-01  3.05762E-01 -1.61503E-01
    8988.476     -8.177  -0.200  1.50613E-01  3.22130E-01 -1.71517E-01
    8988.531     -8.122  -0.160  1.56051E-01  3.35894E-01 -1.79843E-01
    8988.574     -8.079  -0.120  1.60428E-01  3.46771E-01 -1.86343E-01
    8988.604     -8.049  -0.080  1.63635E-01  3.54604E-01 -1.90969E-01
    8988.629     -8.024   0.000  1.66269E-01  3.60896E-01 -1.94627E-01
    8988.684     -7.970   0.120  1.72323E-01  3.75077E-01 -2.02754E-01
    8988.726     -7.927   0.160  1.77079E-01  3.86090E-01 -2.09011E-01
    8988.781     -7.872   0.200  1.83291E-01  4.00136E-01 -2.16844E-01
    8988.848     -7.805   0.240  1.91063E-01  4.17034E-01 -2.25971E-01
    8988.928     -7.726   0.280  2.00425E-01  4.36397E-01 -2.35972E-01
    8989.019     -7.634   0.320  2.11468E-01  4.57736E-01 -2.46269E-01
    8989.123     -7.531   0.360  2.24193E-01  4.80403E-01 -2.56211E-01
    8989.238     -7.415   0.400  2.38559E-01  5.03708E-01 -2.65148E-01
    8989.366     -7.287   0.440  2.54387E-01  5.27038E-01 -2.72651E-01
    8989.507     -7.147   0.480  2.71231E-01  5.49922E-01 -2.78692E-01
    8989.659     -6.994   0.520  2.88318E-01  5.72017E-01 -2.83699E-01
    8989.824     -6.830   0.560  3.04854E-01  5.93180E-01 -2.88326E-01
    8990.000     -6.653   0.600  3.20335E-01  6.13355E-01 -2.93020E-01
    8990.189     -6.464   0.640  3.35124E-01  6.32626E-01 -2.97502E-01
    8990.391     -6.263   0.680  3.50184E-01  6.51080E-01 -3.00896E-01
    8990.604     -6.049   0.720  3.66476E-01  6.68778E-01 -3.02302E-01
    8990.830     -5.824   0.760  3.84605E-01  6.85841E-01 -3.01236E-01
    8991.067     -5.586   0.800  4.04831E-01  7.02362E-01 -2.97531E-01
    8991.317     -5.336   0.840  4.26765E-01  7.18414E-01 -2.91649E-01
    8991.579     -5.074   0.880  4.47863E-01  7.34060E-01 -2.86197E-01
    8991.854     -4.800   0.920  4.63026E-01  7.49322E-01 -2.86296E-01
    8992.140     -4.513   0.960  4.68209E-01  7.64230E-01 -2.96020E-01
    8992.439     -4.215   1.000  4.65001E-01  7.78827E-01 -3.13826E-01
    8992.750     -3.904   1.040  4.59783E-01  7.93080E-01 -3.33297E-01
    8993.073     -3.581   1.080  4.59056E-01  8.06989E-01 -3.47933E-01
    8993.408     -3.245   1.120  4.65818E-01  8.20571E-01 -3.54753E-01
    8993.756     -2.898   1.160  4.79260E-01  8.33813E-01 -3.54554E-01
    8994.115     -2.538   1.200  4.96147E-01  8.46660E-01 -3.50514E-01
    8994.487     -2.166   1.240  5.13816E-01  8.59135E-01 -3.45318E-01
    8994.871     -1.782   1.280  5.32699E-01  8.71197E-01 -3.38498E-01
    8995.267     -1.386   1.320  5.56236E-01  8.82826E-01 -3.26590E-01
    8995.676     -0.978   1.360  5.90006E-01  8.94016E-01 -3.04010E-01
    8996.096     -0.557   1.400  6.39809E-01  9.04726E-01 -2.64917E-01
    8996.529     -0.124   1.440  7.10273E-01  9.14974E-01 -2.04701E-01
    8996.974      0.321   1.480  8.02809E-01  9.24716E-01 -1.21907E-01
    8997.431      0.778   1.520  9.18428E-01  9.33952E-01 -1.55236E-02
    8997.901      1.247   1.560  1.06441E+00  9.42680E-01  1.21726E-01
    8998.382      1.729   1.600  1.23012E+00  9.50902E-01  2.79219E-01
    8998.876      2.223   1.640  1.34872E+00  9.58597E-01  3.90122E-01
    8999.382      2.729   1.680  1.38673E+00  9.65769E-01  4.20966E-01
    8999.900      3.247   1.720  1.42575E+00  9.72440E-01  4.53312E-01
    9000.431      3.777   1.760  1.51667E+00  9.78596E-01  5.38073E-01
    9000.973      4.320   1.800  1.60668E+00  9.84241E-01  6.22439E-01
    9001.528      4.875   1.840  1.61487E+00  9.89383E-01  6.25486E-01
    9002.095      5.442   1.880  1.53892E+00  9.94069E-01  5.44854E-01
    9002.674      6.021   1.920  1.43322E+00  9.98288E-01  4.34928E-01
    9003.265      6.612   1.960  1.33441E+00  1.00205E+00  3.32359E-01
    9003.869      7.215   2.000  1.24881E+00  1.00538E+00  2.43433E-01
    9004.485      7.831   2.040  1.17957E+00  1.00829E+00  1.71278E-01
    9005.112      8.459   2.080  1.13959E+00  1.01081E+00  1.28779E-01
    9005.752      9.099   2.120  1.13275E+00  1.01296E+00  1.19790E-01
    9006.405      9.751   2.160  1.13901E+00  1.01476E+00  1.24246E-01
    9007.069     10.416   2.200  1.12714E+00  1.01625E+00  1.10886E-01
    9007.746     11.092   2.240  1.08146E+00  1.01740E+00  6.40638E-02
    9008.435     11.781   2.280  1.01913E+00  1.01829E+00  8.34201E-04
    9009.136     12.482   2.320  9.70006E-01  1.01889E+00 -4.88802E-02
    9009.849     13.196   2.360  9.52647E-01  1.01925E+00 -6.66051E-02
    9010.574     13.921   2.400  9.69095E-01  1.01940E+00 -5.03055E-02
    9011.312     14.659   2.440  1.01474E+00  1.01934E+00 -4.60317E-03
    9012.062     15.408   2.480  1.06284E+00  1.01911E+00  4.37286E-02
    9012.824     16.170   2.520  1.09798E+00  1.01870E+00  7.92719E-02
    9013.598     16.945   2.560  1.11539E+00  1.01814E+00  9.72475E-02
    9014.384     17.731   2.600  1.11517E+00  1.01745E+00  9.77158E-02
    9015.183     18.530   2.640  1.10164E+00  1.01666E+00  8.49813E-02
    9015.994     19.340   2.680  1.08084E+00  1.01576E+00  6.50778E-02
    9016.817     20.163   2.720  1.05820E+00  1.01480E+00  4.33988E-02
    9017.652     20.998   2.760  1.03684E+00  1.01376E+00  2.30802E-02
    9018.499     21.846   2.800  1.01761E+00  1.01268E+00  4.93028E-03
    9019.359     22.705   2.840  1.00022E+00  1.01155E+00 -1.13299E-02
    9020.230     23.577   2.880  9.83957E-01  1.01041E+00 -2.64499E-02
    9021.114     24.461   2.920  9.67879E-01  1.00924E+00 -4.13572E-02
    9022.010     25.357   2.960  9.51282E-01  1.00806E+00 -5.67786E-02
    9022.919     26.265   3.000  9.33846E-01  1.00691E+00 -7.30614E-02
    9023.839     27.186   3.040  9.15847E-01  1.00576E+00 -8.99122E-02
    9024.772     28.119   3.080  8.98344E-01  1.00462E+00 -1.06277E-01
    9025.717     29.063   3.120  8.83135E-01  1.00352E+00 -1.20382E-01
    9026.674     30.020   3.160  8.71361E-01  1.00247E+00 -1.31110E-01
    9027.643     30.990   3.200  8.63191E-01  1.00145E+00 -1.38255E-01
    9028.625     31.971   3.240  8.58254E-01  1.00048E+00 -1.42231E-01
    9029.618     32.965   3.280  8.55776E-01  9.99548E-01 -1.43772E-01
    9030.624     33.971   3.320  8.55245E-01  9.98702E-01 -1.43456E-01
    9031.642     34.989   3.360  8.56565E-01  9.97905E-01 -1.41340E-01
    9032.672     36.019   3.400  8.60330E-01  9.97159E-01 -1.36829E-01
    9033.715     37.061   3.440  8.67001E-01  9.96488E-01 -1.29486E-01
    9034.769     38.116   3.480  8.77092E-01  9.95892E-01 -1.18800E-01
    9035.836     39.183   3.520  8.90903E-01  9.95372E-01 -1.04469E-01
    9036.915     40.262   3.560  9.08356E-01  9.94930E-01 -8.65735E-02
    9038.006     41.353   3.600  9.28949E-01  9.94542E-01 -6.55937E-02
    9039.110     42.456   3.640  9.51722E-01  9.94230E-01 -4.25086E-02
    9040.225     43.572   3.680  9.75163E-01  9.93997E-01 -1.88342E-02
    9041.353     44.700   3.720  9.97377E-01  9.93842E-01  3.53557E-03
    9042.493     45.840   3.760  1.01663E+00  9.93762E-01  2.28714E-02
    9043.645     46.992   3.800  1.03161E+00  9.93737E-01  3.78772E-02
    9044.809     48.156   3.840  1.04159E+00  9.93787E-01  4.77991E-02
    9045.986     49.333   3.880  1.04670E+00  9.93913E-01  5.27909E-02
    9047.175     50.521   3.920  1.04792E+00  9.94113E-01  5.38079E-02
    9048.376     51.722   3.960  1.04651E+00  9.94364E-01  5.21474E-02
    9049.589     52.935   4.000  1.04385E+00  9.94664E-01  4.91901E-02
    9050.814     54.161   4.040  1.04120E+00  9.95056E-01  4.61429E-02
    9052.051     55.398   4.080  1.03935E+00  9.95476E-01  4.38773E-02
    9053.301     56.648   4.120  1.03874E+00  9.95961E-01  4.27754E-02
    9054.563     57.910   4.160  1.03932E+00  9.96490E-01  4.28266E-02
    9055.837     59.184   4.200  1.04054E+00  9.97060E-01  4.34822E-02
    9057.123     60.470   4.240  1.04149E+00  9.97671E-01  4.38201E-02
    9058.422     61.768   4.280  1.04143E+00  9.98320E-01  4.31055E-02
    9059.732     63.079   4.320  1.04041E+00  9.99004E-01  4.14026E-02
    9061.055     64.402   4.360  1.03922E+00  9.99701E-01  3.95209E-02
    9062.390     65.737   4.400  1.03879E+00  1.00043E+00  3.83567E-02
    9063.737     67.084   4.440  1.03974E+00  1.00119E+00  3.85435E-02
    9065.097     68.443   4.480  1.04232E+00  1.00197E+00  4.03522E-02
    9066.468     69.815   4.520  1.04678E+00  1.00276E+00  4.40151E-02
    9067.852     71.199   4.560  1.05332E+00  1.00354E+00  4.97777E-02
    9069.248     72.595   4.600  1.06178E+00  1.00434E+00  5.74440E-02
    9070.656     74.003   4.640  1.07103E+00  1.00514E+00  6.58926E-02
    9072.077     75.423   4.680  1.07898E+00  1.00591E+00  7.30679E-02
    9073.509     76.856   4.720  1.08332E+00  1.00670E+00  7.66186E-02
    9074.954     78.301   4.760  1.08231E+00  1.00747E+00  7.48405E-02
    9076.411     79.758   4.800  1.07553E+00  1.00819E+00  6.73347E-02
    9077.880     81.227   4.840  1.06395E+00  1.00891E+00  5.50398E-02
    9079.361     82.708   4.880  1.04945E+00  1.00962E+00  3.98222E-02
    9080.855     84.201   4.920  1.03417E+00  1.01030E+00  2.38776E-02
    9082.361     85.707   4.960  1.01999E+00  1.01093E+00  9.05415E-03
    9083.878     87.225   5.000  1.00792E+00  1.01152E+00 -3.59937E-03
    9085.409     88.755   5.040  9.98206E-01  1.01208E+00 -1.38705E-02
    9086.951     90.297   5.080  9.90535E-01  1.01259E+00 -2.20522E-02
    9088.505     91.852   5.120  9.84431E-01  1.01306E+00 -2.86251E-02
    9090.072     93.419   5.160  9.79328E-01  1.01348E+00 -3.41535E-02
    9091.651     94.997   5.200  9.74721E-01  1.01386E+00 -3.91427E-02
    9093.242     96.589   5.240  9.70240E-01  1.01420E+00 -4.39608E-02
    9094.845     98.192   5.280  9.65701E-01  1.01447E+00 -4.87677E-02
    9096.461     99.807   5.320  9.61134E-01  1.01471E+00 -5.35784E-02
    9098.088    101.435   5.360  9.56624E-01  1.01486E+00 -5.82397E-02
    9099.728    103.075   5.400  9.52618E-01  1.01499E+00 -6.23712E-02
    9101.380    104.727   5.440  9.49663E-01  1.01505E+00 -6.53840E-02
    9103.044    106.391   5.480  9.48409E-01  1.01506E+00 -6.66484E-02
    9104.721    108.067   5.520  9.49295E-01  1.01502E+00 -6.57258E-02
    9106.409    109.756   5.560  9.52437E-01  1.01491E+00 -6.24756E-02
    9108.110    111.457   5.600  9.57720E-01  1.01476E+00 -5.70393E-02
    9109.823    113.170   5.640  9.64636E-01  1.01456E+00 -4.99234E-02
    9111.548    114.895   5.680  9.72339E-01  1.01429E+00 -4.19509E-02
    9113.285    116.632   5.720  9.79696E-01  1.01398E+00 -3.42800E-02
    9115.035    118.382   5.760  9.85723E-01  1.01362E+00 -2.78975E-02
    9116.797    120.143   5.800  9.89797E-01  1.01322E+00 -2.34272E-02
    9118.571    121.917   5.840  9.91663E-01  1.01279E+00 -2.11256E-02
    9120.357    123.703   5.880  9.91605E-01  1.01232E+00 -2.07114E-02
    9122.155    125.502   5.920  9.90736E-01  1.01181E+00 -2.10712E-02
    9123.966    127.312   5.960  9.90936E-01  1.01124E+00 -2.03011E-02
    9125.788    129.135   6.000  9.94113E-01  1.01063E+00 -1.65143E-02
