# # comment:                                                     FEFF 9.9.1  
# # Source:
# # Structure
# # Reduced
# # space
# # abc:
# # angles:
# # sites:
# # POT  SCF 100  7.0000   0, screened core-hole, AFOLP (folp(0)= 1.150)
# # Abs   Z=29 Rmt= 1.155 Rnm= 1.345 K  shell
# # Pot 1 Z=39 Rmt= 1.573 Rnm= 1.678
# # Pot 2 Z=29 Rmt= 1.059 Rnm= 1.283
# # Pot 3 Z= 8 Rmt= 1.037 Rnm= 1.116
# # Gam_ch=1.729E+00 H-L exch Vi= 0.000E+00 Vr= 0.000E+00
# # Mu=-7.540E+00eV kf=2.116E+00 Vint=-1.634E+01eV Rs_int= 1.714
# FMS rfms= 9.0000
# # PATH  Rmax=-1.000,  Keep_limit= 0.00, Heap_limit 0.00  Pwcrit= 2.50%
#  S02=0.950  Temp=   0.00  Debye_temp=   0.00  Global_sig2= 0.00000
#  Energy zero shift, vr, vi    0.00000E+00   0.00000E+00
#  Curved wave amplitude ratio filter   4.000%
#     file         sig2 tot  cw amp ratio   deg  nlegs   reff  inp sig2
#     0/   0 paths used
#  xsedge+ 50, used to normalize mu           2.4772E-04
#  -----------------------------------------------------------------------
#  omega    e    k    mu    mu0     chi     @#
    8983.695    -11.350  -1.000  4.34781E-02  5.31950E-02 -9.71693E-03
    8983.994    -11.051  -0.960  4.62866E-02  5.70289E-02 -1.07423E-02
    8984.280    -10.765  -0.920  4.93959E-02  6.12864E-02 -1.18905E-02
    8984.555    -10.490  -0.880  5.28527E-02  6.60296E-02 -1.31769E-02
    8984.817    -10.228  -0.840  5.67126E-02  7.13308E-02 -1.46182E-02
    8985.067     -9.978  -0.800  6.10406E-02  7.72736E-02 -1.62330E-02
    8985.304     -9.741  -0.760  6.59130E-02  8.39542E-02 -1.80412E-02
    8985.530     -9.515  -0.720  7.14175E-02  9.14810E-02 -2.00635E-02
    8985.743     -9.302  -0.680  7.76520E-02  9.99735E-02 -2.23214E-02
    8985.944     -9.100  -0.640  8.47221E-02  1.09558E-01 -2.48355E-02
    8986.133     -8.911  -0.600  9.27329E-02  1.20357E-01 -2.76241E-02
    8986.310     -8.735  -0.560  1.01776E-01  1.32477E-01 -3.07013E-02
    8986.475     -8.570  -0.520  1.11906E-01  1.45980E-01 -3.40740E-02
    8986.627     -8.418  -0.480  1.23115E-01  1.60853E-01 -3.77378E-02
    8986.767     -8.278  -0.440  1.35290E-01  1.76963E-01 -4.16733E-02
    8986.895     -8.150  -0.400  1.48191E-01  1.94032E-01 -4.58410E-02
    8987.011     -8.034  -0.360  1.61444E-01  2.11621E-01 -5.01770E-02
    8987.115     -7.930  -0.320  1.74567E-01  2.29157E-01 -5.45905E-02
    8987.206     -7.839  -0.280  1.87044E-01  2.46008E-01 -5.89647E-02
    8987.286     -7.759  -0.240  1.98401E-01  2.61563E-01 -6.31623E-02
    8987.353     -7.692  -0.200  2.08275E-01  2.75312E-01 -6.70361E-02
    8987.408     -7.637  -0.160  2.16435E-01  2.86878E-01 -7.04434E-02
    8987.450     -7.595  -0.120  2.22760E-01  2.96023E-01 -7.32629E-02
    8987.481     -7.564  -0.080  2.27209E-01  3.02612E-01 -7.54025E-02
    8987.505     -7.540   0.000  2.30607E-01  3.07907E-01 -7.72999E-02
    8987.560     -7.485   0.120  2.38717E-01  3.19849E-01 -8.11314E-02
    8987.603     -7.442   0.160  2.44998E-01  3.29135E-01 -8.41365E-02
    8987.657     -7.388   0.200  2.52867E-01  3.40976E-01 -8.81092E-02
    8987.724     -7.320   0.240  2.62093E-01  3.55254E-01 -9.31607E-02
    8987.804     -7.241   0.280  2.72210E-01  3.71628E-01 -9.94180E-02
    8987.895     -7.150   0.320  2.82725E-01  3.89750E-01 -1.07025E-01
    8987.999     -7.046   0.360  2.92926E-01  4.09047E-01 -1.16121E-01
    8988.115     -6.930   0.400  3.02159E-01  4.28995E-01 -1.26836E-01
    8988.243     -6.802   0.440  3.09818E-01  4.49079E-01 -1.39261E-01
    8988.383     -6.662   0.480  3.15532E-01  4.68914E-01 -1.53382E-01
    8988.535     -6.510   0.520  3.19294E-01  4.88256E-01 -1.68962E-01
    8988.700     -6.345   0.560  3.21539E-01  5.06972E-01 -1.85433E-01
    8988.877     -6.168   0.600  3.23098E-01  5.25032E-01 -2.01934E-01
    8989.066     -5.979   0.640  3.24911E-01  5.42491E-01 -2.17580E-01
    8989.267     -5.778   0.680  3.27721E-01  5.59418E-01 -2.31697E-01
    8989.480     -5.565   0.720  3.32104E-01  5.75897E-01 -2.43793E-01
    8989.706     -5.339   0.760  3.38882E-01  5.92049E-01 -2.53167E-01
    8989.943     -5.102   0.800  3.49340E-01  6.07885E-01 -2.58545E-01
    8990.193     -4.852   0.840  3.65137E-01  6.23527E-01 -2.58390E-01
    8990.455     -4.589   0.880  3.86606E-01  6.38978E-01 -2.52373E-01
    8990.730     -4.315   0.920  4.11582E-01  6.54315E-01 -2.42733E-01
    8991.016     -4.029   0.960  4.36327E-01  6.69517E-01 -2.33190E-01
    8991.315     -3.730   1.000  4.58942E-01  6.84615E-01 -2.25673E-01
    8991.626     -3.419   1.040  4.80818E-01  6.99613E-01 -2.18795E-01
    8991.949     -3.096   1.080  5.05199E-01  7.14505E-01 -2.09306E-01
    8992.284     -2.761   1.120  5.35637E-01  7.29260E-01 -1.93623E-01
    8992.632     -2.413   1.160  5.75208E-01  7.43862E-01 -1.68653E-01
    8992.991     -2.054   1.200  6.25079E-01  7.58309E-01 -1.33230E-01
    8993.363     -1.682   1.240  6.80891E-01  7.72560E-01 -9.16693E-02
    8993.747     -1.298   1.280  7.29817E-01  7.86589E-01 -5.67719E-02
    8994.144     -0.901   1.320  7.56521E-01  8.00368E-01 -4.38467E-02
    8994.552     -0.493   1.360  7.54592E-01  8.13867E-01 -5.92747E-02
    8994.973     -0.072   1.400  7.31528E-01  8.27077E-01 -9.55490E-02
    8995.405      0.360   1.440  7.06350E-01  8.39930E-01 -1.33580E-01
    8995.850      0.805   1.480  6.98506E-01  8.52433E-01 -1.53927E-01
    8996.308      1.263   1.520  7.17972E-01  8.64558E-01 -1.46586E-01
    8996.777      1.732   1.560  7.63216E-01  8.76255E-01 -1.13040E-01
    8997.259      2.214   1.600  8.22892E-01  8.87517E-01 -6.46244E-02
    8997.752      2.707   1.640  8.80077E-01  8.98355E-01 -1.82780E-02
    8998.258      3.213   1.680  9.20438E-01  9.08704E-01  1.17340E-02
    8998.776      3.732   1.720  9.40449E-01  9.18578E-01  2.18716E-02
    8999.307      4.262   1.760  9.45412E-01  9.27952E-01  1.74597E-02
    8999.849      4.804   1.800  9.43445E-01  9.36846E-01  6.59863E-03
    9000.404      5.359   1.840  9.41081E-01  9.45237E-01 -4.15585E-03
    9000.971      5.926   1.880  9.42936E-01  9.53105E-01 -1.01687E-02
    9001.550      6.505   1.920  9.55830E-01  9.60490E-01 -4.66044E-03
    9002.141      7.097   1.960  9.86144E-01  9.67356E-01  1.87883E-02
    9002.745      7.700   2.000  1.03234E+00  9.73745E-01  5.85997E-02
    9003.361      8.316   2.040  1.08068E+00  9.79620E-01  1.01062E-01
    9003.989      8.944   2.080  1.11494E+00  9.85028E-01  1.29911E-01
    9004.629      9.584   2.120  1.13068E+00  9.89976E-01  1.40699E-01
    9005.281     10.236   2.160  1.13079E+00  9.94449E-01  1.36345E-01
    9005.945     10.900   2.200  1.11623E+00  9.98495E-01  1.17733E-01
    9006.622     11.577   2.240  1.08921E+00  1.00212E+00  8.70888E-02
    9007.311     12.266   2.280  1.06624E+00  1.00532E+00  6.09221E-02
    9008.012     12.967   2.320  1.06266E+00  1.00814E+00  5.45220E-02
    9008.725     13.680   2.360  1.08302E+00  1.01058E+00  7.24417E-02
    9009.451     14.406   2.400  1.11637E+00  1.01266E+00  1.03709E-01
    9010.188     15.143   2.440  1.14505E+00  1.01441E+00  1.30638E-01
    9010.938     15.893   2.480  1.16967E+00  1.01584E+00  1.53830E-01
    9011.700     16.655   2.520  1.19159E+00  1.01697E+00  1.74611E-01
    9012.474     17.429   2.560  1.19956E+00  1.01785E+00  1.81713E-01
    9013.261     18.216   2.600  1.19408E+00  1.01845E+00  1.75634E-01
    9014.059     19.014   2.640  1.17731E+00  1.01880E+00  1.58505E-01
    9014.870     19.825   2.680  1.15391E+00  1.01892E+00  1.34990E-01
    9015.693     20.648   2.720  1.12961E+00  1.01886E+00  1.10751E-01
    9016.528     21.483   2.760  1.10695E+00  1.01860E+00  8.83530E-02
    9017.375     22.330   2.800  1.08565E+00  1.01817E+00  6.74805E-02
    9018.235     23.190   2.840  1.06513E+00  1.01758E+00  4.75433E-02
    9019.107     24.062   2.880  1.04553E+00  1.01687E+00  2.86575E-02
    9019.990     24.946   2.920  1.02665E+00  1.01605E+00  1.06029E-02
    9020.887     25.842   2.960  1.00807E+00  1.01510E+00 -7.02710E-03
    9021.795     26.750   3.000  9.89226E-01  1.01406E+00 -2.48309E-02
    9022.715     27.670   3.040  9.69990E-01  1.01296E+00 -4.29655E-02
    9023.648     28.603   3.080  9.51178E-01  1.01178E+00 -6.06014E-02
    9024.593     29.548   3.120  9.34363E-01  1.01053E+00 -7.61708E-02
    9025.550     30.505   3.160  9.20887E-01  1.00927E+00 -8.83809E-02
    9026.519     31.474   3.200  9.11528E-01  1.00796E+00 -9.64343E-02
    9027.501     32.456   3.240  9.06550E-01  1.00662E+00 -1.00074E-01
    9028.494     33.449   3.280  9.05723E-01  1.00528E+00 -9.95561E-02
    9029.500     34.455   3.320  9.08471E-01  1.00393E+00 -9.54624E-02
    9030.518     35.473   3.360  9.13980E-01  1.00261E+00 -8.86281E-02
    9031.548     36.504   3.400  9.21178E-01  1.00127E+00 -8.00896E-02
    9032.591     37.546   3.440  9.28767E-01  9.99955E-01 -7.11884E-02
    9033.645     38.601   3.480  9.35567E-01  9.98675E-01 -6.31084E-02
    9034.712     39.667   3.520  9.40702E-01  9.97430E-01 -5.67284E-02
    9035.791     40.746   3.560  9.43717E-01  9.96203E-01 -5.24853E-02
    9036.882     41.837   3.600  9.44823E-01  9.95034E-01 -5.02116E-02
    9037.986     42.941   3.640  9.44606E-01  9.93887E-01 -4.92806E-02
    9039.101     44.056   3.680  9.43971E-01  9.92805E-01 -4.88334E-02
    9040.229     45.184   3.720  9.43829E-01  9.91791E-01 -4.79618E-02
    9041.369     46.324   3.760  9.44941E-01  9.90823E-01 -4.58822E-02
    9042.521     47.476   3.800  9.47640E-01  9.89901E-01 -4.22615E-02
    9043.686     48.641   3.840  9.51683E-01  9.89029E-01 -3.73461E-02
    9044.862     49.817   3.880  9.56516E-01  9.88250E-01 -3.17336E-02
    9046.051     51.006   3.920  9.61602E-01  9.87520E-01 -2.59178E-02
    9047.252     52.207   3.960  9.66676E-01  9.86840E-01 -2.01643E-02
    9048.465     53.420   4.000  9.71744E-01  9.86233E-01 -1.44890E-02
    9049.690     54.645   4.040  9.76977E-01  9.85697E-01 -8.72044E-03
    9050.928     55.883   4.080  9.82558E-01  9.85214E-01 -2.65647E-03
    9052.177     57.132   4.120  9.88571E-01  9.84804E-01  3.76709E-03
    9053.439     58.394   4.160  9.94797E-01  9.84465E-01  1.03323E-02
    9054.713     59.668   4.200  1.00060E+00  9.84176E-01  1.64238E-02
    9055.999     60.954   4.240  1.00514E+00  9.83936E-01  2.12062E-02
    9057.298     62.253   4.280  1.00774E+00  9.83787E-01  2.39543E-02
    9058.608     63.564   4.320  1.00810E+00  9.83667E-01  2.44302E-02
    9059.931     64.886   4.360  1.00667E+00  9.83616E-01  2.30568E-02
    9061.266     66.221   4.400  1.00441E+00  9.83634E-01  2.07746E-02
    9062.614     67.569   4.440  1.00249E+00  9.83697E-01  1.87922E-02
    9063.973     68.928   4.480  1.00192E+00  9.83804E-01  1.81181E-02
    9065.345     70.300   4.520  1.00316E+00  9.83955E-01  1.92034E-02
    9066.728     71.683   4.560  1.00598E+00  9.84169E-01  2.18077E-02
    9068.124     73.079   4.600  1.00961E+00  9.84403E-01  2.52093E-02
    9069.532     74.488   4.640  1.01329E+00  9.84696E-01  2.85973E-02
    9070.953     75.908   4.680  1.01633E+00  9.85005E-01  3.13271E-02
    9072.385     77.340   4.720  1.01842E+00  9.85351E-01  3.30719E-02
    9073.830     78.785   4.760  1.01949E+00  9.85732E-01  3.37612E-02
    9075.287     80.242   4.800  1.01962E+00  9.86148E-01  3.34768E-02
    9076.756     81.711   4.840  1.01895E+00  9.86573E-01  3.23754E-02
    9078.238     83.193   4.880  1.01769E+00  9.87028E-01  3.06591E-02
    9079.731     84.686   4.920  1.01605E+00  9.87491E-01  2.85561E-02
    9081.237     86.192   4.960  1.01420E+00  9.87958E-01  2.62458E-02
    9082.755     87.710   5.000  1.01225E+00  9.88451E-01  2.38012E-02
    9084.285     89.240   5.040  1.01021E+00  9.88948E-01  2.12573E-02
    9085.827     90.782   5.080  1.00822E+00  9.89446E-01  1.87704E-02
    9087.381     92.337   5.120  1.00665E+00  9.89943E-01  1.67081E-02
    9088.948     93.903   5.160  1.00596E+00  9.90438E-01  1.55244E-02
    9090.527     95.482   5.200  1.00645E+00  9.90928E-01  1.55212E-02
    9092.118     97.073   5.240  1.00809E+00  9.91390E-01  1.67025E-02
    9093.721     98.676   5.280  1.01051E+00  9.91846E-01  1.86679E-02
    9095.337    100.292   5.320  1.01290E+00  9.92295E-01  2.06089E-02
    9096.964    101.919   5.360  1.01423E+00  9.92712E-01  2.15157E-02
    9098.604    103.559   5.400  1.01371E+00  9.93119E-01  2.05896E-02
    9100.256    105.211   5.440  1.01103E+00  9.93491E-01  1.75436E-02
    9101.920    106.875   5.480  1.00632E+00  9.93828E-01  1.24946E-02
    9103.597    108.552   5.520  9.99846E-01  9.94150E-01  5.69577E-03
    9105.285    110.240   5.560  9.91878E-01  9.94414E-01 -2.53525E-03
    9106.986    111.941   5.600  9.83013E-01  9.94663E-01 -1.16503E-02
    9108.699    113.654   5.640  9.74121E-01  9.94898E-01 -2.07767E-02
    9110.424    115.379   5.680  9.66150E-01  9.95071E-01 -2.89216E-02
    9112.162    117.117   5.720  9.59903E-01  9.95204E-01 -3.53007E-02
    9113.911    118.866   5.760  9.55813E-01  9.95297E-01 -3.94845E-02
    9115.673    120.628   5.800  9.54013E-01  9.95374E-01 -4.13602E-02
    9117.447    122.402   5.840  9.54306E-01  9.95387E-01 -4.10811E-02
    9119.233    124.188   5.880  9.56280E-01  9.95358E-01 -3.90789E-02
    9121.031    125.986   5.920  9.59291E-01  9.95288E-01 -3.59972E-02
    9122.842    127.797   5.960  9.62657E-01  9.95173E-01 -3.25164E-02
    9124.664    129.620   6.000  9.65892E-01  9.94990E-01 -2.90979E-02
