# # comment:                                                     FEFF 9.9.1  
# # Source:
# # Structure
# # Reduced
# # space
# # abc:
# # angles:
# # sites:
# # POT  SCF 100  7.0000   0, screened core-hole, AFOLP (folp(0)= 1.150)
# # Abs   Z=29 Rmt= 1.170 Rnm= 1.304 K  shell
# # Pot 1 Z=29 Rmt= 1.171 Rnm= 1.305
# # Pot 2 Z=50 Rmt= 1.380 Rnm= 1.531
# # Pot 3 Z= 8 Rmt= 0.947 Rnm= 1.109
# # Gam_ch=1.729E+00 H-L exch Vi= 0.000E+00 Vr= 0.000E+00
# # Mu=-8.628E+00eV kf=2.130E+00 Vint=-1.383E+01eV Rs_int= 1.703
# FMS rfms= 9.0000
# # PATH  Rmax=-1.000,  Keep_limit= 0.00, Heap_limit 0.00  Pwcrit= 2.50%
#  S02=0.950  Temp=   0.00  Debye_temp=   0.00  Global_sig2= 0.00000
#  Energy zero shift, vr, vi    0.00000E+00   0.00000E+00
#  Curved wave amplitude ratio filter   4.000%
#     file         sig2 tot  cw amp ratio   deg  nlegs   reff  inp sig2
#     0/   0 paths used
#  xsedge+ 50, used to normalize mu           2.4315E-04
#  -----------------------------------------------------------------------
#  omega    e    k    mu    mu0     chi     @#
    8983.336    -12.438  -1.000  2.90326E-02  4.89619E-02 -1.99293E-02
    8983.635    -12.139  -0.960  3.02465E-02  5.22306E-02 -2.19841E-02
    8983.921    -11.853  -0.920  3.15433E-02  5.58320E-02 -2.42887E-02
    8984.195    -11.578  -0.880  3.29343E-02  5.98119E-02 -2.68776E-02
    8984.458    -11.316  -0.840  3.44331E-02  6.42230E-02 -2.97900E-02
    8984.707    -11.066  -0.800  3.60559E-02  6.91264E-02 -3.30706E-02
    8984.945    -10.829  -0.760  3.78217E-02  7.45915E-02 -3.67698E-02
    8985.171    -10.603  -0.720  3.97525E-02  8.06959E-02 -4.09434E-02
    8985.384    -10.390  -0.680  4.18731E-02  8.75249E-02 -4.56517E-02
    8985.585    -10.188  -0.640  4.42104E-02  9.51674E-02 -5.09570E-02
    8985.774     -9.999  -0.600  4.67912E-02  1.03710E-01 -5.69188E-02
    8985.951     -9.823  -0.560  4.96393E-02  1.13225E-01 -6.35857E-02
    8986.116     -9.658  -0.520  5.27700E-02  1.23753E-01 -7.09831E-02
    8986.268     -9.506  -0.480  5.61828E-02  1.35279E-01 -7.90963E-02
    8986.408     -9.365  -0.440  5.98523E-02  1.47703E-01 -8.78510E-02
    8986.536     -9.237  -0.400  6.37212E-02  1.60819E-01 -9.70974E-02
    8986.652     -9.122  -0.360  6.76969E-02  1.74302E-01 -1.06605E-01
    8986.756     -9.018  -0.320  7.16565E-02  1.87735E-01 -1.16078E-01
    8986.847     -8.927  -0.280  7.54616E-02  2.00649E-01 -1.25188E-01
    8986.926     -8.847  -0.240  7.89766E-02  2.12590E-01 -1.33614E-01
    8986.993     -8.780  -0.200  8.20867E-02  2.23171E-01 -1.41085E-01
    8987.048     -8.725  -0.160  8.47073E-02  2.32100E-01 -1.47393E-01
    8987.091     -8.683  -0.120  8.67862E-02  2.39181E-01 -1.52395E-01
    8987.121     -8.652  -0.080  8.82984E-02  2.44298E-01 -1.56000E-01
    8987.146     -8.628   0.000  8.95651E-02  2.48421E-01 -1.58856E-01
    8987.201     -8.573   0.120  9.24665E-02  2.57741E-01 -1.65275E-01
    8987.243     -8.530   0.160  9.45722E-02  2.65022E-01 -1.70450E-01
    8987.298     -8.475   0.200  9.71571E-02  2.74376E-01 -1.77219E-01
    8987.365     -8.408   0.240  1.00104E-01  2.85724E-01 -1.85620E-01
    8987.445     -8.329   0.280  1.03237E-01  2.98909E-01 -1.95671E-01
    8987.536     -8.238   0.320  1.06298E-01  3.13688E-01 -2.07390E-01
    8987.640     -8.134   0.360  1.08947E-01  3.29750E-01 -2.20803E-01
    8987.755     -8.018   0.400  1.10820E-01  3.46744E-01 -2.35924E-01
    8987.883     -7.890   0.440  1.11622E-01  3.64380E-01 -2.52758E-01
    8988.024     -7.750   0.480  1.11235E-01  3.82394E-01 -2.71159E-01
    8988.176     -7.598   0.520  1.09891E-01  4.00633E-01 -2.90743E-01
    8988.341     -7.433   0.560  1.08087E-01  4.19006E-01 -3.10919E-01
    8988.517     -7.256   0.600  1.06514E-01  4.37505E-01 -3.30991E-01
    8988.706     -7.067   0.640  1.05855E-01  4.56141E-01 -3.50286E-01
    8988.908     -6.866   0.680  1.06606E-01  4.74967E-01 -3.68361E-01
    8989.121     -6.653   0.720  1.09035E-01  4.93998E-01 -3.84963E-01
    8989.347     -6.427   0.760  1.13194E-01  5.13288E-01 -4.00094E-01
    8989.584     -6.189   0.800  1.18778E-01  5.32840E-01 -4.14063E-01
    8989.834     -5.940   0.840  1.25304E-01  5.52666E-01 -4.27363E-01
    8990.096     -5.677   0.880  1.32529E-01  5.72749E-01 -4.40220E-01
    8990.371     -5.403   0.920  1.40784E-01  5.93078E-01 -4.52294E-01
    8990.657     -5.117   0.960  1.50437E-01  6.13616E-01 -4.63179E-01
    8990.956     -4.818   1.000  1.61394E-01  6.34313E-01 -4.72919E-01
    8991.267     -4.507   1.040  1.73365E-01  6.55113E-01 -4.81748E-01
    8991.590     -4.184   1.080  1.86441E-01  6.75957E-01 -4.89516E-01
    8991.925     -3.849   1.120  2.01154E-01  6.96775E-01 -4.95621E-01
    8992.273     -3.501   1.160  2.18003E-01  7.17499E-01 -4.99496E-01
    8992.632     -3.141   1.200  2.36527E-01  7.38035E-01 -5.01508E-01
    8993.004     -2.770   1.240  2.56000E-01  7.58307E-01 -5.02307E-01
    8993.388     -2.386   1.280  2.77783E-01  7.78241E-01 -5.00458E-01
    8993.784     -1.989   1.320  3.05019E-01  7.97781E-01 -4.92762E-01
    8994.193     -1.581   1.360  3.37858E-01  8.16832E-01 -4.78974E-01
    8994.613     -1.160   1.400  3.72033E-01  8.35321E-01 -4.63288E-01
    8995.046     -0.727   1.440  4.07770E-01  8.53197E-01 -4.45428E-01
    8995.491     -0.282   1.480  4.54645E-01  8.70393E-01 -4.15747E-01
    8995.948      0.175   1.520  5.21822E-01  8.86862E-01 -3.65040E-01
    8996.418      0.644   1.560  6.16426E-01  9.02544E-01 -2.86118E-01
    8996.899      1.126   1.600  7.51124E-01  9.17442E-01 -1.66318E-01
    8997.393      1.619   1.640  9.36520E-01  9.31480E-01  5.04030E-03
    8997.899      2.125   1.680  1.15132E+00  9.44668E-01  2.06654E-01
    8998.417      2.644   1.720  1.33754E+00  9.56960E-01  3.80584E-01
    8998.948      3.174   1.760  1.44185E+00  9.68395E-01  4.73452E-01
    8999.490      3.716   1.800  1.42505E+00  9.78951E-01  4.46095E-01
    9000.045      4.271   1.840  1.32041E+00  9.88612E-01  3.31800E-01
    9000.612      4.838   1.880  1.22343E+00  9.97426E-01  2.26008E-01
    9001.191      5.417   1.920  1.17666E+00  1.00538E+00  1.71283E-01
    9001.782      6.009   1.960  1.17231E+00  1.01253E+00  1.59773E-01
    9002.386      6.612   2.000  1.19055E+00  1.01887E+00  1.71683E-01
    9003.001      7.228   2.040  1.21389E+00  1.02446E+00  1.89433E-01
    9003.629      7.856   2.080  1.24422E+00  1.02930E+00  2.14921E-01
    9004.269      8.496   2.120  1.29668E+00  1.03347E+00  2.63211E-01
    9004.922      9.148   2.160  1.35640E+00  1.03697E+00  3.19425E-01
    9005.586      9.812   2.200  1.37541E+00  1.03986E+00  3.35554E-01
    9006.263     10.489   2.240  1.33534E+00  1.04214E+00  2.93199E-01
    9006.952     11.178   2.280  1.26751E+00  1.04391E+00  2.23603E-01
    9007.653     11.879   2.320  1.20693E+00  1.04517E+00  1.61755E-01
    9008.366     12.592   2.360  1.15546E+00  1.04598E+00  1.09476E-01
    9009.091     13.318   2.400  1.10585E+00  1.04635E+00  5.94951E-02
    9009.829     14.055   2.440  1.06976E+00  1.04634E+00  2.34217E-02
    9010.579     14.805   2.480  1.06220E+00  1.04598E+00  1.62140E-02
    9011.341     15.567   2.520  1.08181E+00  1.04531E+00  3.65037E-02
    9012.115     16.341   2.560  1.10427E+00  1.04434E+00  5.99285E-02
    9012.901     17.128   2.600  1.10218E+00  1.04313E+00  5.90505E-02
    9013.700     17.926   2.640  1.08440E+00  1.04173E+00  4.26701E-02
    9014.511     18.737   2.680  1.06305E+00  1.04010E+00  2.29427E-02
    9015.334     19.560   2.720  1.04361E+00  1.03833E+00  5.27373E-03
    9016.169     20.395   2.760  1.02596E+00  1.03641E+00 -1.04535E-02
    9017.016     21.242   2.800  1.00760E+00  1.03440E+00 -2.67943E-02
    9017.876     22.102   2.840  9.86796E-01  1.03230E+00 -4.54991E-02
    9018.747     22.974   2.880  9.64017E-01  1.03011E+00 -6.60982E-02
    9019.631     23.858   2.920  9.41612E-01  1.02789E+00 -8.62763E-02
    9020.527     24.754   2.960  9.22342E-01  1.02563E+00 -1.03283E-01
    9021.436     25.662   3.000  9.08452E-01  1.02335E+00 -1.14902E-01
    9022.356     26.582   3.040  9.01471E-01  1.02108E+00 -1.19613E-01
    9023.289     27.515   3.080  9.02096E-01  1.01884E+00 -1.16746E-01
    9024.234     28.460   3.120  9.08963E-01  1.01661E+00 -1.07649E-01
    9025.191     29.417   3.160  9.20354E-01  1.01442E+00 -9.40688E-02
    9026.160     30.386   3.200  9.34632E-01  1.01230E+00 -7.76682E-02
    9027.142     31.368   3.240  9.50519E-01  1.01023E+00 -5.97094E-02
    9028.135     32.361   3.280  9.67004E-01  1.00823E+00 -4.12279E-02
    9029.141     33.367   3.320  9.83080E-01  1.00631E+00 -2.32338E-02
    9030.159     34.385   3.360  9.97655E-01  1.00448E+00 -6.82360E-03
    9031.189     35.416   3.400  1.00971E+00  1.00273E+00  6.97722E-03
    9032.232     36.458   3.440  1.01870E+00  1.00107E+00  1.76317E-02
    9033.286     37.513   3.480  1.02435E+00  9.99515E-01  2.48347E-02
    9034.353     38.579   3.520  1.02665E+00  9.98078E-01  2.85752E-02
    9035.432     39.658   3.560  1.02599E+00  9.96734E-01  2.92565E-02
    9036.523     40.750   3.600  1.02328E+00  9.95505E-01  2.77740E-02
    9037.627     41.853   3.640  1.01964E+00  9.94372E-01  2.52684E-02
    9038.742     42.968   3.680  1.01622E+00  9.93357E-01  2.28666E-02
    9039.870     44.096   3.720  1.01388E+00  9.92482E-01  2.14010E-02
    9041.010     45.236   3.760  1.01282E+00  9.91704E-01  2.11151E-02
    9042.162     46.388   3.800  1.01245E+00  9.91022E-01  2.14253E-02
    9043.326     47.553   3.840  1.01165E+00  9.90479E-01  2.11668E-02
    9044.503     48.729   3.880  1.00913E+00  9.90033E-01  1.90985E-02
    9045.692     49.918   3.920  1.00421E+00  9.89705E-01  1.45089E-02
    9046.892     51.119   3.960  9.97044E-01  9.89491E-01  7.55284E-03
    9048.106     52.332   4.000  9.88489E-01  9.89373E-01 -8.84136E-04
    9049.331     53.557   4.040  9.79638E-01  9.89370E-01 -9.73156E-03
    9050.568     54.795   4.080  9.71361E-01  9.89479E-01 -1.81184E-02
    9051.818     56.044   4.120  9.64183E-01  9.89679E-01 -2.54953E-02
    9053.080     57.306   4.160  9.58370E-01  9.89965E-01 -3.15947E-02
    9054.354     58.580   4.200  9.54168E-01  9.90336E-01 -3.61681E-02
    9055.640     59.866   4.240  9.52066E-01  9.90814E-01 -3.87477E-02
    9056.939     61.165   4.280  9.52458E-01  9.91375E-01 -3.89170E-02
    9058.249     62.476   4.320  9.55307E-01  9.91995E-01 -3.66883E-02
    9059.572     63.798   4.360  9.60027E-01  9.92715E-01 -3.26886E-02
    9060.907     65.133   4.400  9.65540E-01  9.93489E-01 -2.79490E-02
    9062.254     66.481   4.440  9.70935E-01  9.94336E-01 -2.34012E-02
    9063.614     67.840   4.480  9.75698E-01  9.95234E-01 -1.95363E-02
    9064.985     69.212   4.520  9.79803E-01  9.96200E-01 -1.63973E-02
    9066.369     70.595   4.560  9.83525E-01  9.97209E-01 -1.36837E-02
    9067.765     71.991   4.600  9.87309E-01  9.98237E-01 -1.09286E-02
    9069.173     73.400   4.640  9.91577E-01  9.99327E-01 -7.74980E-03
    9070.594     74.820   4.680  9.96488E-01  1.00045E+00 -3.96582E-03
    9072.026     76.252   4.720  1.00191E+00  1.00159E+00  3.20212E-04
    9073.471     77.697   4.760  1.00740E+00  1.00276E+00  4.63874E-03
    9074.928     79.154   4.800  1.01226E+00  1.00391E+00  8.34923E-03
    9076.397     80.623   4.840  1.01620E+00  1.00511E+00  1.10899E-02
    9077.878     82.105   4.880  1.01937E+00  1.00628E+00  1.30886E-02
    9079.372     83.598   4.920  1.02248E+00  1.00746E+00  1.50244E-02
    9080.878     85.104   4.960  1.02608E+00  1.00862E+00  1.74539E-02
    9082.395     86.622   5.000  1.03015E+00  1.00976E+00  2.03867E-02
    9083.926     88.152   5.040  1.03424E+00  1.01089E+00  2.33494E-02
    9085.468     89.694   5.080  1.03773E+00  1.01198E+00  2.57483E-02
    9087.022     91.249   5.120  1.04025E+00  1.01306E+00  2.71934E-02
    9088.589     92.815   5.160  1.04162E+00  1.01410E+00  2.75213E-02
    9090.168     94.394   5.200  1.04181E+00  1.01507E+00  2.67321E-02
    9091.759     95.985   5.240  1.04109E+00  1.01603E+00  2.50686E-02
    9093.362     97.588   5.280  1.04004E+00  1.01691E+00  2.31266E-02
    9094.978     99.204   5.320  1.03955E+00  1.01774E+00  2.18029E-02
    9096.605    100.831   5.360  1.04038E+00  1.01851E+00  2.18701E-02
    9098.245    102.471   5.400  1.04275E+00  1.01922E+00  2.35383E-02
    9099.897    104.123   5.440  1.04609E+00  1.01985E+00  2.62386E-02
    9101.561    105.787   5.480  1.04930E+00  1.02043E+00  2.88603E-02
    9103.238    107.464   5.520  1.05124E+00  1.02094E+00  3.03012E-02
    9104.926    109.152   5.560  1.05137E+00  1.02137E+00  2.99977E-02
    9106.627    110.853   5.600  1.04969E+00  1.02171E+00  2.79790E-02
    9108.340    112.566   5.640  1.04655E+00  1.02198E+00  2.45742E-02
    9110.065    114.291   5.680  1.04231E+00  1.02219E+00  2.01231E-02
    9111.802    116.029   5.720  1.03728E+00  1.02230E+00  1.49786E-02
    9113.552    117.778   5.760  1.03198E+00  1.02235E+00  9.62915E-03
    9115.314    119.540   5.800  1.02706E+00  1.02232E+00  4.73622E-03
    9117.088    121.314   5.840  1.02316E+00  1.02222E+00  9.38358E-04
    9118.874    123.100   5.880  1.02059E+00  1.02203E+00 -1.44189E-03
    9120.672    124.898   5.920  1.01920E+00  1.02177E+00 -2.56993E-03
    9122.483    126.709   5.960  1.01841E+00  1.02141E+00 -3.00254E-03
    9124.305    128.532   6.000  1.01740E+00  1.02095E+00 -3.54570E-03
