# # comment:                                                     FEFF 9.9.1  
# # Source:
# # Structure
# # Reduced
# # space
# # abc:
# # angles:
# # sites:
# # POT  SCF 100  7.0000   0, screened core-hole, AFOLP (folp(0)= 1.150)
# # Abs   Z=29 Rmt= 1.193 Rnm= 1.300 K  shell
# # Pot 1 Z=29 Rmt= 1.193 Rnm= 1.300
# # Pot 2 Z= 6 Rmt= 0.673 Rnm= 0.925
# # Pot 3 Z= 8 Rmt= 1.006 Rnm= 1.118
# # Gam_ch=1.729E+00 H-L exch Vi= 0.000E+00 Vr= 0.000E+00
# # Mu=-7.822E+00eV kf=2.321E+00 Vint=-1.547E+01eV Rs_int= 1.562
# FMS rfms= 9.0000
# # PATH  Rmax=-1.000,  Keep_limit= 0.00, Heap_limit 0.00  Pwcrit= 2.50%
#  S02=0.950  Temp=   0.00  Debye_temp=   0.00  Global_sig2= 0.00000
#  Energy zero shift, vr, vi    0.00000E+00   0.00000E+00
#  Curved wave amplitude ratio filter   4.000%
#     file         sig2 tot  cw amp ratio   deg  nlegs   reff  inp sig2
#     0/   0 paths used
#  xsedge+ 50, used to normalize mu           2.4543E-04
#  -----------------------------------------------------------------------
#  omega    e    k    mu    mu0     chi     @#
    8983.428    -11.632  -1.000  3.05469E-02  5.26798E-02 -2.21329E-02
    8983.727    -11.334  -0.960  3.18307E-02  5.64381E-02 -2.46075E-02
    8984.014    -11.047  -0.920  3.31942E-02  6.06068E-02 -2.74126E-02
    8984.288    -10.773  -0.880  3.46475E-02  6.52453E-02 -3.05978E-02
    8984.550    -10.511  -0.840  3.62023E-02  7.04229E-02 -3.42206E-02
    8984.800    -10.261  -0.800  3.78730E-02  7.62197E-02 -3.83467E-02
    8985.038    -10.023  -0.760  3.96766E-02  8.27275E-02 -4.30509E-02
    8985.263     -9.797  -0.720  4.16330E-02  9.00498E-02 -4.84168E-02
    8985.477     -9.584  -0.680  4.37649E-02  9.83006E-02 -5.45357E-02
    8985.678     -9.383  -0.640  4.60970E-02  1.07600E-01 -6.15027E-02
    8985.867     -9.194  -0.600  4.86539E-02  1.18065E-01 -6.94108E-02
    8986.044     -9.017  -0.560  5.14568E-02  1.29796E-01 -7.83389E-02
    8986.208     -8.853  -0.520  5.45169E-02  1.42851E-01 -8.83345E-02
    8986.361     -8.700  -0.480  5.78273E-02  1.57217E-01 -9.93896E-02
    8986.501     -8.560  -0.440  6.13535E-02  1.72767E-01 -1.11413E-01
    8986.629     -8.432  -0.400  6.50251E-02  1.89233E-01 -1.24208E-01
    8986.745     -8.316  -0.360  6.87352E-02  2.06194E-01 -1.37459E-01
    8986.848     -8.212  -0.320  7.23505E-02  2.23104E-01 -1.50754E-01
    8986.940     -8.121  -0.280  7.57318E-02  2.39356E-01 -1.63624E-01
    8987.019     -8.042  -0.240  7.87584E-02  2.54363E-01 -1.75604E-01
    8987.086     -7.975  -0.200  8.13466E-02  2.67633E-01 -1.86287E-01
    8987.141     -7.920  -0.160  8.34551E-02  2.78804E-01 -1.95349E-01
    8987.184     -7.877  -0.120  8.50779E-02  2.87641E-01 -2.02563E-01
    8987.214     -7.847  -0.080  8.62280E-02  2.94012E-01 -2.07784E-01
    8987.238     -7.822   0.000  8.71575E-02  2.99134E-01 -2.11977E-01
    8987.293     -7.767   0.120  8.90922E-02  3.10683E-01 -2.21591E-01
    8987.336     -7.725   0.160  9.05155E-02  3.19690E-01 -2.29175E-01
    8987.391     -7.670   0.200  9.22023E-02  3.31186E-01 -2.38984E-01
    8987.458     -7.603   0.240  9.40251E-02  3.45031E-01 -2.51006E-01
    8987.537     -7.524   0.280  9.58677E-02  3.60988E-01 -2.65120E-01
    8987.629     -7.432   0.320  9.75506E-02  3.78659E-01 -2.81108E-01
    8987.732     -7.329   0.360  9.89476E-02  3.97569E-01 -2.98622E-01
    8987.848     -7.213   0.400  9.99695E-02  4.17193E-01 -3.17224E-01
    8987.976     -7.085   0.440  1.00669E-01  4.37068E-01 -3.36399E-01
    8988.116     -6.945   0.480  1.01200E-01  4.56834E-01 -3.55634E-01
    8988.269     -6.792   0.520  1.01775E-01  4.76243E-01 -3.74468E-01
    8988.433     -6.628   0.560  1.02711E-01  4.95188E-01 -3.92477E-01
    8988.610     -6.451   0.600  1.04214E-01  5.13617E-01 -4.09402E-01
    8988.799     -6.262   0.640  1.06514E-01  5.31578E-01 -4.25064E-01
    8989.000     -6.061   0.680  1.09842E-01  5.49152E-01 -4.39311E-01
    8989.213     -5.847   0.720  1.14365E-01  5.66392E-01 -4.52027E-01
    8989.439     -5.622   0.760  1.20343E-01  5.83366E-01 -4.63023E-01
    8989.677     -5.384   0.800  1.28067E-01  6.00156E-01 -4.72089E-01
    8989.927     -5.134   0.840  1.37842E-01  6.16790E-01 -4.78948E-01
    8990.189     -4.872   0.880  1.49873E-01  6.33303E-01 -4.83430E-01
    8990.463     -4.598   0.920  1.64192E-01  6.49698E-01 -4.85506E-01
    8990.750     -4.311   0.960  1.80975E-01  6.66028E-01 -4.85053E-01
    8991.048     -4.012   1.000  2.00648E-01  6.82253E-01 -4.81605E-01
    8991.359     -3.701   1.040  2.24041E-01  6.98368E-01 -4.74327E-01
    8991.682     -3.378   1.080  2.52659E-01  7.14338E-01 -4.61679E-01
    8992.018     -3.043   1.120  2.88052E-01  7.30165E-01 -4.42114E-01
    8992.365     -2.696   1.160  3.28804E-01  7.45808E-01 -4.17004E-01
    8992.725     -2.336   1.200  3.68900E-01  7.61238E-01 -3.92337E-01
    8993.097     -1.964   1.240  4.03252E-01  7.76403E-01 -3.73152E-01
    8993.481     -1.580   1.280  4.33793E-01  7.91276E-01 -3.57482E-01
    8993.877     -1.184   1.320  4.68295E-01  8.05822E-01 -3.37527E-01
    8994.285     -0.775   1.360  5.16185E-01  8.20009E-01 -3.03824E-01
    8994.706     -0.355   1.400  5.82046E-01  8.33784E-01 -2.51738E-01
    8995.139      0.078   1.440  6.61782E-01  8.47154E-01 -1.85372E-01
    8995.584      0.523   1.480  7.42698E-01  8.60048E-01 -1.17351E-01
    8996.041      0.980   1.520  8.14931E-01  8.72456E-01 -5.75248E-02
    8996.510      1.450   1.560  8.77582E-01  8.84367E-01 -6.78564E-03
    8996.992      1.931   1.600  9.28024E-01  8.95754E-01  3.22699E-02
    8997.486      2.425   1.640  9.61729E-01  9.06590E-01  5.51389E-02
    8997.992      2.931   1.680  9.79635E-01  9.16870E-01  6.27649E-02
    8998.510      3.449   1.720  9.88652E-01  9.26570E-01  6.20815E-02
    8999.040      3.979   1.760  1.00057E+00  9.35730E-01  6.48376E-02
    8999.583      4.522   1.800  1.02303E+00  9.44290E-01  7.87440E-02
    9000.137      5.077   1.840  1.05506E+00  9.52293E-01  1.02767E-01
    9000.704      5.644   1.880  1.10145E+00  9.59719E-01  1.41734E-01
    9001.283      6.223   1.920  1.17755E+00  9.66614E-01  2.10934E-01
    9001.875      6.814   1.960  1.28325E+00  9.72925E-01  3.10328E-01
    9002.478      7.418   2.000  1.39330E+00  9.78738E-01  4.14562E-01
    9003.094      8.033   2.040  1.47565E+00  9.84002E-01  4.91653E-01
    9003.722      8.661   2.080  1.51283E+00  9.88785E-01  5.24045E-01
    9004.362      9.301   2.120  1.50449E+00  9.93057E-01  5.11433E-01
    9005.014      9.954   2.160  1.46124E+00  9.96889E-01  4.64352E-01
    9005.679     10.618   2.200  1.40595E+00  1.00027E+00  4.05679E-01
    9006.355     11.295   2.240  1.34841E+00  1.00324E+00  3.45170E-01
    9007.044     11.983   2.280  1.28455E+00  1.00580E+00  2.78751E-01
    9007.745     12.685   2.320  1.22241E+00  1.00798E+00  2.14428E-01
    9008.458     13.398   2.360  1.17496E+00  1.00983E+00  1.65136E-01
    9009.184     14.123   2.400  1.13893E+00  1.01132E+00  1.27617E-01
    9009.921     14.861   2.440  1.10118E+00  1.01251E+00  8.86722E-02
    9010.671     15.611   2.480  1.05950E+00  1.01344E+00  4.60625E-02
    9011.433     16.373   2.520  1.02622E+00  1.01409E+00  1.21310E-02
    9012.207     17.147   2.560  1.01218E+00  1.01450E+00 -2.32465E-03
    9012.994     17.933   2.600  1.01831E+00  1.01469E+00  3.61907E-03
    9013.792     18.732   2.640  1.03767E+00  1.01469E+00  2.29845E-02
    9014.603     19.543   2.680  1.05334E+00  1.01451E+00  3.88307E-02
    9015.426     20.365   2.720  1.04710E+00  1.01416E+00  3.29308E-02
    9016.261     21.201   2.760  1.01952E+00  1.01369E+00  5.82918E-03
    9017.109     22.048   2.800  9.87059E-01  1.01309E+00 -2.60326E-02
    9017.968     22.907   2.840  9.59476E-01  1.01238E+00 -5.29034E-02
    9018.840     23.779   2.880  9.38705E-01  1.01160E+00 -7.28936E-02
    9019.724     24.663   2.920  9.23254E-01  1.01072E+00 -8.74630E-02
    9020.620     25.559   2.960  9.11737E-01  1.00978E+00 -9.80471E-02
    9021.528     26.468   3.000  9.03241E-01  1.00880E+00 -1.05564E-01
    9022.449     27.388   3.040  8.97751E-01  1.00778E+00 -1.10033E-01
    9023.381     28.321   3.080  8.95627E-01  1.00673E+00 -1.11100E-01
    9024.326     29.266   3.120  8.96645E-01  1.00566E+00 -1.09019E-01
    9025.283     30.223   3.160  9.00139E-01  1.00460E+00 -1.04458E-01
    9026.253     31.192   3.200  9.05232E-01  1.00353E+00 -9.83005E-02
    9027.234     32.173   3.240  9.10859E-01  1.00249E+00 -9.16359E-02
    9028.228     33.167   3.280  9.15969E-01  1.00147E+00 -8.54963E-02
    9029.234     34.173   3.320  9.20066E-01  1.00047E+00 -8.04037E-02
    9030.252     35.191   3.360  9.23093E-01  9.99509E-01 -7.64163E-02
    9031.282     36.221   3.400  9.25251E-01  9.98566E-01 -7.33152E-02
    9032.324     37.263   3.440  9.26900E-01  9.97685E-01 -7.07849E-02
    9033.379     38.318   3.480  9.28342E-01  9.96847E-01 -6.85045E-02
    9034.446     39.385   3.520  9.29827E-01  9.96055E-01 -6.62278E-02
    9035.525     40.464   3.560  9.31514E-01  9.95331E-01 -6.38168E-02
    9036.616     41.555   3.600  9.33613E-01  9.94655E-01 -6.10420E-02
    9037.719     42.658   3.640  9.36429E-01  9.94050E-01 -5.76209E-02
    9038.835     43.774   3.680  9.40269E-01  9.93495E-01 -5.32256E-02
    9039.962     44.902   3.720  9.45456E-01  9.93011E-01 -4.75548E-02
    9041.102     46.042   3.760  9.52071E-01  9.92578E-01 -4.05068E-02
    9042.255     47.194   3.800  9.59921E-01  9.92219E-01 -3.22981E-02
    9043.419     48.358   3.840  9.68478E-01  9.91932E-01 -2.34546E-02
    9044.595     49.535   3.880  9.77352E-01  9.91698E-01 -1.43459E-02
    9045.784     50.723   3.920  9.86296E-01  9.91536E-01 -5.24058E-03
    9046.985     51.924   3.960  9.95078E-01  9.91447E-01  3.63128E-03
    9048.198     53.137   4.000  1.00348E+00  9.91406E-01  1.20748E-02
    9049.423     54.363   4.040  1.01128E+00  9.91414E-01  1.98625E-02
    9050.661     55.600   4.080  1.01819E+00  9.91492E-01  2.66998E-02
    9051.911     56.850   4.120  1.02398E+00  9.91639E-01  3.23431E-02
    9053.172     58.112   4.160  1.02844E+00  9.91810E-01  3.66288E-02
    9054.446     59.386   4.200  1.03150E+00  9.92047E-01  3.94548E-02
    9055.733     60.672   4.240  1.03311E+00  9.92330E-01  4.07815E-02
    9057.031     61.970   4.280  1.03344E+00  9.92677E-01  4.07596E-02
    9058.342     63.281   4.320  1.03275E+00  9.93045E-01  3.97006E-02
    9059.665     64.604   4.360  1.03155E+00  9.93472E-01  3.80769E-02
    9061.000     65.939   4.400  1.03032E+00  9.93915E-01  3.64033E-02
    9062.347     67.286   4.440  1.02950E+00  9.94394E-01  3.51098E-02
    9063.706     68.646   4.480  1.02935E+00  9.94906E-01  3.44452E-02
    9065.078     70.017   4.520  1.02990E+00  9.95430E-01  3.44669E-02
    9066.462     71.401   4.560  1.03110E+00  9.95987E-01  3.51159E-02
    9067.858     72.797   4.600  1.03287E+00  9.96573E-01  3.62922E-02
    9069.266     74.205   4.640  1.03510E+00  9.97166E-01  3.79323E-02
    9070.686     75.625   4.680  1.03776E+00  9.97762E-01  3.99950E-02
    9072.119     77.058   4.720  1.04069E+00  9.98358E-01  4.23342E-02
    9073.563     78.503   4.760  1.04360E+00  9.98956E-01  4.46430E-02
    9075.020     79.960   4.800  1.04614E+00  9.99577E-01  4.65598E-02
    9076.490     81.429   4.840  1.04785E+00  1.00017E+00  4.76775E-02
    9077.971     82.910   4.880  1.04840E+00  1.00076E+00  4.76346E-02
    9079.464     84.404   4.920  1.04754E+00  1.00135E+00  4.61939E-02
    9080.970     85.909   4.960  1.04515E+00  1.00190E+00  4.32478E-02
    9082.488     87.427   5.000  1.04127E+00  1.00244E+00  3.88287E-02
    9084.018     88.957   5.040  1.03603E+00  1.00295E+00  3.30706E-02
    9085.560     90.500   5.080  1.02968E+00  1.00346E+00  2.62290E-02
    9087.115     92.054   5.120  1.02263E+00  1.00392E+00  1.87037E-02
    9088.681     93.621   5.160  1.01535E+00  1.00437E+00  1.09735E-02
    9090.260     95.200   5.200  1.00828E+00  1.00477E+00  3.51035E-03
    9091.851     96.791   5.240  1.00176E+00  1.00514E+00 -3.37754E-03
    9093.455     98.394   5.280  9.95806E-01  1.00548E+00 -9.66975E-03
    9095.070    100.009   5.320  9.90141E-01  1.00577E+00 -1.56286E-02
    9096.698    101.637   5.360  9.84413E-01  1.00600E+00 -2.15859E-02
    9098.338    103.277   5.400  9.78521E-01  1.00621E+00 -2.76887E-02
    9099.990    104.929   5.440  9.72634E-01  1.00638E+00 -3.37457E-02
    9101.654    106.593   5.480  9.67123E-01  1.00651E+00 -3.93838E-02
    9103.330    108.269   5.520  9.62304E-01  1.00657E+00 -4.42649E-02
    9105.019    109.958   5.560  9.58419E-01  1.00661E+00 -4.81901E-02
    9106.719    111.659   5.600  9.55499E-01  1.00658E+00 -5.10850E-02
    9108.432    113.372   5.640  9.53568E-01  1.00652E+00 -5.29481E-02
    9110.158    115.097   5.680  9.52658E-01  1.00640E+00 -5.37460E-02
    9111.895    116.834   5.720  9.52864E-01  1.00625E+00 -5.33870E-02
    9113.644    118.584   5.760  9.54257E-01  1.00606E+00 -5.18014E-02
    9115.406    120.346   5.800  9.56701E-01  1.00583E+00 -4.91245E-02
    9117.180    122.119   5.840  9.59832E-01  1.00555E+00 -4.57207E-02
    9118.966    123.906   5.880  9.63181E-01  1.00524E+00 -4.20584E-02
    9120.765    125.704   5.920  9.66383E-01  1.00486E+00 -3.84824E-02
    9122.575    127.514   5.960  9.69458E-01  1.00448E+00 -3.50216E-02
    9124.398    129.337   6.000  9.72882E-01  1.00403E+00 -3.11475E-02
