# # comment:                                                     FEFF 9.9.1  
# # Source:
# # Structure
# # Reduced
# # space
# # abc:
# # angles:
# # sites:
# # POT  SCF 100  7.0000   0, screened core-hole, AFOLP (folp(0)= 1.150)
# # Abs   Z=29 Rmt= 1.243 Rnm= 1.303 K  shell
# # Pot 1 Z= 3 Rmt= 1.243 Rnm= 1.306
# # Pot 2 Z=29 Rmt= 1.160 Rnm= 1.265
# # Pot 3 Z=28 Rmt= 1.301 Rnm= 1.388
# # Pot 4 Z= 8 Rmt= 1.039 Rnm= 1.098
# # Gam_ch=1.729E+00 H-L exch Vi= 0.000E+00 Vr= 0.000E+00
# # Mu=-8.132E+00eV kf=2.161E+00 Vint=-1.652E+01eV Rs_int= 1.678
# FMS rfms= 9.0000
# # PATH  Rmax=-1.000,  Keep_limit= 0.00, Heap_limit 0.00  Pwcrit= 2.50%
#  S02=0.950  Temp=   0.00  Debye_temp=   0.00  Global_sig2= 0.00000
#  Energy zero shift, vr, vi    0.00000E+00   0.00000E+00
#  Curved wave amplitude ratio filter   4.000%
#     file         sig2 tot  cw amp ratio   deg  nlegs   reff  inp sig2
#     0/   0 paths used
#  xsedge+ 50, used to normalize mu           2.4417E-04
#  -----------------------------------------------------------------------
#  omega    e    k    mu    mu0     chi     @#
    8984.514    -11.942  -1.000  3.44179E-02  5.78236E-02 -2.34057E-02
    8984.813    -11.643  -0.960  3.58971E-02  6.21295E-02 -2.62324E-02
    8985.099    -11.356  -0.920  3.74615E-02  6.69213E-02 -2.94598E-02
    8985.374    -11.082  -0.880  3.91203E-02  7.22711E-02 -3.31508E-02
    8985.636    -10.820  -0.840  4.08843E-02  7.82625E-02 -3.73782E-02
    8985.886    -10.570  -0.800  4.27665E-02  8.49927E-02 -4.22261E-02
    8986.123    -10.332  -0.760  4.47826E-02  9.25730E-02 -4.77904E-02
    8986.349    -10.107  -0.720  4.69506E-02  1.01129E-01 -5.41787E-02
    8986.562     -9.893  -0.680  4.92913E-02  1.10800E-01 -6.15090E-02
    8986.764     -9.692  -0.640  5.18270E-02  1.21732E-01 -6.99055E-02
    8986.953     -9.503  -0.600  5.45795E-02  1.34070E-01 -7.94902E-02
    8987.129     -9.326  -0.560  5.75660E-02  1.47935E-01 -9.03687E-02
    8987.294     -9.162  -0.520  6.07926E-02  1.63401E-01 -1.02608E-01
    8987.446     -9.009  -0.480  6.42451E-02  1.80453E-01 -1.16208E-01
    8987.586     -8.869  -0.440  6.78786E-02  1.98941E-01 -1.31062E-01
    8987.715     -8.741  -0.400  7.16100E-02  2.18542E-01 -1.46932E-01
    8987.830     -8.625  -0.360  7.53201E-02  2.38749E-01 -1.63429E-01
    8987.934     -8.522  -0.320  7.88675E-02  2.58903E-01 -1.80036E-01
    8988.025     -8.430  -0.280  8.21145E-02  2.78272E-01 -1.96157E-01
    8988.105     -8.351  -0.240  8.49535E-02  2.96151E-01 -2.11198E-01
    8988.172     -8.284  -0.200  8.73230E-02  3.11951E-01 -2.24628E-01
    8988.227     -8.229  -0.160  8.92074E-02  3.25242E-01 -2.36035E-01
    8988.269     -8.186  -0.120  9.06207E-02  3.35748E-01 -2.45128E-01
    8988.300     -8.156  -0.080  9.15882E-02  3.43317E-01 -2.51729E-01
    8988.324     -8.132   0.000  9.23029E-02  3.49398E-01 -2.57095E-01
    8988.379     -8.077   0.120  9.40107E-02  3.63092E-01 -2.69082E-01
    8988.422     -8.034   0.160  9.52930E-02  3.73751E-01 -2.78458E-01
    8988.477     -7.979   0.200  9.68313E-02  3.87348E-01 -2.90517E-01
    8988.544     -7.912   0.240  9.85366E-02  4.03697E-01 -3.05161E-01
    8988.623     -7.833   0.280  1.00341E-01  4.22472E-01 -3.22130E-01
    8988.714     -7.741   0.320  1.02108E-01  4.43171E-01 -3.41063E-01
    8988.818     -7.638   0.360  1.03811E-01  4.65200E-01 -3.61389E-01
    8988.934     -7.522   0.400  1.05493E-01  4.87922E-01 -3.82428E-01
    8989.062     -7.394   0.440  1.07227E-01  5.10716E-01 -4.03489E-01
    8989.202     -7.254   0.480  1.09203E-01  5.33132E-01 -4.23929E-01
    8989.354     -7.101   0.520  1.11670E-01  5.54882E-01 -4.43211E-01
    8989.519     -6.937   0.560  1.14822E-01  5.75788E-01 -4.60967E-01
    8989.696     -6.760   0.600  1.18908E-01  5.95814E-01 -4.76905E-01
    8989.885     -6.571   0.640  1.24187E-01  6.14996E-01 -4.90809E-01
    8990.086     -6.370   0.680  1.31036E-01  6.33434E-01 -5.02397E-01
    8990.299     -6.156   0.720  1.39930E-01  6.51221E-01 -5.11291E-01
    8990.525     -5.931   0.760  1.51501E-01  6.68408E-01 -5.16908E-01
    8990.762     -5.693   0.800  1.66667E-01  6.85118E-01 -5.18451E-01
    8991.012     -5.443   0.840  1.86333E-01  7.01355E-01 -5.15022E-01
    8991.275     -5.181   0.880  2.11132E-01  7.17215E-01 -5.06083E-01
    8991.549     -4.907   0.920  2.40290E-01  7.32733E-01 -4.92443E-01
    8991.835     -4.620   0.960  2.70855E-01  7.47872E-01 -4.77016E-01
    8992.134     -4.322   1.000  2.97787E-01  7.62688E-01 -4.64901E-01
    8992.445     -4.011   1.040  3.15940E-01  7.77164E-01 -4.61225E-01
    8992.768     -3.688   1.080  3.25471E-01  7.91298E-01 -4.65827E-01
    8993.103     -3.352   1.120  3.33615E-01  8.05060E-01 -4.71444E-01
    8993.451     -3.005   1.160  3.47081E-01  8.18434E-01 -4.71353E-01
    8993.810     -2.645   1.200  3.67884E-01  8.31424E-01 -4.63540E-01
    8994.182     -2.273   1.240  3.99484E-01  8.43970E-01 -4.44486E-01
    8994.566     -1.889   1.280  4.48255E-01  8.56091E-01 -4.07835E-01
    8994.963     -1.493   1.320  5.15451E-01  8.67743E-01 -3.52292E-01
    8995.371     -1.085   1.360  5.94940E-01  8.78905E-01 -2.83964E-01
    8995.792     -0.664   1.400  6.84081E-01  8.89573E-01 -2.05492E-01
    8996.224     -0.231   1.440  7.83691E-01  8.99746E-01 -1.16056E-01
    8996.669      0.214   1.480  8.84927E-01  9.09382E-01 -2.44548E-02
    8997.127      0.671   1.520  9.78954E-01  9.18480E-01  6.04740E-02
    8997.596      1.140   1.560  1.07064E+00  9.27063E-01  1.43580E-01
    8998.078      1.622   1.600  1.17360E+00  9.35111E-01  2.38491E-01
    8998.571      2.116   1.640  1.29455E+00  9.42608E-01  3.51945E-01
    8999.077      2.622   1.680  1.43018E+00  9.49598E-01  4.80578E-01
    8999.596      3.140   1.720  1.57116E+00  9.56046E-01  6.15118E-01
    9000.126      3.670   1.760  1.69720E+00  9.62000E-01  7.35204E-01
    9000.668      4.213   1.800  1.78384E+00  9.67448E-01  8.16388E-01
    9001.223      4.767   1.840  1.82407E+00  9.72419E-01  8.51655E-01
    9001.790      5.334   1.880  1.82436E+00  9.76901E-01  8.47460E-01
    9002.369      5.914   1.920  1.79982E+00  9.80965E-01  8.18854E-01
    9002.961      6.505   1.960  1.75152E+00  9.84583E-01  7.66934E-01
    9003.564      7.108   2.000  1.66443E+00  9.87807E-01  6.76622E-01
    9004.180      7.724   2.040  1.52822E+00  9.90626E-01  5.37595E-01
    9004.808      8.352   2.080  1.35911E+00  9.93114E-01  3.65998E-01
    9005.448      8.992   2.120  1.19125E+00  9.95242E-01  1.96010E-01
    9006.100      9.644   2.160  1.05310E+00  9.97044E-01  5.60587E-02
    9006.764     10.309   2.200  9.57745E-01  9.98569E-01 -4.08243E-02
    9007.441     10.985   2.240  9.05384E-01  9.99811E-01 -9.44268E-02
    9008.130     11.674   2.280  8.86309E-01  1.00080E+00 -1.14493E-01
    9008.831     12.375   2.320  8.84641E-01  1.00157E+00 -1.16931E-01
    9009.544     13.088   2.360  8.87530E-01  1.00213E+00 -1.14603E-01
    9010.270     13.814   2.400  8.92880E-01  1.00249E+00 -1.09615E-01
    9011.007     14.552   2.440  9.06571E-01  1.00271E+00 -9.61395E-02
    9011.757     15.301   2.480  9.30967E-01  1.00277E+00 -7.18002E-02
    9012.519     16.063   2.520  9.57464E-01  1.00270E+00 -4.52308E-02
    9013.293     16.838   2.560  9.77785E-01  1.00252E+00 -2.47387E-02
    9014.080     17.624   2.600  9.86671E-01  1.00224E+00 -1.55700E-02
    9014.878     18.422   2.640  9.85400E-01  1.00188E+00 -1.64759E-02
    9015.689     19.233   2.680  9.78303E-01  1.00145E+00 -2.31519E-02
    9016.512     20.056   2.720  9.68286E-01  1.00099E+00 -3.27011E-02
    9017.347     20.891   2.760  9.56247E-01  1.00048E+00 -4.42311E-02
    9018.194     21.739   2.800  9.41038E-01  9.99934E-01 -5.88961E-02
    9019.054     22.598   2.840  9.21514E-01  9.99402E-01 -7.78879E-02
    9019.926     23.470   2.880  8.98389E-01  9.98843E-01 -1.00454E-01
    9020.810     24.354   2.920  8.73981E-01  9.98284E-01 -1.24303E-01
    9021.706     25.250   2.960  8.51625E-01  9.97730E-01 -1.46105E-01
    9022.614     26.158   3.000  8.33884E-01  9.97204E-01 -1.63320E-01
    9023.534     27.079   3.040  8.22029E-01  9.96711E-01 -1.74682E-01
    9024.467     28.011   3.080  8.16635E-01  9.96254E-01 -1.79619E-01
    9025.412     28.956   3.120  8.17262E-01  9.95815E-01 -1.78554E-01
    9026.369     29.913   3.160  8.22454E-01  9.95438E-01 -1.72985E-01
    9027.338     30.883   3.200  8.30953E-01  9.95104E-01 -1.64150E-01
    9028.320     31.864   3.240  8.41709E-01  9.94814E-01 -1.53104E-01
    9029.313     32.858   3.280  8.53782E-01  9.94590E-01 -1.40808E-01
    9030.319     33.864   3.320  8.66593E-01  9.94413E-01 -1.27820E-01
    9031.337     34.882   3.360  8.80124E-01  9.94284E-01 -1.14160E-01
    9032.368     35.912   3.400  8.94855E-01  9.94224E-01 -9.93683E-02
    9033.410     36.954   3.440  9.11245E-01  9.94212E-01 -8.29670E-02
    9034.465     38.009   3.480  9.29716E-01  9.94271E-01 -6.45546E-02
    9035.531     39.076   3.520  9.49963E-01  9.94378E-01 -4.44153E-02
    9036.610     40.155   3.560  9.70991E-01  9.94556E-01 -2.35654E-02
    9037.702     41.246   3.600  9.91422E-01  9.94782E-01 -3.35999E-03
    9038.805     42.349   3.640  1.01007E+00  9.95076E-01  1.49977E-02
    9039.920     43.465   3.680  1.02619E+00  9.95417E-01  3.07748E-02
    9041.048     44.592   3.720  1.03993E+00  9.95802E-01  4.41299E-02
    9042.188     45.732   3.760  1.05221E+00  9.96233E-01  5.59757E-02
    9043.340     46.885   3.800  1.06404E+00  9.96728E-01  6.73084E-02
    9044.505     48.049   3.840  1.07599E+00  9.97266E-01  7.87213E-02
    9045.681     49.225   3.880  1.08811E+00  9.97845E-01  9.02660E-02
    9046.870     50.414   3.920  1.09981E+00  9.98463E-01  1.01350E-01
    9048.071     51.615   3.960  1.11011E+00  9.99118E-01  1.10994E-01
    9049.284     52.828   4.000  1.11811E+00  9.99785E-01  1.18326E-01
    9050.509     54.053   4.040  1.12333E+00  1.00049E+00  1.22845E-01
    9051.747     55.291   4.080  1.12565E+00  1.00122E+00  1.24434E-01
    9052.996     56.541   4.120  1.12516E+00  1.00196E+00  1.23202E-01
    9054.258     57.802   4.160  1.12213E+00  1.00273E+00  1.19403E-01
    9055.532     59.077   4.200  1.11661E+00  1.00351E+00  1.13106E-01
    9056.818     60.363   4.240  1.10871E+00  1.00429E+00  1.04425E-01
    9058.117     61.661   4.280  1.09872E+00  1.00509E+00  9.36316E-02
    9059.428     62.972   4.320  1.08689E+00  1.00586E+00  8.10274E-02
    9060.750     64.295   4.360  1.07348E+00  1.00663E+00  6.68423E-02
    9062.085     65.630   4.400  1.05875E+00  1.00740E+00  5.13492E-02
    9063.433     66.977   4.440  1.04314E+00  1.00814E+00  3.50041E-02
    9064.792     68.336   4.480  1.02743E+00  1.00889E+00  1.85394E-02
    9066.164     69.708   4.520  1.01262E+00  1.00959E+00  3.03141E-03
    9067.547     71.092   4.560  9.99877E-01  1.01027E+00 -1.03945E-02
    9068.943     72.488   4.600  9.90057E-01  1.01094E+00 -2.08840E-02
    9070.352     73.896   4.640  9.83518E-01  1.01155E+00 -2.80351E-02
    9071.772     75.316   4.680  9.80204E-01  1.01215E+00 -3.19438E-02
    9073.204     76.749   4.720  9.79577E-01  1.01270E+00 -3.31253E-02
    9074.649     78.194   4.760  9.80776E-01  1.01322E+00 -3.24395E-02
    9076.106     79.650   4.800  9.82644E-01  1.01369E+00 -3.10427E-02
    9077.575     81.120   4.840  9.83942E-01  1.01411E+00 -3.01721E-02
    9079.057     82.601   4.880  9.83670E-01  1.01447E+00 -3.08044E-02
    9080.550     84.094   4.920  9.81365E-01  1.01481E+00 -3.34447E-02
    9082.056     85.600   4.960  9.77063E-01  1.01508E+00 -3.80174E-02
    9083.574     87.118   5.000  9.71388E-01  1.01530E+00 -4.39164E-02
    9085.104     88.648   5.040  9.65290E-01  1.01548E+00 -5.01911E-02
    9086.646     90.190   5.080  9.59731E-01  1.01561E+00 -5.58810E-02
    9088.201     91.745   5.120  9.55254E-01  1.01567E+00 -6.04190E-02
    9089.767     93.312   5.160  9.51965E-01  1.01568E+00 -6.37194E-02
    9091.346     94.890   5.200  9.49885E-01  1.01563E+00 -6.57429E-02
    9092.937     96.481   5.240  9.49372E-01  1.01555E+00 -6.61756E-02
    9094.540     98.085   5.280  9.50857E-01  1.01540E+00 -6.45411E-02
    9096.156     99.700   5.320  9.54601E-01  1.01520E+00 -6.06006E-02
    9097.783    101.328   5.360  9.60482E-01  1.01494E+00 -5.44559E-02
    9099.423    102.968   5.400  9.68172E-01  1.01465E+00 -4.64793E-02
    9101.075    104.620   5.440  9.77168E-01  1.01430E+00 -3.71339E-02
    9102.739    106.284   5.480  9.87043E-01  1.01393E+00 -2.68890E-02
    9104.416    107.960   5.520  9.97232E-01  1.01350E+00 -1.62672E-02
    9106.104    109.649   5.560  1.00708E+00  1.01305E+00 -5.96425E-03
    9107.805    111.350   5.600  1.01578E+00  1.01253E+00  3.24324E-03
    9109.518    113.062   5.640  1.02270E+00  1.01200E+00  1.06954E-02
    9111.243    114.788   5.680  1.02757E+00  1.01144E+00  1.61327E-02
    9112.981    116.525   5.720  1.03070E+00  1.01084E+00  1.98606E-02
    9114.730    118.275   5.760  1.03280E+00  1.01020E+00  2.26036E-02
    9116.492    120.036   5.800  1.03465E+00  1.00956E+00  2.50871E-02
    9118.266    121.810   5.840  1.03660E+00  1.00891E+00  2.76918E-02
    9120.052    123.596   5.880  1.03865E+00  1.00824E+00  3.04054E-02
    9121.850    125.395   5.920  1.04047E+00  1.00755E+00  3.29229E-02
    9123.661    127.205   5.960  1.04162E+00  1.00689E+00  3.47290E-02
    9125.484    129.028   6.000  1.04151E+00  1.00619E+00  3.53204E-02
