# # comment:                                                     FEFF 9.9.1  
# # Source:
# # Structure
# # Reduced
# # space
# # abc:
# # angles:
# # sites:
# # POT  SCF 100  7.0000   0, screened core-hole, AFOLP (folp(0)= 1.150)
# # Abs   Z=29 Rmt= 1.237 Rnm= 1.306 K  shell
# # Pot 1 Z=26 Rmt= 1.322 Rnm= 1.413
# # Pot 2 Z=29 Rmt= 1.266 Rnm= 1.332
# # Pot 3 Z= 8 Rmt= 1.030 Rnm= 1.101
# # Gam_ch=1.729E+00 H-L exch Vi= 0.000E+00 Vr= 0.000E+00
# # Mu=-1.051E+01eV kf=2.158E+00 Vint=-1.744E+01eV Rs_int= 1.680
# FMS rfms= 9.0000
# # PATH  Rmax=-1.000,  Keep_limit= 0.00, Heap_limit 0.00  Pwcrit= 2.50%
#  S02=0.950  Temp=   0.00  Debye_temp=   0.00  Global_sig2= 0.00000
#  Energy zero shift, vr, vi    0.00000E+00   0.00000E+00
#  Curved wave amplitude ratio filter   4.000%
#     file         sig2 tot  cw amp ratio   deg  nlegs   reff  inp sig2
#     0/   0 paths used
#  xsedge+ 50, used to normalize mu           2.4674E-04
#  -----------------------------------------------------------------------
#  omega    e    k    mu    mu0     chi     @#
    8984.530    -14.320  -1.000  3.05458E-02  4.92672E-02 -1.87214E-02
    8984.829    -14.021  -0.960  3.18560E-02  5.26745E-02 -2.08186E-02
    8985.116    -13.735  -0.920  3.32507E-02  5.64446E-02 -2.31939E-02
    8985.390    -13.460  -0.880  3.47403E-02  6.06292E-02 -2.58889E-02
    8985.652    -13.198  -0.840  3.63374E-02  6.52886E-02 -2.89512E-02
    8985.902    -12.948  -0.800  3.80565E-02  7.04922E-02 -3.24357E-02
    8986.140    -12.711  -0.760  3.99151E-02  7.63198E-02 -3.64047E-02
    8986.365    -12.485  -0.720  4.19329E-02  8.28609E-02 -4.09279E-02
    8986.579    -12.272  -0.680  4.41326E-02  9.02139E-02 -4.60813E-02
    8986.780    -12.071  -0.640  4.65381E-02  9.84824E-02 -5.19444E-02
    8986.969    -11.882  -0.600  4.91734E-02  1.07768E-01 -5.85944E-02
    8987.146    -11.705  -0.560  5.20591E-02  1.18156E-01 -6.60964E-02
    8987.310    -11.540  -0.520  5.52069E-02  1.29696E-01 -7.44887E-02
    8987.463    -11.388  -0.480  5.86126E-02  1.42374E-01 -8.37611E-02
    8987.603    -11.248  -0.440  6.22472E-02  1.56080E-01 -9.38323E-02
    8987.731    -11.120  -0.400  6.60500E-02  1.70579E-01 -1.04529E-01
    8987.847    -11.004  -0.360  6.99258E-02  1.85505E-01 -1.15579E-01
    8987.950    -10.900  -0.320  7.37520E-02  2.00382E-01 -1.26630E-01
    8988.042    -10.809  -0.280  7.73935E-02  2.14680E-01 -1.37286E-01
    8988.121    -10.729  -0.240  8.07230E-02  2.27887E-01 -1.47164E-01
    8988.188    -10.662  -0.200  8.36380E-02  2.39571E-01 -1.55933E-01
    8988.243    -10.608  -0.160  8.60687E-02  2.49413E-01 -1.63344E-01
    8988.286    -10.565  -0.120  8.79759E-02  2.57203E-01 -1.69227E-01
    8988.316    -10.534  -0.080  8.93424E-02  2.62823E-01 -1.73480E-01
    8988.340    -10.510   0.000  9.04366E-02  2.67343E-01 -1.76906E-01
    8988.395    -10.455   0.120  9.28876E-02  2.77534E-01 -1.84646E-01
    8988.438    -10.412   0.160  9.47634E-02  2.85491E-01 -1.90728E-01
    8988.493    -10.358   0.200  9.70742E-02  2.95657E-01 -1.98583E-01
    8988.560    -10.291   0.240  9.97943E-02  3.07957E-01 -2.08163E-01
    8988.639    -10.211   0.280  1.02723E-01  3.22140E-01 -2.19417E-01
    8988.731    -10.120   0.320  1.05722E-01  3.37890E-01 -2.32167E-01
    8988.834    -10.016   0.360  1.08596E-01  3.54827E-01 -2.46231E-01
    8988.950     -9.900   0.400  1.11149E-01  3.72507E-01 -2.61358E-01
    8989.078     -9.772   0.440  1.13277E-01  3.90519E-01 -2.77242E-01
    8989.218     -9.632   0.480  1.15031E-01  4.08580E-01 -2.93549E-01
    8989.371     -9.480   0.520  1.16550E-01  4.26478E-01 -3.09929E-01
    8989.535     -9.315   0.560  1.17999E-01  4.44125E-01 -3.26126E-01
    8989.712     -9.138   0.600  1.19414E-01  4.61471E-01 -3.42057E-01
    8989.901     -8.949   0.640  1.20759E-01  4.78579E-01 -3.57819E-01
    8990.102     -8.748   0.680  1.21981E-01  4.95497E-01 -3.73516E-01
    8990.316     -8.535   0.720  1.23338E-01  5.12285E-01 -3.88947E-01
    8990.541     -8.309   0.760  1.25415E-01  5.28997E-01 -4.03582E-01
    8990.779     -8.072   0.800  1.28963E-01  5.45681E-01 -4.16718E-01
    8991.029     -7.822   0.840  1.34544E-01  5.62373E-01 -4.27829E-01
    8991.291     -7.560   0.880  1.42391E-01  5.79099E-01 -4.36708E-01
    8991.565     -7.285   0.920  1.52486E-01  5.95872E-01 -4.43386E-01
    8991.852     -6.999   0.960  1.64928E-01  6.12697E-01 -4.47769E-01
    8992.150     -6.700   1.000  1.80398E-01  6.29567E-01 -4.49170E-01
    8992.461     -6.389   1.040  2.00387E-01  6.46451E-01 -4.46065E-01
    8992.784     -6.066   1.080  2.26622E-01  6.63310E-01 -4.36688E-01
    8993.120     -5.731   1.120  2.60167E-01  6.80138E-01 -4.19971E-01
    8993.467     -5.383   1.160  3.00620E-01  6.96889E-01 -3.96269E-01
    8993.827     -5.024   1.200  3.46094E-01  7.13509E-01 -3.67415E-01
    8994.199     -4.652   1.240  3.93122E-01  7.29986E-01 -3.36863E-01
    8994.583     -4.268   1.280  4.38321E-01  7.46262E-01 -3.07941E-01
    8994.979     -3.871   1.320  4.84184E-01  7.62281E-01 -2.78097E-01
    8995.387     -3.463   1.360  5.39019E-01  7.78003E-01 -2.38984E-01
    8995.808     -3.042   1.400  6.06320E-01  7.93414E-01 -1.87093E-01
    8996.241     -2.610   1.440  6.76522E-01  8.08434E-01 -1.31912E-01
    8996.686     -2.165   1.480  7.36617E-01  8.23046E-01 -8.64290E-02
    8997.143     -1.707   1.520  7.85378E-01  8.37194E-01 -5.18166E-02
    8997.612     -1.238   1.560  8.27844E-01  8.50884E-01 -2.30400E-02
    8998.094     -0.756   1.600  8.60461E-01  8.64064E-01 -3.60232E-03
    8998.588     -0.263   1.640  8.80074E-01  8.76700E-01  3.37366E-03
    8999.094      0.243   1.680  8.98580E-01  8.88764E-01  9.81649E-03
    8999.612      0.761   1.720  9.28816E-01  9.00269E-01  2.85465E-02
    9000.142      1.292   1.760  9.70755E-01  9.11188E-01  5.95671E-02
    9000.685      1.834   1.800  1.02388E+00  9.21518E-01  1.02359E-01
    9001.240      2.389   1.840  1.09585E+00  9.31235E-01  1.64610E-01
    9001.806      2.956   1.880  1.20870E+00  9.40341E-01  2.68357E-01
    9002.386      3.535   1.920  1.38232E+00  9.48855E-01  4.33464E-01
    9002.977      4.126   1.960  1.60190E+00  9.56762E-01  6.45137E-01
    9003.580      4.730   2.000  1.78557E+00  9.64087E-01  8.21484E-01
    9004.196      5.346   2.040  1.82540E+00  9.70835E-01  8.54565E-01
    9004.824      5.974   2.080  1.72745E+00  9.77012E-01  7.50439E-01
    9005.464      6.614   2.120  1.55621E+00  9.82649E-01  5.73562E-01
    9006.116      7.266   2.160  1.35027E+00  9.87753E-01  3.62521E-01
    9006.781      7.930   2.200  1.17461E+00  9.92334E-01  1.82272E-01
    9007.457      8.607   2.240  1.06291E+00  9.96444E-01  6.64698E-02
    9008.146      9.296   2.280  9.99625E-01  1.00007E+00 -4.49449E-04
    9008.847      9.997   2.320  9.61608E-01  1.00326E+00 -4.16477E-02
    9009.561     10.710   2.360  9.36527E-01  1.00602E+00 -6.94929E-02
    9010.286     11.436   2.400  9.14918E-01  1.00838E+00 -9.34629E-02
    9011.024     12.173   2.440  8.90857E-01  1.01037E+00 -1.19512E-01
    9011.773     12.923   2.480  8.72985E-01  1.01200E+00 -1.39012E-01
    9012.535     13.685   2.520  8.82700E-01  1.01332E+00 -1.30620E-01
    9013.310     14.459   2.560  9.31268E-01  1.01432E+00 -8.30562E-02
    9014.096     15.245   2.600  9.91835E-01  1.01505E+00 -2.32100E-02
    9014.894     16.044   2.640  1.03315E+00  1.01551E+00  1.76313E-02
    9015.705     16.855   2.680  1.05601E+00  1.01574E+00  4.02689E-02
    9016.528     17.678   2.720  1.06527E+00  1.01576E+00  4.95132E-02
    9017.363     18.513   2.760  1.06340E+00  1.01558E+00  4.78183E-02
    9018.211     19.360   2.800  1.05128E+00  1.01523E+00  3.60593E-02
    9019.070     20.220   2.840  1.03132E+00  1.01471E+00  1.66058E-02
    9019.942     21.092   2.880  1.00651E+00  1.01407E+00 -7.56569E-03
    9020.826     21.975   2.920  9.80008E-01  1.01331E+00 -3.33018E-02
    9021.722     22.872   2.960  9.54704E-01  1.01246E+00 -5.77513E-02
    9022.630     23.780   3.000  9.32263E-01  1.01151E+00 -7.92521E-02
    9023.551     24.700   3.040  9.13270E-01  1.01048E+00 -9.72060E-02
    9024.483     25.633   3.080  8.98087E-01  1.00941E+00 -1.11319E-01
    9025.428     26.578   3.120  8.86047E-01  1.00827E+00 -1.22226E-01
    9026.385     27.535   3.160  8.76600E-01  1.00712E+00 -1.30521E-01
    9027.355     28.504   3.200  8.69557E-01  1.00593E+00 -1.36378E-01
    9028.336     29.486   3.240  8.64996E-01  1.00472E+00 -1.39724E-01
    9029.330     30.479   3.280  8.63208E-01  1.00353E+00 -1.40317E-01
    9030.336     31.485   3.320  8.64528E-01  1.00233E+00 -1.37803E-01
    9031.354     32.503   3.360  8.69224E-01  1.00114E+00 -1.31921E-01
    9032.384     33.533   3.400  8.76847E-01  9.99988E-01 -1.23140E-01
    9033.426     34.576   3.440  8.86956E-01  9.98865E-01 -1.11908E-01
    9034.481     35.630   3.480  8.99055E-01  9.97757E-01 -9.87019E-02
    9035.548     36.697   3.520  9.12752E-01  9.96708E-01 -8.39560E-02
    9036.627     37.776   3.560  9.27704E-01  9.95681E-01 -6.79769E-02
    9037.718     38.867   3.600  9.43774E-01  9.94717E-01 -5.09437E-02
    9038.821     39.971   3.640  9.60658E-01  9.93800E-01 -3.31422E-02
    9039.937     41.086   3.680  9.77933E-01  9.92950E-01 -1.50162E-02
    9041.065     42.214   3.720  9.95065E-01  9.92148E-01  2.91730E-03
    9042.204     43.354   3.760  1.01138E+00  9.91394E-01  1.99825E-02
    9043.357     44.506   3.800  1.02602E+00  9.90712E-01  3.53042E-02
    9044.521     45.671   3.840  1.03835E+00  9.90102E-01  4.82461E-02
    9045.697     46.847   3.880  1.04823E+00  9.89543E-01  5.86823E-02
    9046.886     48.036   3.920  1.05611E+00  9.89057E-01  6.70579E-02
    9048.087     49.237   3.960  1.06276E+00  9.88644E-01  7.41120E-02
    9049.300     50.450   4.000  1.06867E+00  9.88283E-01  8.03896E-02
    9050.525     51.675   4.040  1.07394E+00  9.87992E-01  8.59489E-02
    9051.763     52.913   4.080  1.07805E+00  9.87752E-01  9.03031E-02
    9053.013     54.162   4.120  1.08029E+00  9.87582E-01  9.27110E-02
    9054.274     55.424   4.160  1.07982E+00  9.87461E-01  9.23567E-02
    9055.549     56.698   4.200  1.07609E+00  9.87411E-01  8.86815E-02
    9056.835     57.984   4.240  1.06908E+00  9.87409E-01  8.16702E-02
    9058.133     59.283   4.280  1.05930E+00  9.87475E-01  7.18245E-02
    9059.444     60.593   4.320  1.04742E+00  9.87587E-01  5.98347E-02
    9060.767     61.916   4.360  1.03416E+00  9.87744E-01  4.64130E-02
    9062.102     63.251   4.400  1.02029E+00  9.87965E-01  3.23226E-02
    9063.449     64.599   4.440  1.00657E+00  9.88205E-01  1.83619E-02
    9064.808     65.958   4.480  9.93755E-01  9.88507E-01  5.24774E-03
    9066.180     67.329   4.520  9.82377E-01  9.88827E-01 -6.44991E-03
    9067.564     68.713   4.560  9.72976E-01  9.89206E-01 -1.62300E-02
    9068.960     70.109   4.600  9.66008E-01  9.89599E-01 -2.35904E-02
    9070.368     71.517   4.640  9.61944E-01  9.90024E-01 -2.80801E-02
    9071.788     72.938   4.680  9.61065E-01  9.90460E-01 -2.93947E-02
    9073.221     74.370   4.720  9.63272E-01  9.90927E-01 -2.76550E-02
    9074.666     75.815   4.760  9.68034E-01  9.91423E-01 -2.33888E-02
    9076.122     77.272   4.800  9.74478E-01  9.91903E-01 -1.74243E-02
    9077.592     78.741   4.840  9.81703E-01  9.92410E-01 -1.07063E-02
    9079.073     80.222   4.880  9.88910E-01  9.92941E-01 -4.03183E-03
    9080.566     81.716   4.920  9.95524E-01  9.93452E-01  2.07181E-03
    9082.072     83.222   4.960  1.00130E+00  9.93962E-01  7.34035E-03
    9083.590     84.740   5.000  1.00614E+00  9.94492E-01  1.16469E-02
    9085.120     86.270   5.040  1.00981E+00  9.94995E-01  1.48183E-02
    9086.662     87.812   5.080  1.01208E+00  9.95470E-01  1.66082E-02
    9088.217     89.366   5.120  1.01285E+00  9.95961E-01  1.68859E-02
    9089.784     90.933   5.160  1.01239E+00  9.96423E-01  1.59718E-02
    9091.362     92.512   5.200  1.01154E+00  9.96875E-01  1.46629E-02
    9092.953     94.103   5.240  1.01107E+00  9.97294E-01  1.37804E-02
    9094.557     95.706   5.280  1.01129E+00  9.97678E-01  1.36170E-02
    9096.172     97.322   5.320  1.01171E+00  9.98049E-01  1.36642E-02
    9097.800     98.949   5.360  1.01131E+00  9.98384E-01  1.29307E-02
    9099.440    100.589   5.400  1.00913E+00  9.98681E-01  1.04525E-02
    9101.092    102.241   5.440  1.00464E+00  9.98941E-01  5.69875E-03
    9102.756    103.905   5.480  9.97905E-01  9.99186E-01 -1.28105E-03
    9104.432    105.582   5.520  9.89488E-01  9.99393E-01 -9.90425E-03
    9106.121    107.270   5.560  9.80075E-01  9.99535E-01 -1.94600E-02
    9107.822    108.971   5.600  9.70075E-01  9.99660E-01 -2.95852E-02
    9109.535    110.684   5.640  9.59441E-01  9.99745E-01 -4.03044E-02
    9111.260    112.409   5.680  9.48129E-01  9.99766E-01 -5.16378E-02
    9112.997    114.147   5.720  9.36622E-01  9.99769E-01 -6.31476E-02
    9114.747    115.896   5.760  9.25961E-01  9.99732E-01 -7.37712E-02
    9116.508    117.658   5.800  9.17525E-01  9.99632E-01 -8.21065E-02
    9118.282    119.432   5.840  9.12504E-01  9.99513E-01 -8.70087E-02
    9120.068    121.218   5.880  9.11307E-01  9.99330E-01 -8.80230E-02
    9121.867    123.016   5.920  9.13907E-01  9.99109E-01 -8.52025E-02
    9123.677    124.827   5.960  9.20320E-01  9.98874E-01 -7.85539E-02
    9125.500    126.649   6.000  9.31332E-01  9.98547E-01 -6.72156E-02
