# # comment:                                                     FEFF 9.9.1  
# # Source:
# # Structure
# # Reduced
# # space
# # abc:
# # angles:
# # sites:
# # POT  SCF 100  7.0000   0, screened core-hole, AFOLP (folp(0)= 1.150)
# # Abs   Z=29 Rmt= 1.284 Rnm= 1.339 K  shell
# # Pot 1 Z=25 Rmt= 1.276 Rnm= 1.387
# # Pot 2 Z=29 Rmt= 1.266 Rnm= 1.349
# # Pot 3 Z= 8 Rmt= 1.027 Rnm= 1.104
# # Gam_ch=1.729E+00 H-L exch Vi= 0.000E+00 Vr= 0.000E+00
# # Mu=-9.974E+00eV kf=2.166E+00 Vint=-1.720E+01eV Rs_int= 1.674
# FMS rfms= 9.0000
# # PATH  Rmax=-1.000,  Keep_limit= 0.00, Heap_limit 0.00  Pwcrit= 2.50%
#  S02=0.950  Temp=   0.00  Debye_temp=   0.00  Global_sig2= 0.00000
#  Energy zero shift, vr, vi    0.00000E+00   0.00000E+00
#  Curved wave amplitude ratio filter   4.000%
#     file         sig2 tot  cw amp ratio   deg  nlegs   reff  inp sig2
#     0/   0 paths used
#  xsedge+ 50, used to normalize mu           2.4668E-04
#  -----------------------------------------------------------------------
#  omega    e    k    mu    mu0     chi     @#
    8984.514    -13.784  -1.000  3.15475E-02  4.90160E-02 -1.74686E-02
    8984.813    -13.485  -0.960  3.29216E-02  5.24193E-02 -1.94977E-02
    8985.099    -13.199  -0.920  3.43841E-02  5.61870E-02 -2.18029E-02
    8985.374    -12.925  -0.880  3.59457E-02  6.03715E-02 -2.44257E-02
    8985.636    -12.662  -0.840  3.76194E-02  6.50334E-02 -2.74140E-02
    8985.886    -12.413  -0.800  3.94203E-02  7.02432E-02 -3.08228E-02
    8986.123    -12.175  -0.760  4.13667E-02  7.60812E-02 -3.47145E-02
    8986.349    -11.949  -0.720  4.34796E-02  8.26383E-02 -3.91587E-02
    8986.562    -11.736  -0.680  4.57825E-02  9.00139E-02 -4.42313E-02
    8986.764    -11.535  -0.640  4.83013E-02  9.83130E-02 -5.00118E-02
    8986.953    -11.346  -0.600  5.10611E-02  1.07638E-01 -5.65772E-02
    8987.129    -11.169  -0.560  5.40835E-02  1.18077E-01 -6.39933E-02
    8987.294    -11.004  -0.520  5.73795E-02  1.29679E-01 -7.22995E-02
    8987.446    -10.852  -0.480  6.09416E-02  1.42431E-01 -8.14897E-02
    8987.586    -10.712  -0.440  6.47333E-02  1.56222E-01 -9.14891E-02
    8987.715    -10.584  -0.400  6.86810E-02  1.70816E-01 -1.02135E-01
    8987.830    -10.468  -0.360  7.26723E-02  1.85842E-01 -1.13169E-01
    8987.934    -10.364  -0.320  7.65658E-02  2.00818E-01 -1.24253E-01
    8988.025    -10.273  -0.280  8.02121E-02  2.15211E-01 -1.34999E-01
    8988.105    -10.194  -0.240  8.34795E-02  2.28504E-01 -1.45025E-01
    8988.172    -10.127  -0.200  8.62749E-02  2.40262E-01 -1.53988E-01
    8988.227    -10.072  -0.160  8.85501E-02  2.50164E-01 -1.61614E-01
    8988.269    -10.029  -0.120  9.02951E-02  2.58001E-01 -1.67706E-01
    8988.300     -9.999  -0.080  9.15218E-02  2.63653E-01 -1.72131E-01
    8988.324     -9.974   0.000  9.24873E-02  2.68200E-01 -1.75712E-01
    8988.379     -9.919   0.120  9.45785E-02  2.78459E-01 -1.83881E-01
    8988.422     -9.877   0.160  9.61151E-02  2.86431E-01 -1.90316E-01
    8988.477     -9.822   0.200  9.79749E-02  2.96653E-01 -1.98678E-01
    8988.544     -9.755   0.240  1.00064E-01  3.08986E-01 -2.08922E-01
    8988.623     -9.675   0.280  1.02258E-01  3.23214E-01 -2.20956E-01
    8988.714     -9.584   0.320  1.04450E-01  3.38989E-01 -2.34539E-01
    8988.818     -9.480   0.360  1.06610E-01  3.55925E-01 -2.49315E-01
    8988.934     -9.365   0.400  1.08827E-01  3.73566E-01 -2.64739E-01
    8989.062     -9.237   0.440  1.11315E-01  3.91512E-01 -2.80198E-01
    8989.202     -9.096   0.480  1.14319E-01  4.09435E-01 -2.95117E-01
    8989.354     -8.944   0.520  1.18137E-01  4.27158E-01 -3.09021E-01
    8989.519     -8.779   0.560  1.22828E-01  4.44550E-01 -3.21722E-01
    8989.696     -8.603   0.600  1.28164E-01  4.61622E-01 -3.33458E-01
    8989.885     -8.414   0.640  1.33544E-01  4.78379E-01 -3.44836E-01
    8990.086     -8.212   0.680  1.38203E-01  4.94892E-01 -3.56688E-01
    8990.299     -7.999   0.720  1.41637E-01  5.11220E-01 -3.69583E-01
    8990.525     -7.773   0.760  1.44117E-01  5.27444E-01 -3.83326E-01
    8990.762     -7.536   0.800  1.46672E-01  5.43591E-01 -3.96919E-01
    8991.012     -7.286   0.840  1.50709E-01  5.59724E-01 -4.09015E-01
    8991.275     -7.024   0.880  1.57247E-01  5.75870E-01 -4.18623E-01
    8991.549     -6.749   0.920  1.66828E-01  5.92026E-01 -4.25198E-01
    8991.835     -6.463   0.960  1.79940E-01  6.08198E-01 -4.28258E-01
    8992.134     -6.164   1.000  1.97461E-01  6.24405E-01 -4.26944E-01
    8992.445     -5.853   1.040  2.20271E-01  6.40616E-01 -4.20346E-01
    8992.768     -5.530   1.080  2.48413E-01  6.56798E-01 -4.08385E-01
    8993.103     -5.195   1.120  2.80687E-01  6.72947E-01 -3.92259E-01
    8993.451     -4.847   1.160  3.15440E-01  6.89038E-01 -3.73598E-01
    8993.810     -4.488   1.200  3.51310E-01  7.05003E-01 -3.53693E-01
    8994.182     -4.116   1.240  3.90695E-01  7.20829E-01 -3.30135E-01
    8994.566     -3.732   1.280  4.39981E-01  7.36485E-01 -2.96504E-01
    8994.963     -3.336   1.320  4.98656E-01  7.51895E-01 -2.53239E-01
    8995.371     -2.927   1.360  5.60025E-01  7.67063E-01 -2.07038E-01
    8995.792     -2.507   1.400  6.26245E-01  7.81934E-01 -1.55688E-01
    8996.224     -2.074   1.440  6.99509E-01  7.96452E-01 -9.69429E-02
    8996.669     -1.629   1.480  7.71660E-01  8.10602E-01 -3.89421E-02
    8997.127     -1.172   1.520  8.40047E-01  8.24350E-01  1.56967E-02
    8997.596     -0.702   1.560  9.05492E-01  8.37662E-01  6.78301E-02
    8998.078     -0.221   1.600  9.53039E-01  8.50507E-01  1.02532E-01
    8998.571      0.273   1.640  9.69573E-01  8.62873E-01  1.06700E-01
    8999.077      0.779   1.680  9.73378E-01  8.74732E-01  9.86460E-02
    8999.596      1.297   1.720  9.99249E-01  8.86057E-01  1.13192E-01
    9000.126      1.828   1.760  1.07581E+00  8.96860E-01  1.78953E-01
    9000.668      2.370   1.800  1.20575E+00  9.07097E-01  2.98649E-01
    9001.223      2.925   1.840  1.35486E+00  9.16787E-01  4.38072E-01
    9001.790      3.492   1.880  1.49647E+00  9.25929E-01  5.70542E-01
    9002.369      4.071   1.920  1.63704E+00  9.34502E-01  7.02539E-01
    9002.961      4.662   1.960  1.78457E+00  9.42508E-01  8.42066E-01
    9003.564      5.266   2.000  1.88081E+00  9.49992E-01  9.30820E-01
    9004.180      5.881   2.040  1.85054E+00  9.56917E-01  8.93623E-01
    9004.808      6.509   2.080  1.70125E+00  9.63331E-01  7.37920E-01
    9005.448      7.149   2.120  1.48535E+00  9.69199E-01  5.16147E-01
    9006.100      7.802   2.160  1.25417E+00  9.74590E-01  2.79581E-01
    9006.764      8.466   2.200  1.06586E+00  9.79491E-01  8.63709E-02
    9007.441      9.143   2.240  9.48039E-01  9.83913E-01 -3.58742E-02
    9008.130      9.832   2.280  8.87197E-01  9.87907E-01 -1.00709E-01
    9008.831     10.533   2.320  8.59759E-01  9.91460E-01 -1.31702E-01
    9009.544     11.246   2.360  8.51965E-01  9.94605E-01 -1.42639E-01
    9010.270     11.971   2.400  8.56292E-01  9.97373E-01 -1.41081E-01
    9011.007     12.709   2.440  8.58703E-01  9.99775E-01 -1.41073E-01
    9011.757     13.459   2.480  8.46423E-01  1.00184E+00 -1.55419E-01
    9012.519     14.221   2.520  8.38008E-01  1.00358E+00 -1.65576E-01
    9013.293     14.995   2.560  8.63104E-01  1.00503E+00 -1.41929E-01
    9014.080     15.781   2.600  9.14394E-01  1.00618E+00 -9.17843E-02
    9014.878     16.580   2.640  9.48990E-01  1.00709E+00 -5.81035E-02
    9015.689     17.391   2.680  9.62153E-01  1.00777E+00 -4.56147E-02
    9016.512     18.214   2.720  9.60710E-01  1.00823E+00 -4.75204E-02
    9017.347     19.049   2.760  9.51162E-01  1.00847E+00 -5.73081E-02
    9018.194     19.896   2.800  9.37723E-01  1.00856E+00 -7.08375E-02
    9019.054     20.756   2.840  9.22946E-01  1.00849E+00 -8.55415E-02
    9019.926     21.627   2.880  9.07361E-01  1.00826E+00 -1.00899E-01
    9020.810     22.511   2.920  8.90877E-01  1.00791E+00 -1.17031E-01
    9021.706     23.407   2.960  8.74191E-01  1.00744E+00 -1.33246E-01
    9022.614     24.316   3.000  8.58477E-01  1.00690E+00 -1.48422E-01
    9023.534     25.236   3.040  8.44994E-01  1.00626E+00 -1.61263E-01
    9024.467     26.169   3.080  8.35192E-01  1.00554E+00 -1.70345E-01
    9025.412     27.114   3.120  8.29116E-01  1.00479E+00 -1.75674E-01
    9026.369     28.071   3.160  8.26203E-01  1.00398E+00 -1.77776E-01
    9027.338     29.040   3.200  8.26225E-01  1.00313E+00 -1.76903E-01
    9028.320     30.022   3.240  8.29583E-01  1.00227E+00 -1.72683E-01
    9029.313     31.015   3.280  8.37168E-01  1.00140E+00 -1.64227E-01
    9030.319     32.021   3.320  8.49808E-01  1.00050E+00 -1.50692E-01
    9031.337     33.039   3.360  8.67400E-01  9.99624E-01 -1.32224E-01
    9032.368     34.069   3.400  8.88241E-01  9.98733E-01 -1.10492E-01
    9033.410     35.112   3.440  9.10578E-01  9.97890E-01 -8.73120E-02
    9034.465     36.166   3.480  9.33471E-01  9.97057E-01 -6.35864E-02
    9035.531     37.233   3.520  9.57094E-01  9.96236E-01 -3.91417E-02
    9036.610     38.312   3.560  9.82234E-01  9.95471E-01 -1.32372E-02
    9037.701     39.403   3.600  1.00920E+00  9.94723E-01  1.44793E-02
    9038.805     40.507   3.640  1.03746E+00  9.94015E-01  4.34427E-02
    9039.920     41.622   3.680  1.06580E+00  9.93370E-01  7.24274E-02
    9041.048     42.750   3.720  1.09271E+00  9.92768E-01  9.99393E-02
    9042.188     43.890   3.760  1.11651E+00  9.92210E-01  1.24305E-01
    9043.340     45.042   3.800  1.13536E+00  9.91693E-01  1.43672E-01
    9044.505     46.206   3.840  1.14832E+00  9.91221E-01  1.57102E-01
    9045.681     47.383   3.880  1.15593E+00  9.90818E-01  1.65117E-01
    9046.870     48.572   3.920  1.15992E+00  9.90461E-01  1.69461E-01
    9048.071     49.773   3.960  1.16247E+00  9.90172E-01  1.72295E-01
    9049.284     50.986   4.000  1.16496E+00  9.89930E-01  1.75031E-01
    9050.509     52.211   4.040  1.16710E+00  9.89733E-01  1.77363E-01
    9051.747     53.448   4.080  1.16674E+00  9.89602E-01  1.77139E-01
    9052.996     54.698   4.120  1.16092E+00  9.89517E-01  1.71399E-01
    9054.258     55.960   4.160  1.14730E+00  9.89475E-01  1.57822E-01
    9055.532     57.234   4.200  1.12539E+00  9.89477E-01  1.35915E-01
    9056.818     58.520   4.240  1.09690E+00  9.89541E-01  1.07359E-01
    9058.117     59.819   4.280  1.06496E+00  9.89628E-01  7.53269E-02
    9059.428     61.129   4.320  1.03294E+00  9.89777E-01  4.31590E-02
    9060.750     62.452   4.360  1.00339E+00  9.89968E-01  1.34194E-02
    9062.085     63.787   4.400  9.77726E-01  9.90196E-01 -1.24696E-02
    9063.433     65.134   4.440  9.56176E-01  9.90440E-01 -3.42639E-02
    9064.792     66.494   4.480  9.38201E-01  9.90741E-01 -5.25405E-02
    9066.164     67.865   4.520  9.22951E-01  9.91056E-01 -6.81054E-02
    9067.547     69.249   4.560  9.09919E-01  9.91404E-01 -8.14848E-02
    9068.943     70.645   4.600  8.99088E-01  9.91763E-01 -9.26745E-02
    9070.352     72.053   4.640  8.90905E-01  9.92152E-01 -1.01247E-01
    9071.772     73.474   4.680  8.85714E-01  9.92573E-01 -1.06859E-01
    9073.204     74.906   4.720  8.83496E-01  9.92999E-01 -1.09503E-01
    9074.649     76.351   4.760  8.83892E-01  9.93428E-01 -1.09536E-01
    9076.106     77.808   4.800  8.86441E-01  9.93861E-01 -1.07421E-01
    9077.575     79.277   4.840  8.91072E-01  9.94317E-01 -1.03245E-01
    9079.057     80.758   4.880  8.98226E-01  9.94752E-01 -9.65256E-02
    9080.550     82.252   4.920  9.08363E-01  9.95206E-01 -8.68429E-02
    9082.056     83.758   4.960  9.21259E-01  9.95635E-01 -7.43759E-02
    9083.574     85.275   5.000  9.35882E-01  9.96061E-01 -6.01785E-02
    9085.104     86.806   5.040  9.50853E-01  9.96481E-01 -4.56288E-02
    9086.646     88.348   5.080  9.65193E-01  9.96895E-01 -3.17020E-02
    9088.201     89.902   5.120  9.78679E-01  9.97281E-01 -1.86015E-02
    9089.767     91.469   5.160  9.91774E-01  9.97656E-01 -5.88166E-03
    9091.346     93.048   5.200  1.00495E+00  9.97998E-01  6.94916E-03
    9092.937     94.639   5.240  1.01820E+00  9.98329E-01  1.98711E-02
    9094.540     96.242   5.280  1.03082E+00  9.98625E-01  3.21917E-02
    9096.156     97.858   5.320  1.04174E+00  9.98886E-01  4.28508E-02
    9097.783     99.485   5.360  1.04985E+00  9.99131E-01  5.07194E-02
    9099.423    101.125   5.400  1.05405E+00  9.99316E-01  5.47334E-02
    9101.075    102.777   5.440  1.05368E+00  9.99487E-01  5.41915E-02
    9102.739    104.441   5.480  1.04859E+00  9.99621E-01  4.89711E-02
    9104.416    106.118   5.520  1.03932E+00  9.99740E-01  3.95837E-02
    9106.104    107.806   5.560  1.02684E+00  9.99796E-01  2.70403E-02
    9107.805    109.507   5.600  1.01228E+00  9.99813E-01  1.24658E-02
    9109.518    111.220   5.640  9.96332E-01  9.99815E-01 -3.48353E-03
    9111.243    112.945   5.680  9.79164E-01  9.99778E-01 -2.06141E-02
    9112.981    114.682   5.720  9.61327E-01  9.99677E-01 -3.83502E-02
    9114.730    116.432   5.760  9.44560E-01  9.99560E-01 -5.49997E-02
    9116.492    118.194   5.800  9.31434E-01  9.99404E-01 -6.79695E-02
    9118.266    119.968   5.840  9.24491E-01  9.99186E-01 -7.46948E-02
    9120.052    121.754   5.880  9.25427E-01  9.98954E-01 -7.35270E-02
    9121.850    123.552   5.920  9.34588E-01  9.98689E-01 -6.41003E-02
    9123.661    125.363   5.960  9.51240E-01  9.98389E-01 -4.71488E-02
    9125.484    127.185   6.000  9.74590E-01  9.98059E-01 -2.34687E-02
