ATOMS
  *       x           y          z    ipot  Atom      Distance    Number
**********-  **********  ********-  ******  ******  **********  ********
   0          0           0              0  Cu         0               0
  -1.67736   -1.24998    -1.22087        3  Se         2.42208         2
  -0.491642   2.36381     0.283084       3  Se         2.43093        76
   0.39003   -0.806955    2.29842        3  Se         2.46699       134
   2.39054   -0.777463    0.540984       1  Cu         2.57134       137
   2.00051    0.0294918  -1.75743        3  Se         2.66298       162
   0.835618  -2.68044    -1.81573        2  Np         3.34364       115
  -2.84225    1.45995    -1.16257        2  Np         3.4002         68
   1.55492    1.90298     2.35672        2  Np         3.40488       196
  -2.12294   -2.23742     1.70355        2  Np         3.52349        30
  -3.28783    0.472515    1.76185        3  Se         3.75995        83
  -1.28733    0.443024    3.51928        1  Cu         3.77344        77
  -1.28733   -0.443024   -3.51928        1  Cu         3.77344         1
  -0.795684   1.92078    -3.2362         3  Se         3.84649        53
   2.88218   -3.14127     0.2579         3  Se         4.27096       143
  -0.491642  -4.23753     0.283084       3  Se         4.27533        28
   0.835618   3.92089    -1.81573        2  Np         4.40097       166
   4.06789    0.472515    1.76185        3  Se         4.45816       188
   2.88218    3.46006     0.2579         3  Se         4.5106        198
  -0.795684   2.80683     3.80237        3  Se         4.79264        75
   4.51348    1.45995    -1.16257        2  Np         4.88411       168
  -3.67786   -1.22049    -2.9783         1  Cu         4.88739        18
   3.67786   -1.22049    -2.9783         1  Cu         4.88739       114
   1.55492    1.01693    -4.68185        2  Np         5.03703       167
   0.39003   -1.693      -4.74015        3  Se         5.04851       110
  -4.96519   -0.777463    0.540984       1  Cu         5.05472        40
  -2.12294    4.36392     1.70355        2  Np         5.14322        78
  -0.795684  -3.7945      3.80237        3  Se         5.43041        27
   3.18622    3.01704    -3.26138        3  Se         5.46728       163
  -4.47355   -3.14127     0.2579         3  Se         5.47236        46
   1.55492   -4.69836     2.35672        2  Np         5.48146       141
  -3.67786   -0.33444     4.06027        1  Cu         5.48856        41
   3.67786   -0.33444     4.06027        1  Cu         5.48856       138
   0.835618  -1.79439     5.22284        2  Np         5.58535       140
   3.18622   -2.69825     3.77718        3  Se         5.63025       136
  -5.35522    0.0294918  -1.75743        3  Se         5.6363         62
  -4.47355    3.46006     0.2579         3  Se         5.66138        95
   2.00051    0.915539    5.28114        3  Se         5.72107       190
  -1.67736    5.35136    -1.22087        3  Se         5.73943        52
  -0.795684  -4.68055    -3.2362         3  Se         5.74575         3
   3.18622   -3.58429    -3.26138        3  Se         5.79964       112
   5.23278   -2.23742     1.70355        2  Np         5.94055       130
   5.67837   -1.24998    -1.22087        3  Se         5.94112        99
  -2.84225   -5.14138    -1.16257        2  Np         5.98863        21
  -1.67736   -0.363932    5.8177         3  Se         6.06561        26
  -4.16951    3.01704    -3.26138        3  Se         6.09294        63
  -3.28783   -0.413532   -5.27672        3  Se         6.23094         9
  -4.16951   -2.69825     3.77718        3  Se         6.23959        39
   0.39003    5.79438     2.29842        3  Se         6.24577       189
   3.18622    3.90309     3.77718        3  Se         6.29708       191
   2.39054    5.82387     0.540984       1  Cu         6.31861       192
  -4.16951   -3.58429    -3.26138        3  Se         6.39285        16
  -2.12294   -3.12346    -5.33502        2  Np         6.53646         6
  -5.80081    1.90298     2.35672        2  Np         6.54407        93
   0          6.60133     0              1  Cu         6.60133       184
   0         -6.60134     0              1  Cu         6.60134       144
   4.06789   -0.413532   -5.27672        3  Se         6.67552       106
  -2.12294    3.47787    -5.33502        2  Np         6.71304        55
   0.39003    4.90833    -4.74015        3  Se         6.83468       161
  -4.16951    3.90309     3.77718        3  Se         6.84733        88
  -0.491642   1.47776    -6.75548        3  Se         6.93268        54
  -2.84225    2.346       5.876          2  Np         6.9361         94
   4.51348   -5.14138    -1.16257        2  Np         6.93952       117
   5.23278    4.36392     1.70355        2  Np         7.02338       178
   6.0684     0.443024    3.51928        1  Cu         7.02902       177
   6.0684    -0.443024   -3.51928        1  Cu         7.02902        98
   2.00051   -6.57184    -1.75743        3  Se         7.09082       111
   0          0.886047    7.03857        1  Cu         7.09412       194
   0         -0.886047   -7.03857        1  Cu         7.09412       108
   2.39054   -1.66351    -6.49758        1  Cu         7.12043       113
   2.00051    6.63083    -1.75743        3  Se         7.14552       157
   0.835618   4.80694     5.22284        2  Np         7.14723       195
  -3.67786    5.38085    -2.9783         1  Cu         7.16593        65
   3.67786    5.38085    -2.9783         1  Cu         7.16593       165
  -3.28783   -6.12882     1.76185        3  Se         7.17471        34
  -1.28733    6.15831    -3.51928        1  Cu         7.20884        51
  -1.28733   -6.15831     3.51928        1  Cu         7.20884        29
   6.86409    2.36381     0.283084       3  Se         7.26522       176
  -6.52011   -2.68044    -1.81573        2  Np         7.27966        19
  -7.35573    0           0              1  Cu         7.35573        96
   7.35573    0           0              1  Cu         7.35573       180
  -6.9657    -0.806955    2.29842        3  Se         7.37935        35
   1.55492   -5.5844     -4.68185        2  Np         7.45138       116
  -5.80081    1.01693    -4.68185        2  Np         7.52351        67
   6.56005    1.92078    -3.2362         3  Se         7.56284       151
   4.06789   -6.12882     1.76185        3  Se         7.56401       133
  -5.35522    0.915539    5.28114        3  Se         7.57674        87
  -4.96519    5.82387     0.540984       1  Cu         7.67224        90
   0.39003   -7.40829     2.29842        3  Se         7.76644       145
   4.51348    2.346       5.876          2  Np         7.77191       197
   2.39054   -7.3788      0.540984       1  Cu         7.77522       146
  -2.84225   -4.25533     5.876          2  Np         7.79189        45
   2.88218    2.57402    -6.78067        3  Se         7.80448       169
  -6.52011    3.92089    -1.81573        2  Np         7.8219         66
  -5.80081   -4.69836     2.35672        2  Np         7.82803        44
   5.67837    5.35136    -1.22087        3  Se         7.89756       150
   2.39054    0.108584    7.57955        1  Cu         7.94834       200
  -1.28733    7.04436     3.51928        1  Cu         7.97907        72
  -1.28733   -7.04436    -3.51928        1  Cu         7.97907         5
  -3.28783    7.07385     1.76185        3  Se         7.99708        79
   2.00051   -5.6858      5.28114        3  Se         8.01378       135
  -0.491642   3.24985     7.32165        3  Se         8.02558        73
  -0.491642  -3.35148     7.32165        3  Se         8.06726        24
   6.86409   -4.23753     0.283084       3  Se         8.07171       126
   6.56005    2.80683     3.80237        3  Se         8.0852        175
   5.23278   -3.12346    -5.33502        2  Np         8.09941       104
   7.74576   -0.806955    2.29842        3  Se         8.11977       124
  -1.67736   -7.85131    -1.22087        3  Se         8.12079         8
   5.67837   -0.363932    5.8177         3  Se         8.13769       123
   2.88218   -2.25522     7.29647        3  Se         8.16281       132
  -7.84737    2.36381     0.283084       3  Se         8.20055        86
   5.23278    3.47787    -5.33502        2  Np         8.24257       155
  -3.67786    6.2669      4.06027        1  Cu         8.32385        91
   3.67786    6.2669      4.06027        1  Cu         8.32385       193
  -4.96519   -1.66351    -6.49758        1  Cu         8.345          17
   4.06789    7.07385     1.76185        3  Se         8.34813       181
   2.88218   -4.02732    -6.78067        3  Se         8.39665       118
   6.56005   -3.7945      3.80237        3  Se         8.47882       125
  -0.491642  -5.12357    -6.75548        3  Se         8.4929          4
   2.39054    4.93782    -6.49758        1  Cu         8.50384       164
  -4.47355    2.57402    -6.78067        3  Se         8.52148        69
   4.51348   -4.25533     5.876          2  Np         8.5444        142
  -6.52011   -1.79439     5.22284        2  Np         8.54457        42
  -6.9657    -1.693      -4.74015        3  Se         8.59397        13
  -2.84225    8.06129    -1.16257        2  Np         8.62637        59
  -5.35522   -6.57184    -1.75743        3  Se         8.65772        15
   6.56005   -4.68055    -3.2362         3  Se         8.68417       101
  -1.67736    6.2374      5.8177         3  Se         8.69278        74
  -1.67736   -2.13603    -8.25944        3  Se         8.6945          7
  -2.84225    0.573907   -8.20114        2  Np         8.69864        70
  -5.35522    6.63083    -1.75743        3  Se         8.70258        58
  -3.28783    6.1878     -5.27672        3  Se         8.77169        57
   8.19135   -2.68044    -1.81573        2  Np         8.80794       103
  -3.67786   -6.93577     4.06027        1  Cu         8.83841        49
   3.67786   -6.93577     4.06027        1  Cu         8.83841       147
  -4.47355   -2.25522     7.29647        3  Se         8.85083        33
  -4.96519   -7.3788      0.540984       1  Cu         8.91024        48
  -7.84737   -4.23753     0.283084       3  Se         8.92289        37
   1.55492    8.50431     2.35672        2  Np         8.96076       183
   2.88218    4.34611     7.29647        3  Se         8.96851       187
  -8.15141    1.92078    -3.2362         3  Se         8.97819        61
  -0.491642   8.96514     0.283084       3  Se         8.98308        71
   2.00051   -0.856555   -8.796          3  Se         9.0612        107
  -4.96519    0.108584    7.57955        1  Cu         9.06171        97
   0         -5.71529     7.03857        1  Cu         9.06675       139
   0          5.71529    -7.03857        1  Cu         9.06675       160
  -4.47355   -4.02732    -6.78067        3  Se         9.06694        22
   1.55492    7.61827    -4.68185        2  Np         9.07609       158
   4.06789    6.1878     -5.27672        3  Se         9.09288       156
  -2.12294   -1.35137     8.74212        2  Np         9.09713        25
  -3.67786   -7.82182    -2.9783         1  Cu         9.14209        23
   3.67786   -7.82182    -2.9783         1  Cu         9.14209       121
  -0.795684   8.52212    -3.2362         3  Se         9.15055        50
  -9.03309   -1.24998    -1.22087        3  Se         9.20052        12
  -1.67736   -6.96527     5.8177         3  Se         9.22898        31
   7.74576   -1.693      -4.74015        3  Se         9.23754       100
  -2.12294   -8.83875     1.70355        2  Np         9.24838        32
   8.19135    3.92089    -1.81573        2  Np         9.26113       154
   4.51348    8.06129    -1.16257        2  Np         9.31168       159
  -5.80081   -5.5844     -4.68185        2  Np         9.31422        20
   6.0684     6.15831    -3.51928        1  Cu         9.33465       149
   6.0684    -6.15831     3.51928        1  Cu         9.33465       127
  -8.64306   -0.443024   -3.51928        1  Cu         9.34259        10
  -8.64306    0.443024    3.51928        1  Cu         9.34259        89
   0.39003    0.0790918   9.33698        3  Se         9.34546       199
  -6.9657     5.79438     2.29842        3  Se         9.34765        84
  -3.28783   -7.01487    -5.27672        3  Se         9.37347        11
   4.51348    0.573907   -8.20114        2  Np         9.37867       171
   0.835618   3.03485    -8.8543         2  Np         9.39719       170
   2.00051    7.51687     5.28114        3  Se         9.40191       182
   8.91065    1.90298     2.35672        2  Np         9.41143       179
  -8.15141    2.80683     3.80237        3  Se         9.42241        85
  -5.35522   -5.6858      5.28114        3  Se         9.42852        38
  -3.28783    1.35856     8.80042        3  Se         9.49226        81
   0.835618  -9.28178    -1.81573        2  Np         9.49455       122
   9.35624    0.0294918  -1.75743        3  Se         9.51991       153
  -1.67736    4.46531    -8.25944        3  Se         9.53786        56
  -4.96519    4.93782    -6.49758        1  Cu         9.55269        64
   0.39003   -8.29434    -4.74015        3  Se         9.56123       120
   0.835618  -3.56649    -8.8543         2  Np         9.5821        119
  -4.47355    4.34611     7.29647        3  Se         9.59895        82
  -6.52011    4.80694     5.22284        2  Np         9.63829        92
   4.06789   -7.01487    -5.27672        3  Se         9.6747        109
   6.86409    1.47776    -6.75548        3  Se         9.74351       152
  -6.9657     4.90833    -4.74015        3  Se         9.75099        60
  -8.15141   -3.7945      3.80237        3  Se         9.76226        36
   5.67837   -7.85131    -1.22087        3  Se         9.76614       105
   4.06789    1.35856     8.80042        3  Se         9.78983       185
   9.74627   -0.777463    0.540984       1  Cu         9.79218       128
   8.19135   -1.79439     5.22284        2  Np         9.87907       129
  -7.35573    6.60133     0              1  Cu         9.88354        80
   7.35573    6.60133     0              1  Cu         9.88354       173
  -7.35573   -6.60134     0              1  Cu         9.88354        47
   7.35573   -6.60134     0              1  Cu         9.88354       131
  -9.47867   -2.23742     1.70355        2  Np         9.88703        43
   0.835618  -8.39573     5.22284        2  Np         9.92293       148
   1.55492    2.78902     9.39528        2  Np         9.92309       186
  -8.15141   -4.68055    -3.2362         3  Se         9.94113        14
   6.0684    -7.04436    -3.51928        1  Cu         9.94152       102
   6.0684     7.04436     3.51928        1  Cu         9.94152       172
   7.74576    5.79438     2.29842        3  Se         9.94255       174
END
