# # comment:                                                     FEFF 9.9.1  
# # Source:
# # Structure
# # Reduced
# # space
# # abc:
# # angles:
# # sites:
# # POT  SCF 100  7.0000   0, screened core-hole, AFOLP (folp(0)= 1.150)
# # Abs   Z=29 Rmt= 1.352 Rnm= 1.407 K  shell
# # Pot 1 Z=31 Rmt= 1.299 Rnm= 1.390
# # Pot 2 Z=29 Rmt= 1.352 Rnm= 1.407
# # Pot 3 Z=74 Rmt= 1.269 Rnm= 1.429
# # Pot 4 Z= 8 Rmt= 0.997 Rnm= 1.076
# # Gam_ch=1.729E+00 H-L exch Vi= 0.000E+00 Vr= 0.000E+00
# # Mu=-5.837E+00eV kf=2.288E+00 Vint=-1.634E+01eV Rs_int= 1.585
# FMS rfms= 9.0000
# # PATH  Rmax=-1.000,  Keep_limit= 0.00, Heap_limit 0.00  Pwcrit= 2.50%
#  S02=0.950  Temp=   0.00  Debye_temp=   0.00  Global_sig2= 0.00000
#  Energy zero shift, vr, vi    0.00000E+00   0.00000E+00
#  Curved wave amplitude ratio filter   4.000%
#     file         sig2 tot  cw amp ratio   deg  nlegs   reff  inp sig2
#     0/   0 paths used
#  xsedge+ 50, used to normalize mu           2.4648E-04
#  -----------------------------------------------------------------------
#  omega    e    k    mu    mu0     chi     @#
    8983.388     -9.647  -1.000  4.70302E-02  5.59483E-02 -8.91810E-03
    8983.686     -9.348  -0.960  4.97455E-02  6.00753E-02 -1.03298E-02
    8983.973     -9.062  -0.920  5.26872E-02  6.46677E-02 -1.19805E-02
    8984.247     -8.787  -0.880  5.58828E-02  6.97945E-02 -1.39117E-02
    8984.509     -8.525  -0.840  5.93645E-02  7.55363E-02 -1.61718E-02
    8984.759     -8.275  -0.800  6.31699E-02  8.19868E-02 -1.88169E-02
    8984.997     -8.038  -0.760  6.73420E-02  8.92532E-02 -2.19112E-02
    8985.222     -7.812  -0.720  7.19299E-02  9.74571E-02 -2.55271E-02
    8985.436     -7.599  -0.680  7.69880E-02  1.06732E-01 -2.97442E-02
    8985.637     -7.398  -0.640  8.25736E-02  1.17220E-01 -3.46467E-02
    8985.826     -7.209  -0.600  8.87426E-02  1.29060E-01 -4.03177E-02
    8986.003     -7.032  -0.560  9.55406E-02  1.42371E-01 -4.68308E-02
    8986.167     -6.867  -0.520  1.02990E-01  1.57225E-01 -5.42351E-02
    8986.320     -6.715  -0.480  1.11069E-01  1.73606E-01 -6.25370E-02
    8986.460     -6.575  -0.440  1.19694E-01  1.91371E-01 -7.16769E-02
    8986.588     -6.447  -0.400  1.28698E-01  2.10208E-01 -8.15101E-02
    8986.704     -6.331  -0.360  1.37831E-01  2.29628E-01 -9.17971E-02
    8986.807     -6.227  -0.320  1.46779E-01  2.48994E-01 -1.02214E-01
    8986.899     -6.136  -0.280  1.55213E-01  2.67600E-01 -1.12387E-01
    8986.978     -6.056  -0.240  1.62834E-01  2.84768E-01 -1.21934E-01
    8987.045     -5.989  -0.200  1.69422E-01  2.99934E-01 -1.30512E-01
    8987.100     -5.934  -0.160  1.74843E-01  3.12684E-01 -1.37840E-01
    8987.143     -5.892  -0.120  1.79042E-01  3.22757E-01 -1.43715E-01
    8987.173     -5.861  -0.080  1.82007E-01  3.30010E-01 -1.48003E-01
    8987.198     -5.837   0.000  1.84315E-01  3.35834E-01 -1.51520E-01
    8987.252     -5.782   0.120  1.89415E-01  3.48960E-01 -1.59545E-01
    8987.295     -5.739   0.160  1.93354E-01  3.59156E-01 -1.65802E-01
    8987.350     -5.685   0.200  1.98250E-01  3.72141E-01 -1.73891E-01
    8987.417     -5.617   0.240  2.03969E-01  3.87767E-01 -1.83798E-01
    8987.496     -5.538   0.280  2.10268E-01  4.05664E-01 -1.95396E-01
    8987.588     -5.447   0.320  2.16842E-01  4.25356E-01 -2.08513E-01
    8987.691     -5.343   0.360  2.23504E-01  4.46272E-01 -2.22768E-01
    8987.807     -5.227   0.400  2.30098E-01  4.67745E-01 -2.37647E-01
    8987.935     -5.099   0.440  2.36823E-01  4.89223E-01 -2.52400E-01
    8988.075     -4.959   0.480  2.44158E-01  5.10225E-01 -2.66067E-01
    8988.228     -4.807   0.520  2.53042E-01  5.30491E-01 -2.77449E-01
    8988.392     -4.642   0.560  2.64595E-01  5.49894E-01 -2.85298E-01
    8988.569     -4.465   0.600  2.79942E-01  5.68381E-01 -2.88438E-01
    8988.758     -4.276   0.640  3.00016E-01  5.86017E-01 -2.86001E-01
    8988.959     -4.075   0.680  3.25220E-01  6.02889E-01 -2.77668E-01
    8989.173     -3.862   0.720  3.55566E-01  6.19116E-01 -2.63550E-01
    8989.398     -3.636   0.760  3.90798E-01  6.34820E-01 -2.44022E-01
    8989.636     -3.399   0.800  4.30304E-01  6.50072E-01 -2.19768E-01
    8989.886     -3.149   0.840  4.71897E-01  6.64947E-01 -1.93050E-01
    8990.148     -2.887   0.880  5.10120E-01  6.79526E-01 -1.69406E-01
    8990.422     -2.612   0.920  5.38588E-01  6.93858E-01 -1.55271E-01
    8990.709     -2.326   0.960  5.56804E-01  7.07978E-01 -1.51174E-01
    8991.008     -2.027   1.000  5.72141E-01  7.21928E-01 -1.49787E-01
    8991.318     -1.716   1.040  5.93882E-01  7.35679E-01 -1.41797E-01
    8991.642     -1.393   1.080  6.28364E-01  7.49278E-01 -1.20914E-01
    8991.977     -1.058   1.120  6.77845E-01  7.62721E-01 -8.48762E-02
    8992.324     -0.710   1.160  7.41742E-01  7.75982E-01 -3.42404E-02
    8992.684     -0.351   1.200  8.20541E-01  7.89046E-01  3.14955E-02
    8993.056      0.021   1.240  9.16038E-01  8.01916E-01  1.14122E-01
    8993.440      0.405   1.280  1.02238E+00  8.14574E-01  2.07805E-01
    8993.836      0.802   1.320  1.12497E+00  8.26976E-01  2.97996E-01
    8994.245      1.210   1.360  1.21549E+00  8.39140E-01  3.76347E-01
    8994.665      1.631   1.400  1.28650E+00  8.51019E-01  4.35477E-01
    8995.098      2.063   1.440  1.31930E+00  8.62589E-01  4.56716E-01
    8995.543      2.508   1.480  1.30834E+00  8.73821E-01  4.34521E-01
    8996.000      2.966   1.520  1.27492E+00  8.84729E-01  3.90191E-01
    8996.470      3.435   1.560  1.25147E+00  8.95247E-01  3.56222E-01
    8996.951      3.917   1.600  1.25910E+00  9.05409E-01  3.53691E-01
    8997.445      4.410   1.640  1.28112E+00  9.15148E-01  3.65976E-01
    8997.951      4.916   1.680  1.27518E+00  9.24480E-01  3.50701E-01
    8998.469      5.435   1.720  1.24415E+00  9.33399E-01  3.10756E-01
    8998.999      5.965   1.760  1.23155E+00  9.41862E-01  2.89693E-01
    8999.542      6.507   1.800  1.25439E+00  9.49887E-01  3.04504E-01
    9000.097      7.062   1.840  1.29170E+00  9.57451E-01  3.34244E-01
    9000.664      7.629   1.880  1.31518E+00  9.64576E-01  3.50603E-01
    9001.243      8.208   1.920  1.31851E+00  9.71241E-01  3.47269E-01
    9001.834      8.799   1.960  1.30857E+00  9.77466E-01  3.31103E-01
    9002.437      9.403   2.000  1.28663E+00  9.83213E-01  3.03421E-01
    9003.053     10.019   2.040  1.25545E+00  9.88527E-01  2.66923E-01
    9003.681     10.647   2.080  1.21814E+00  9.93391E-01  2.24745E-01
    9004.321     11.287   2.120  1.16317E+00  9.97831E-01  1.65340E-01
    9004.973     11.939   2.160  1.08643E+00  1.00185E+00  8.45742E-02
    9005.638     12.603   2.200  1.01085E+00  1.00546E+00  5.38924E-03
    9006.315     13.280   2.240  9.57207E-01  1.00869E+00 -5.14785E-02
    9007.003     13.969   2.280  9.24119E-01  1.01151E+00 -8.73924E-02
    9007.704     14.670   2.320  9.01375E-01  1.01399E+00 -1.12611E-01
    9008.418     15.383   2.360  8.86849E-01  1.01610E+00 -1.29248E-01
    9009.143     16.109   2.400  8.81795E-01  1.01788E+00 -1.36082E-01
    9009.881     16.846   2.440  8.79841E-01  1.01933E+00 -1.39490E-01
    9010.630     17.596   2.480  8.73411E-01  1.02049E+00 -1.47080E-01
    9011.392     18.358   2.520  8.58198E-01  1.02136E+00 -1.63165E-01
    9012.167     19.132   2.560  8.33544E-01  1.02198E+00 -1.88436E-01
    9012.953     19.919   2.600  8.10328E-01  1.02235E+00 -2.12025E-01
    9013.752     20.717   2.640  8.03907E-01  1.02251E+00 -2.18599E-01
    9014.562     21.528   2.680  8.13560E-01  1.02243E+00 -2.08871E-01
    9015.385     22.351   2.720  8.23935E-01  1.02217E+00 -1.98240E-01
    9016.220     23.186   2.760  8.28155E-01  1.02173E+00 -1.93573E-01
    9017.068     24.033   2.800  8.34346E-01  1.02114E+00 -1.86795E-01
    9017.927     24.893   2.840  8.44648E-01  1.02042E+00 -1.75773E-01
    9018.799     25.765   2.880  8.57743E-01  1.01955E+00 -1.61812E-01
    9019.683     26.648   2.920  8.72408E-01  1.01859E+00 -1.46184E-01
    9020.579     27.545   2.960  8.88170E-01  1.01754E+00 -1.29369E-01
    9021.487     28.453   3.000  9.04402E-01  1.01638E+00 -1.11980E-01
    9022.408     29.373   3.040  9.20905E-01  1.01517E+00 -9.42656E-02
    9023.341     30.306   3.080  9.37686E-01  1.01391E+00 -7.62247E-02
    9024.285     31.251   3.120  9.54679E-01  1.01261E+00 -5.79299E-02
    9025.243     32.208   3.160  9.71791E-01  1.01127E+00 -3.94797E-02
    9026.212     33.177   3.200  9.89214E-01  1.00992E+00 -2.07070E-02
    9027.193     34.159   3.240  1.00701E+00  1.00857E+00 -1.55792E-03
    9028.187     35.152   3.280  1.02491E+00  1.00719E+00  1.77181E-02
    9029.193     36.158   3.320  1.04243E+00  1.00584E+00  3.65921E-02
    9030.211     37.176   3.360  1.05862E+00  1.00451E+00  5.41101E-02
    9031.241     38.206   3.400  1.07259E+00  1.00320E+00  6.93894E-02
    9032.283     39.249   3.440  1.08405E+00  1.00192E+00  8.21215E-02
    9033.338     40.303   3.480  1.09319E+00  1.00069E+00  9.25023E-02
    9034.405     41.370   3.520  1.10038E+00  9.99492E-01  1.00888E-01
    9035.484     42.449   3.560  1.10594E+00  9.98363E-01  1.07578E-01
    9036.575     43.540   3.600  1.10996E+00  9.97280E-01  1.12681E-01
    9037.678     44.644   3.640  1.11214E+00  9.96246E-01  1.15896E-01
    9038.794     45.759   3.680  1.11206E+00  9.95285E-01  1.16770E-01
    9039.922     46.887   3.720  1.10954E+00  9.94396E-01  1.15146E-01
    9041.062     48.027   3.760  1.10453E+00  9.93583E-01  1.10950E-01
    9042.214     49.179   3.800  1.09707E+00  9.92824E-01  1.04246E-01
    9043.378     50.344   3.840  1.08743E+00  9.92141E-01  9.52878E-02
    9044.555     51.520   3.880  1.07618E+00  9.91536E-01  8.46453E-02
    9045.743     52.709   3.920  1.06393E+00  9.91007E-01  7.29260E-02
    9046.944     53.910   3.960  1.05139E+00  9.90555E-01  6.08395E-02
    9048.157     55.123   4.000  1.03937E+00  9.90160E-01  4.92122E-02
    9049.383     56.348   4.040  1.02867E+00  9.89863E-01  3.88030E-02
    9050.620     57.586   4.080  1.01971E+00  9.89621E-01  3.00875E-02
    9051.870     58.835   4.120  1.01258E+00  9.89456E-01  2.31234E-02
    9053.132     60.097   4.160  1.00678E+00  9.89366E-01  1.74178E-02
    9054.406     61.371   4.200  1.00137E+00  9.89330E-01  1.20365E-02
    9055.692     62.657   4.240  9.95335E-01  9.89390E-01  5.94529E-03
    9056.990     63.956   4.280  9.87877E-01  9.89501E-01 -1.62463E-03
    9058.301     65.266   4.320  9.78710E-01  9.89661E-01 -1.09508E-02
    9059.624     66.589   4.360  9.68182E-01  9.89890E-01 -2.17075E-02
    9060.959     67.924   4.400  9.57154E-01  9.90167E-01 -3.30129E-02
    9062.306     69.272   4.440  9.46781E-01  9.90512E-01 -4.37304E-02
    9063.665     70.631   4.480  9.38002E-01  9.90898E-01 -5.28964E-02
    9065.037     72.003   4.520  9.31297E-01  9.91305E-01 -6.00071E-02
    9066.421     73.386   4.560  9.26703E-01  9.91773E-01 -6.50707E-02
    9067.817     74.782   4.600  9.23939E-01  9.92281E-01 -6.83425E-02
    9069.225     76.190   4.640  9.22841E-01  9.92825E-01 -6.99837E-02
    9070.645     77.611   4.680  9.23341E-01  9.93381E-01 -7.00393E-02
    9072.078     79.043   4.720  9.25433E-01  9.93967E-01 -6.85343E-02
    9073.523     80.488   4.760  9.29003E-01  9.94561E-01 -6.55584E-02
    9074.980     81.945   4.800  9.33865E-01  9.95183E-01 -6.13181E-02
    9076.449     83.414   4.840  9.39721E-01  9.95806E-01 -5.60852E-02
    9077.930     84.896   4.880  9.46318E-01  9.96409E-01 -5.00909E-02
    9079.424     86.389   4.920  9.53440E-01  9.97033E-01 -4.35935E-02
    9080.929     87.895   4.960  9.60808E-01  9.97657E-01 -3.68496E-02
    9082.447     89.413   5.000  9.68250E-01  9.98276E-01 -3.00263E-02
    9083.977     90.943   5.040  9.75706E-01  9.98865E-01 -2.31586E-02
    9085.520     92.485   5.080  9.83235E-01  9.99446E-01 -1.62109E-02
    9087.074     94.039   5.120  9.90692E-01  9.99994E-01 -9.30215E-03
    9088.641     95.606   5.160  9.97671E-01  1.00053E+00 -2.85767E-03
    9090.220     97.185   5.200  1.00357E+00  1.00103E+00  2.54682E-03
    9091.811     98.776   5.240  1.00806E+00  1.00149E+00  6.56629E-03
    9093.414    100.379   5.280  1.01126E+00  1.00191E+00  9.35060E-03
    9095.029    101.995   5.320  1.01382E+00  1.00229E+00  1.15310E-02
    9096.657    103.622   5.360  1.01656E+00  1.00263E+00  1.39329E-02
    9098.297    105.262   5.400  1.02003E+00  1.00292E+00  1.71107E-02
    9099.949    106.914   5.440  1.02417E+00  1.00317E+00  2.09960E-02
    9101.613    108.578   5.480  1.02830E+00  1.00338E+00  2.49224E-02
    9103.289    110.255   5.520  1.03153E+00  1.00352E+00  2.80096E-02
    9104.978    111.943   5.560  1.03331E+00  1.00361E+00  2.96934E-02
    9106.679    113.644   5.600  1.03372E+00  1.00366E+00  3.00621E-02
    9108.392    115.357   5.640  1.03353E+00  1.00364E+00  2.98938E-02
    9110.117    117.082   5.680  1.03385E+00  1.00357E+00  3.02809E-02
    9111.854    118.820   5.720  1.03553E+00  1.00345E+00  3.20829E-02
    9113.604    120.569   5.760  1.03873E+00  1.00327E+00  3.54651E-02
    9115.365    122.331   5.800  1.04281E+00  1.00304E+00  3.97763E-02
    9117.139    124.105   5.840  1.04659E+00  1.00276E+00  4.38257E-02
    9118.925    125.891   5.880  1.04885E+00  1.00242E+00  4.64250E-02
    9120.724    127.689   5.920  1.04889E+00  1.00204E+00  4.68448E-02
    9122.534    129.500   5.960  1.04654E+00  1.00162E+00  4.49192E-02
    9124.357    131.322   6.000  1.04190E+00  1.00113E+00  4.07738E-02
