# # comment:                                                     FEFF 9.9.1  
# # Source:
# # Structure
# # Reduced
# # space
# # abc:
# # angles:
# # sites:
# # POT  SCF 100  7.0000   0, screened core-hole, AFOLP (folp(0)= 1.150)
# # Abs   Z=29 Rmt= 1.346 Rnm= 1.406 K  shell
# # Pot 1 Z= 3 Rmt= 1.266 Rnm= 1.327
# # Pot 2 Z=29 Rmt= 1.332 Rnm= 1.394
# # Pot 3 Z=15 Rmt= 0.944 Rnm= 1.157
# # Pot 4 Z= 8 Rmt= 0.940 Rnm= 1.044
# # Gam_ch=1.729E+00 H-L exch Vi= 0.000E+00 Vr= 0.000E+00
# # Mu=-6.510E+00eV kf=2.373E+00 Vint=-1.758E+01eV Rs_int= 1.528
# FMS rfms= 9.0000
# # PATH  Rmax=-1.000,  Keep_limit= 0.00, Heap_limit 0.00  Pwcrit= 2.50%
#  S02=0.950  Temp=   0.00  Debye_temp=   0.00  Global_sig2= 0.00000
#  Energy zero shift, vr, vi    0.00000E+00   0.00000E+00
#  Curved wave amplitude ratio filter   4.000%
#     file         sig2 tot  cw amp ratio   deg  nlegs   reff  inp sig2
#     0/   0 paths used
#  xsedge+ 50, used to normalize mu           2.4683E-04
#  -----------------------------------------------------------------------
#  omega    e    k    mu    mu0     chi     @#
    8983.692    -10.320  -1.000  5.10298E-02  5.46289E-02 -3.59911E-03
    8983.991    -10.021  -0.960  5.44310E-02  5.86228E-02 -4.19187E-03
    8984.278     -9.735  -0.920  5.81766E-02  6.30649E-02 -4.88826E-03
    8984.552     -9.460  -0.880  6.23142E-02  6.80215E-02 -5.70730E-03
    8984.814     -9.198  -0.840  6.68988E-02  7.35704E-02 -6.67156E-03
    8985.064     -8.948  -0.800  7.19936E-02  7.98013E-02 -7.80769E-03
    8985.302     -8.710  -0.760  7.76707E-02  8.68175E-02 -9.14684E-03
    8985.527     -8.485  -0.720  8.40111E-02  9.47360E-02 -1.07248E-02
    8985.741     -8.271  -0.680  9.11034E-02  1.03685E-01 -1.25820E-02
    8985.942     -8.070  -0.640  9.90401E-02  1.13802E-01 -1.47616E-02
    8986.131     -7.881  -0.600  1.07912E-01  1.25219E-01 -1.73074E-02
    8986.308     -7.705  -0.560  1.17793E-01  1.38052E-01 -2.02582E-02
    8986.472     -7.540  -0.520  1.28729E-01  1.52368E-01 -2.36392E-02
    8986.625     -7.388  -0.480  1.40703E-01  1.68154E-01 -2.74509E-02
    8986.765     -7.247  -0.440  1.53615E-01  1.85270E-01 -3.16551E-02
    8986.893     -7.119  -0.400  1.67254E-01  2.03418E-01 -3.61641E-02
    8987.009     -7.004  -0.360  1.81287E-01  2.22124E-01 -4.08379E-02
    8987.112     -6.900  -0.320  1.95282E-01  2.40778E-01 -4.54961E-02
    8987.204     -6.808  -0.280  2.08754E-01  2.58698E-01 -4.99436E-02
    8987.283     -6.729  -0.240  2.21231E-01  2.75233E-01 -5.40016E-02
    8987.350     -6.662  -0.200  2.32305E-01  2.89838E-01 -5.75331E-02
    8987.405     -6.607  -0.160  2.41665E-01  3.02117E-01 -6.04518E-02
    8987.447     -6.565  -0.120  2.49098E-01  3.11817E-01 -6.27187E-02
    8987.478     -6.534  -0.080  2.54474E-01  3.18802E-01 -6.43279E-02
    8987.502     -6.510   0.000  2.58799E-01  3.24411E-01 -6.56126E-02
    8987.557     -6.455   0.120  2.68529E-01  3.37064E-01 -6.85352E-02
    8987.600     -6.412   0.160  2.76156E-01  3.46877E-01 -7.07213E-02
    8987.655     -6.357   0.200  2.85971E-01  3.59391E-01 -7.34202E-02
    8987.722     -6.290   0.240  2.97901E-01  3.74423E-01 -7.65217E-02
    8987.801     -6.211   0.280  3.11802E-01  3.91654E-01 -7.98526E-02
    8987.892     -6.120   0.320  3.27424E-01  4.10627E-01 -8.32031E-02
    8987.996     -6.016   0.360  3.44436E-01  4.30770E-01 -8.63342E-02
    8988.112     -5.900   0.400  3.62435E-01  4.51460E-01 -8.90253E-02
    8988.240     -5.772   0.440  3.81048E-01  4.72149E-01 -9.11006E-02
    8988.380     -5.632   0.480  3.99938E-01  4.92389E-01 -9.24510E-02
    8988.533     -5.480   0.520  4.18874E-01  5.11934E-01 -9.30604E-02
    8988.697     -5.315   0.560  4.37591E-01  5.30642E-01 -9.30510E-02
    8988.874     -5.138   0.600  4.55771E-01  5.48501E-01 -9.27306E-02
    8989.063     -4.949   0.640  4.72938E-01  5.65558E-01 -9.26201E-02
    8989.264     -4.748   0.680  4.88532E-01  5.81896E-01 -9.33638E-02
    8989.477     -4.535   0.720  5.02381E-01  5.97654E-01 -9.52728E-02
    8989.703     -4.309   0.760  5.15179E-01  6.12909E-01 -9.77296E-02
    8989.941     -4.071   0.800  5.29101E-01  6.27791E-01 -9.86894E-02
    8990.191     -3.821   0.840  5.47418E-01  6.42335E-01 -9.49174E-02
    8990.453     -3.559   0.880  5.73535E-01  6.56662E-01 -8.31278E-02
    8990.727     -3.285   0.920  6.08286E-01  6.70779E-01 -6.24927E-02
    8991.014     -2.998   0.960  6.47023E-01  6.84760E-01 -3.77372E-02
    8991.312     -2.700   1.000  6.79187E-01  6.98628E-01 -1.94412E-02
    8991.623     -2.389   1.040  6.94331E-01  7.12378E-01 -1.80467E-02
    8991.946     -2.066   1.080  6.91282E-01  7.26033E-01 -3.47517E-02
    8992.282     -1.730   1.120  6.78976E-01  7.39573E-01 -6.05977E-02
    8992.629     -1.383   1.160  6.68913E-01  7.53050E-01 -8.41375E-02
    8992.989     -1.023   1.200  6.69833E-01  7.66389E-01 -9.65560E-02
    8993.361     -0.652   1.240  6.85801E-01  7.79616E-01 -9.38151E-02
    8993.745     -0.267   1.280  7.14739E-01  7.92691E-01 -7.79525E-02
    8994.141      0.129   1.320  7.52251E-01  8.05612E-01 -5.33604E-02
    8994.549      0.537   1.360  7.97249E-01  8.18332E-01 -2.10827E-02
    8994.970      0.958   1.400  8.51642E-01  8.30865E-01  2.07765E-02
    8995.403      1.391   1.440  9.16080E-01  8.43145E-01  7.29347E-02
    8995.848      1.836   1.480  9.87910E-01  8.55183E-01  1.32727E-01
    8996.305      2.293   1.520  1.06161E+00  8.66930E-01  1.94678E-01
    8996.774      2.762   1.560  1.13027E+00  8.78357E-01  2.51913E-01
    8997.256      3.244   1.600  1.18619E+00  8.89475E-01  2.96715E-01
    8997.750      3.738   1.640  1.23013E+00  9.00215E-01  3.29913E-01
    8998.256      4.244   1.680  1.26676E+00  9.10609E-01  3.56155E-01
    8998.774      4.762   1.720  1.29156E+00  9.20588E-01  3.70977E-01
    8999.304      5.292   1.760  1.29148E+00  9.30166E-01  3.61317E-01
    8999.847      5.835   1.800  1.25654E+00  9.39336E-01  3.17205E-01
    9000.401      6.389   1.840  1.20279E+00  9.48053E-01  2.54739E-01
    9000.968      6.956   1.880  1.15855E+00  9.56312E-01  2.02239E-01
    9001.547      7.535   1.920  1.14109E+00  9.64109E-01  1.76986E-01
    9002.139      8.127   1.960  1.14686E+00  9.71462E-01  1.75396E-01
    9002.742      8.730   2.000  1.15730E+00  9.78329E-01  1.78975E-01
    9003.358      9.346   2.040  1.15469E+00  9.84732E-01  1.69954E-01
    9003.986      9.974   2.080  1.13406E+00  9.90670E-01  1.43391E-01
    9004.626     10.614   2.120  1.10226E+00  9.96125E-01  1.06134E-01
    9005.278     11.266   2.160  1.07119E+00  1.00112E+00  7.00656E-02
    9005.943     11.931   2.200  1.04927E+00  1.00568E+00  4.35854E-02
    9006.619     12.607   2.240  1.03841E+00  1.00977E+00  2.86406E-02
    9007.308     13.296   2.280  1.03620E+00  1.01343E+00  2.27697E-02
    9008.009     13.997   2.320  1.03450E+00  1.01668E+00  1.78287E-02
    9008.722     14.710   2.360  1.02573E+00  1.01949E+00  6.24419E-03
    9009.448     15.436   2.400  1.00978E+00  1.02194E+00 -1.21556E-02
    9010.185     16.173   2.440  9.89740E-01  1.02397E+00 -3.42282E-02
    9010.935     16.923   2.480  9.68484E-01  1.02565E+00 -5.71685E-02
    9011.697     17.685   2.520  9.48411E-01  1.02700E+00 -7.85898E-02
    9012.471     18.459   2.560  9.30967E-01  1.02802E+00 -9.70531E-02
    9013.258     19.246   2.600  9.17117E-01  1.02872E+00 -1.11602E-01
    9014.056     20.044   2.640  9.07877E-01  1.02913E+00 -1.21254E-01
    9014.867     20.855   2.680  9.02982E-01  1.02928E+00 -1.26301E-01
    9015.690     21.678   2.720  9.00911E-01  1.02919E+00 -1.28276E-01
    9016.525     22.513   2.760  9.01084E-01  1.02885E+00 -1.27766E-01
    9017.373     23.361   2.800  9.04830E-01  1.02828E+00 -1.23452E-01
    9018.232     24.220   2.840  9.10648E-01  1.02756E+00 -1.16909E-01
    9019.104     25.092   2.880  9.18561E-01  1.02662E+00 -1.08060E-01
    9019.988     25.976   2.920  9.27394E-01  1.02556E+00 -9.81707E-02
    9020.884     26.872   2.960  9.35819E-01  1.02436E+00 -8.85384E-02
    9021.792     27.780   3.000  9.43366E-01  1.02303E+00 -7.96602E-02
    9022.713     28.701   3.040  9.50128E-01  1.02158E+00 -7.14502E-02
    9023.645     29.633   3.080  9.56747E-01  1.02005E+00 -6.32989E-02
    9024.590     30.578   3.120  9.64120E-01  1.01846E+00 -5.43375E-02
    9025.547     31.535   3.160  9.72788E-01  1.01680E+00 -4.40096E-02
    9026.517     32.505   3.200  9.82449E-01  1.01512E+00 -3.26676E-02
    9027.498     33.486   3.240  9.92286E-01  1.01338E+00 -2.10918E-02
    9028.492     34.480   3.280  1.00119E+00  1.01165E+00 -1.04634E-02
    9029.497     35.485   3.320  1.00800E+00  1.00990E+00 -1.89464E-03
    9030.516     36.503   3.360  1.01230E+00  1.00815E+00  4.14957E-03
    9031.546     37.534   3.400  1.01439E+00  1.00643E+00  7.95974E-03
    9032.588     38.576   3.440  1.01493E+00  1.00474E+00  1.01969E-02
    9033.643     39.631   3.480  1.01473E+00  1.00309E+00  1.16454E-02
    9034.710     40.697   3.520  1.01447E+00  1.00146E+00  1.30133E-02
    9035.789     41.776   3.560  1.01475E+00  9.99889E-01  1.48593E-02
    9036.880     42.868   3.600  1.01597E+00  9.98393E-01  1.75793E-02
    9037.983     43.971   3.640  1.01833E+00  9.96949E-01  2.13784E-02
    9039.099     45.087   3.680  1.02187E+00  9.95580E-01  2.62897E-02
    9040.226     46.214   3.720  1.02645E+00  9.94290E-01  3.21592E-02
    9041.366     47.354   3.760  1.03177E+00  9.93078E-01  3.86937E-02
    9042.518     48.506   3.800  1.03740E+00  9.91946E-01  4.54518E-02
    9043.683     49.671   3.840  1.04273E+00  9.90897E-01  5.18332E-02
    9044.859     50.847   3.880  1.04717E+00  9.89933E-01  5.72370E-02
    9046.048     52.036   3.920  1.05031E+00  9.89075E-01  6.12319E-02
    9047.249     53.237   3.960  1.05193E+00  9.88304E-01  6.36229E-02
    9048.462     54.450   4.000  1.05206E+00  9.87618E-01  6.44422E-02
    9049.687     55.675   4.040  1.05100E+00  9.87041E-01  6.39618E-02
    9050.925     56.913   4.080  1.04894E+00  9.86550E-01  6.23886E-02
    9052.175     58.162   4.120  1.04586E+00  9.86146E-01  5.97134E-02
    9053.436     59.424   4.160  1.04155E+00  9.85849E-01  5.56988E-02
    9054.710     60.698   4.200  1.03573E+00  9.85637E-01  5.00949E-02
    9055.997     61.985   4.240  1.02835E+00  9.85510E-01  4.28423E-02
    9057.295     63.283   4.280  1.01972E+00  9.85465E-01  3.42529E-02
    9058.606     64.594   4.320  1.01040E+00  9.85525E-01  2.48740E-02
    9059.929     65.917   4.360  1.00084E+00  9.85644E-01  1.51911E-02
    9061.264     67.252   4.400  9.91388E-01  9.85864E-01  5.52326E-03
    9062.611     68.599   4.440  9.82229E-01  9.86141E-01 -3.91145E-03
    9063.970     69.958   4.480  9.73599E-01  9.86493E-01 -1.28944E-02
    9065.342     71.330   4.520  9.65819E-01  9.86921E-01 -2.11019E-02
    9066.726     72.714   4.560  9.59270E-01  9.87418E-01 -2.81485E-02
    9068.122     74.110   4.600  9.54219E-01  9.87942E-01 -3.37235E-02
    9069.530     75.518   4.640  9.50878E-01  9.88534E-01 -3.76555E-02
    9070.950     76.938   4.680  9.49261E-01  9.89190E-01 -3.99285E-02
    9072.383     78.371   4.720  9.49148E-01  9.89865E-01 -4.07173E-02
    9073.827     79.815   4.760  9.50293E-01  9.90577E-01 -4.02850E-02
    9075.284     81.272   4.800  9.52387E-01  9.91323E-01 -3.89361E-02
    9076.753     82.741   4.840  9.55105E-01  9.92080E-01 -3.69749E-02
    9078.235     84.223   4.880  9.58229E-01  9.92869E-01 -3.46398E-02
    9079.728     85.716   4.920  9.61621E-01  9.93685E-01 -3.20638E-02
    9081.234     87.222   4.960  9.65177E-01  9.94482E-01 -2.93050E-02
    9082.752     88.740   5.000  9.68963E-01  9.95300E-01 -2.63369E-02
    9084.282     90.270   5.040  9.72915E-01  9.96093E-01 -2.31783E-02
    9085.824     91.812   5.080  9.76898E-01  9.96880E-01 -1.99818E-02
    9087.379     93.367   5.120  9.80598E-01  9.97659E-01 -1.70610E-02
    9088.945     94.933   5.160  9.83606E-01  9.98405E-01 -1.47996E-02
    9090.524     96.512   5.200  9.85691E-01  9.99116E-01 -1.34258E-02
    9092.115     98.103   5.240  9.86964E-01  9.99813E-01 -1.28495E-02
    9093.719     99.707   5.280  9.87811E-01  1.00047E+00 -1.26585E-02
    9095.334    101.322   5.320  9.88790E-01  1.00106E+00 -1.22721E-02
    9096.962    102.950   5.360  9.90475E-01  1.00163E+00 -1.11581E-02
    9098.601    104.589   5.400  9.93108E-01  1.00214E+00 -9.02967E-03
    9100.253    106.241   5.440  9.96641E-01  1.00260E+00 -5.95447E-03
    9101.918    107.906   5.480  1.00071E+00  1.00301E+00 -2.29209E-03
    9103.594    109.582   5.520  1.00486E+00  1.00334E+00  1.51783E-03
    9105.283    111.271   5.560  1.00879E+00  1.00360E+00  5.18148E-03
    9106.983    112.971   5.600  1.01246E+00  1.00382E+00  8.64377E-03
    9108.696    114.684   5.640  1.01590E+00  1.00395E+00  1.19518E-02
    9110.422    116.409   5.680  1.01908E+00  1.00401E+00  1.50695E-02
    9112.159    118.147   5.720  1.02186E+00  1.00402E+00  1.78416E-02
    9113.908    119.896   5.760  1.02406E+00  1.00396E+00  2.01018E-02
    9115.670    121.658   5.800  1.02561E+00  1.00384E+00  2.17744E-02
    9117.444    123.432   5.840  1.02650E+00  1.00363E+00  2.28711E-02
    9119.230    125.218   5.880  1.02675E+00  1.00336E+00  2.33930E-02
    9121.029    127.016   5.920  1.02630E+00  1.00302E+00  2.32729E-02
    9122.839    128.827   5.960  1.02504E+00  1.00263E+00  2.24015E-02
    9124.662    130.650   6.000  1.02278E+00  1.00212E+00  2.06588E-02
