# # comment:                                                     FEFF 9.9.1  
# # Source:
# # Structure
# # Reduced
# # space
# # abc:
# # angles:109.471221
# # sites:
# # POT  SCF 100  7.0000   0, screened core-hole, AFOLP (folp(0)= 1.150)
# # Abs   Z=29 Rmt= 1.183 Rnm= 1.279 K  shell
# # Pot 1 Z=64 Rmt= 1.692 Rnm= 1.739
# # Pot 2 Z=25 Rmt= 1.286 Rnm= 1.393
# # Pot 3 Z=29 Rmt= 1.183 Rnm= 1.279
# # Pot 4 Z= 8 Rmt= 1.025 Rnm= 1.096
# # Gam_ch=1.729E+00 H-L exch Vi= 0.000E+00 Vr= 0.000E+00
# # Mu=-1.002E+01eV kf=2.186E+00 Vint=-1.818E+01eV Rs_int= 1.659
# FMS rfms= 9.0000
# # PATH  Rmax=-1.000,  Keep_limit= 0.00, Heap_limit 0.00  Pwcrit= 2.50%
#  S02=0.950  Temp=   0.00  Debye_temp=   0.00  Global_sig2= 0.00000
#  Energy zero shift, vr, vi    0.00000E+00   0.00000E+00
#  Curved wave amplitude ratio filter   4.000%
#     file         sig2 tot  cw amp ratio   deg  nlegs   reff  inp sig2
#     0/   0 paths used
#  xsedge+ 50, used to normalize mu           2.4804E-04
#  -----------------------------------------------------------------------
#  omega    e    k    mu    mu0     chi     @#
    8984.503    -13.827  -1.000  3.44305E-02  5.11276E-02 -1.66971E-02
    8984.802    -13.528  -0.960  3.61002E-02  5.47510E-02 -1.86509E-02
    8985.088    -13.242  -0.920  3.78815E-02  5.87694E-02 -2.08880E-02
    8985.363    -12.967  -0.880  3.97848E-02  6.32403E-02 -2.34554E-02
    8985.625    -12.705  -0.840  4.18219E-02  6.82303E-02 -2.64084E-02
    8985.875    -12.455  -0.800  4.40057E-02  7.38169E-02 -2.98112E-02
    8986.113    -12.217  -0.760  4.63508E-02  8.00886E-02 -3.37378E-02
    8986.338    -11.992  -0.720  4.88730E-02  8.71455E-02 -3.82725E-02
    8986.551    -11.778  -0.680  5.15891E-02  9.50976E-02 -4.35085E-02
    8986.753    -11.577  -0.640  5.45161E-02  1.04061E-01 -4.95448E-02
    8986.942    -11.388  -0.600  5.76689E-02  1.14149E-01 -5.64801E-02
    8987.118    -11.212  -0.560  6.10578E-02  1.25459E-01 -6.44010E-02
    8987.283    -11.047  -0.520  6.46830E-02  1.38047E-01 -7.33639E-02
    8987.435    -10.895  -0.480  6.85290E-02  1.51900E-01 -8.33707E-02
    8987.576    -10.754  -0.440  7.25563E-02  1.66896E-01 -9.43394E-02
    8987.704    -10.626  -0.400  7.66964E-02  1.82776E-01 -1.06079E-01
    8987.819    -10.511  -0.360  8.08513E-02  1.99133E-01 -1.18282E-01
    8987.923    -10.407  -0.320  8.49015E-02  2.15441E-01 -1.30539E-01
    8988.015    -10.315  -0.280  8.87214E-02  2.31111E-01 -1.42389E-01
    8988.094    -10.236  -0.240  9.21971E-02  2.45579E-01 -1.53381E-01
    8988.161    -10.169  -0.200  9.52391E-02  2.58369E-01 -1.63130E-01
    8988.216    -10.114  -0.160  9.77853E-02  2.69134E-01 -1.71349E-01
    8988.258    -10.072  -0.120  9.97968E-02  2.77649E-01 -1.77852E-01
    8988.289    -10.041  -0.080  1.01250E-01  2.83785E-01 -1.82536E-01
    8988.313    -10.017   0.000  1.02428E-01  2.88718E-01 -1.86290E-01
    8988.368     -9.962   0.120  1.05168E-01  2.99853E-01 -1.94685E-01
    8988.411     -9.919   0.160  1.07252E-01  3.08506E-01 -2.01253E-01
    8988.466     -9.864   0.200  1.09933E-01  3.19559E-01 -2.09626E-01
    8988.533     -9.797   0.240  1.13205E-01  3.32894E-01 -2.19690E-01
    8988.612     -9.718   0.280  1.17084E-01  3.48239E-01 -2.31154E-01
    8988.703     -9.627   0.320  1.21584E-01  3.65202E-01 -2.43618E-01
    8988.807     -9.523   0.360  1.26849E-01  3.83341E-01 -2.56492E-01
    8988.923     -9.407   0.400  1.33018E-01  4.02141E-01 -2.69123E-01
    8989.051     -9.279   0.440  1.40331E-01  4.21153E-01 -2.80822E-01
    8989.191     -9.139   0.480  1.49013E-01  4.40027E-01 -2.91014E-01
    8989.343     -8.987   0.520  1.59135E-01  4.58521E-01 -2.99385E-01
    8989.508     -8.822   0.560  1.70546E-01  4.76533E-01 -3.05987E-01
    8989.685     -8.645   0.600  1.82648E-01  4.94034E-01 -3.11386E-01
    8989.874     -8.456   0.640  1.94721E-01  5.11054E-01 -3.16333E-01
    8990.075     -8.255   0.680  2.06309E-01  5.27694E-01 -3.21385E-01
    8990.288     -8.042   0.720  2.17342E-01  5.43988E-01 -3.26646E-01
    8990.514     -7.816   0.760  2.28258E-01  5.60047E-01 -3.31789E-01
    8990.752     -7.578   0.800  2.39939E-01  5.75933E-01 -3.35994E-01
    8991.002     -7.328   0.840  2.54395E-01  5.91678E-01 -3.37283E-01
    8991.264     -7.066   0.880  2.75825E-01  6.07340E-01 -3.31515E-01
    8991.538     -6.792   0.920  3.10200E-01  6.22945E-01 -3.12745E-01
    8991.825     -6.505   0.960  3.63329E-01  6.38509E-01 -2.75180E-01
    8992.123     -6.207   1.000  4.36251E-01  6.54017E-01 -2.17767E-01
    8992.434     -5.896   1.040  5.16528E-01  6.69488E-01 -1.52960E-01
    8992.757     -5.573   1.080  5.80668E-01  6.84892E-01 -1.04224E-01
    8993.092     -5.237   1.120  6.26867E-01  7.00235E-01 -7.33683E-02
    8993.440     -4.890   1.160  6.83163E-01  7.15475E-01 -3.23117E-02
    8993.800     -4.530   1.200  7.55995E-01  7.30570E-01  2.54257E-02
    8994.171     -4.159   1.240  7.94163E-01  7.45512E-01  4.86507E-02
    8994.555     -3.774   1.280  7.44894E-01  7.60275E-01 -1.53814E-02
    8994.952     -3.378   1.320  6.37592E-01  7.74828E-01 -1.37236E-01
    8995.360     -2.970   1.360  5.41166E-01  7.89118E-01 -2.47952E-01
    8995.781     -2.549   1.400  4.90654E-01  8.03113E-01 -3.12459E-01
    8996.214     -2.116   1.440  4.84941E-01  8.16801E-01 -3.31860E-01
    8996.659     -1.671   1.480  5.08133E-01  8.30131E-01 -3.21997E-01
    8997.116     -1.214   1.520  5.43714E-01  8.43088E-01 -2.99374E-01
    8997.585     -0.745   1.560  5.84719E-01  8.55643E-01 -2.70923E-01
    8998.067     -0.263   1.600  6.34683E-01  8.67744E-01 -2.33061E-01
    8998.561      0.231   1.640  6.92651E-01  8.79424E-01 -1.86772E-01
    8999.067      0.737   1.680  7.42738E-01  8.90614E-01 -1.47877E-01
    8999.585      1.255   1.720  7.77932E-01  9.01306E-01 -1.23374E-01
    9000.115      1.785   1.760  8.16762E-01  9.11515E-01 -9.47532E-02
    9000.658      2.328   1.800  8.65358E-01  9.21219E-01 -5.58611E-02
    9001.212      2.882   1.840  9.08736E-01  9.30393E-01 -2.16572E-02
    9001.779      3.449   1.880  9.33453E-01  9.39035E-01 -5.58192E-03
    9002.358      4.028   1.920  9.52095E-01  9.47166E-01  4.92920E-03
    9002.950      4.620   1.960  1.00385E+00  9.54768E-01  4.90870E-02
    9003.553      5.223   2.000  1.09508E+00  9.61843E-01  1.33232E-01
    9004.169      5.839   2.040  1.17347E+00  9.68415E-01  2.05059E-01
    9004.797      6.467   2.080  1.20961E+00  9.74489E-01  2.35122E-01
    9005.437      7.107   2.120  1.23545E+00  9.80070E-01  2.55375E-01
    9006.089      7.759   2.160  1.27418E+00  9.85166E-01  2.89018E-01
    9006.754      8.424   2.200  1.33838E+00  9.89803E-01  3.48580E-01
    9007.430      9.100   2.240  1.42470E+00  9.93988E-01  4.30708E-01
    9008.119      9.789   2.280  1.48489E+00  9.97730E-01  4.87161E-01
    9008.820     10.490   2.320  1.48454E+00  1.00104E+00  4.83503E-01
    9009.533     11.203   2.360  1.44393E+00  1.00399E+00  4.39942E-01
    9010.259     11.929   2.400  1.38525E+00  1.00652E+00  3.78731E-01
    9010.996     12.666   2.440  1.31552E+00  1.00870E+00  3.06819E-01
    9011.746     13.416   2.480  1.24184E+00  1.01056E+00  2.31281E-01
    9012.508     14.178   2.520  1.17842E+00  1.01209E+00  1.66332E-01
    9013.282     14.952   2.560  1.13264E+00  1.01331E+00  1.19330E-01
    9014.069     15.739   2.600  1.10125E+00  1.01426E+00  8.69903E-02
    9014.867     16.537   2.640  1.07292E+00  1.01494E+00  5.79759E-02
    9015.678     17.348   2.680  1.04194E+00  1.01540E+00  2.65468E-02
    9016.501     18.171   2.720  1.01403E+00  1.01562E+00 -1.59087E-03
    9017.336     19.006   2.760  9.93716E-01  1.01564E+00 -2.19245E-02
    9018.183     19.854   2.800  9.81184E-01  1.01546E+00 -3.42790E-02
    9019.043     20.713   2.840  9.74288E-01  1.01512E+00 -4.08303E-02
    9019.915     21.585   2.880  9.68621E-01  1.01464E+00 -4.60155E-02
    9020.799     22.469   2.920  9.60263E-01  1.01401E+00 -5.37425E-02
    9021.695     23.365   2.960  9.47538E-01  1.01327E+00 -6.57360E-02
    9022.603     24.273   3.000  9.30631E-01  1.01243E+00 -8.17949E-02
    9023.524     25.194   3.040  9.11335E-01  1.01147E+00 -1.00135E-01
    9024.456     26.126   3.080  8.92821E-01  1.01045E+00 -1.17633E-01
    9025.401     27.071   3.120  8.78183E-01  1.00936E+00 -1.31181E-01
    9026.358     28.028   3.160  8.68845E-01  1.00823E+00 -1.39380E-01
    9027.327     28.997   3.200  8.64783E-01  1.00704E+00 -1.42261E-01
    9028.309     29.979   3.240  8.65076E-01  1.00583E+00 -1.40750E-01
    9029.303     30.973   3.280  8.68011E-01  1.00460E+00 -1.36587E-01
    9030.308     31.978   3.320  8.72157E-01  1.00334E+00 -1.31183E-01
    9031.326     32.996   3.360  8.76840E-01  1.00210E+00 -1.25260E-01
    9032.357     34.027   3.400  8.81516E-01  1.00084E+00 -1.19324E-01
    9033.399     35.069   3.440  8.85596E-01  9.99605E-01 -1.14009E-01
    9034.454     36.124   3.480  8.88715E-01  9.98377E-01 -1.09662E-01
    9035.520     37.190   3.520  8.91139E-01  9.97181E-01 -1.06043E-01
    9036.599     38.269   3.560  8.93746E-01  9.96020E-01 -1.02274E-01
    9037.691     39.361   3.600  8.97926E-01  9.94873E-01 -9.69476E-02
    9038.794     40.464   3.640  9.04933E-01  9.93787E-01 -8.88544E-02
    9039.910     41.580   3.680  9.15302E-01  9.92741E-01 -7.74391E-02
    9041.037     42.707   3.720  9.28745E-01  9.91718E-01 -6.29731E-02
    9042.177     43.847   3.760  9.44549E-01  9.90780E-01 -4.62313E-02
    9043.329     44.999   3.800  9.61333E-01  9.89866E-01 -2.85331E-02
    9044.494     46.164   3.840  9.77354E-01  9.89018E-01 -1.16645E-02
    9045.670     47.340   3.880  9.90737E-01  9.88218E-01  2.51876E-03
    9046.859     48.529   3.920  9.99919E-01  9.87488E-01  1.24308E-02
    9048.060     49.730   3.960  1.00407E+00  9.86807E-01  1.72595E-02
    9049.273     50.943   4.000  1.00364E+00  9.86194E-01  1.74432E-02
    9050.498     52.168   4.040  1.00044E+00  9.85631E-01  1.48122E-02
    9051.736     53.406   4.080  9.97244E-01  9.85138E-01  1.21061E-02
    9052.985     54.655   4.120  9.96748E-01  9.84694E-01  1.20540E-02
    9054.247     55.917   4.160  1.00078E+00  9.84320E-01  1.64628E-02
    9055.521     57.191   4.200  1.00946E+00  9.83994E-01  2.54647E-02
    9056.808     58.478   4.240  1.02122E+00  9.83738E-01  3.74800E-02
    9058.106     59.776   4.280  1.03363E+00  9.83531E-01  5.01018E-02
    9059.417     61.087   4.320  1.04467E+00  9.83391E-01  6.12759E-02
    9060.739     62.410   4.360  1.05326E+00  9.83297E-01  6.99586E-02
    9062.075     63.745   4.400  1.05914E+00  9.83246E-01  7.58895E-02
    9063.422     65.092   4.440  1.06205E+00  9.83240E-01  7.88132E-02
    9064.781     66.451   4.480  1.06119E+00  9.83299E-01  7.78908E-02
    9066.153     67.823   4.520  1.05600E+00  9.83402E-01  7.26017E-02
    9067.537     69.207   4.560  1.04750E+00  9.83544E-01  6.39573E-02
    9068.932     70.603   4.600  1.03820E+00  9.83724E-01  5.44758E-02
    9070.341     72.011   4.640  1.03091E+00  9.83922E-01  4.69890E-02
    9071.761     73.431   4.680  1.02758E+00  9.84179E-01  4.34000E-02
    9073.194     74.864   4.720  1.02857E+00  9.84472E-01  4.40935E-02
    9074.638     76.308   4.760  1.03298E+00  9.84778E-01  4.82045E-02
    9076.095     77.765   4.800  1.03932E+00  9.85114E-01  5.42053E-02
    9077.564     79.234   4.840  1.04583E+00  9.85462E-01  6.03695E-02
    9079.046     80.716   4.880  1.05077E+00  9.85838E-01  6.49346E-02
    9080.539     82.209   4.920  1.05242E+00  9.86222E-01  6.62014E-02
    9082.045     83.715   4.960  1.04966E+00  9.86634E-01  6.30237E-02
    9083.563     85.233   5.000  1.04255E+00  9.87050E-01  5.54970E-02
    9085.093     86.763   5.040  1.03239E+00  9.87468E-01  4.49177E-02
    9086.635     88.305   5.080  1.02086E+00  9.87886E-01  3.29741E-02
    9088.190     89.860   5.120  1.00915E+00  9.88303E-01  2.08430E-02
    9089.756     91.426   5.160  9.97504E-01  9.88719E-01  8.78492E-03
    9091.335     93.005   5.200  9.85462E-01  9.89132E-01 -3.66984E-03
    9092.926     94.596   5.240  9.72315E-01  9.89541E-01 -1.72262E-02
    9094.529     96.200   5.280  9.57678E-01  9.89921E-01 -3.22426E-02
    9096.145     97.815   5.320  9.41992E-01  9.90295E-01 -4.83022E-02
    9097.773     99.443   5.360  9.26388E-01  9.90661E-01 -6.42731E-02
    9099.412    101.082   5.400  9.12276E-01  9.90997E-01 -7.87205E-02
    9101.064    102.734   5.440  9.01086E-01  9.91324E-01 -9.02373E-02
    9102.729    104.399   5.480  8.93918E-01  9.91617E-01 -9.76981E-02
    9104.405    106.075   5.520  8.91354E-01  9.91897E-01 -1.00543E-01
    9106.094    107.764   5.560  8.93377E-01  9.92119E-01 -9.87415E-02
    9107.794    109.464   5.600  8.99793E-01  9.92328E-01 -9.25353E-02
    9109.507    111.177   5.640  9.10366E-01  9.92525E-01 -8.21594E-02
    9111.232    112.902   5.680  9.24868E-01  9.92663E-01 -6.77950E-02
    9112.970    114.640   5.720  9.42917E-01  9.92786E-01 -4.98683E-02
    9114.719    116.389   5.760  9.63521E-01  9.92872E-01 -2.93504E-02
    9116.481    118.151   5.800  9.85055E-01  9.92919E-01 -7.86376E-03
    9118.255    119.925   5.840  1.00556E+00  9.92928E-01  1.26334E-02
    9120.041    121.711   5.880  1.02312E+00  9.92897E-01  3.02278E-02
    9121.839    123.509   5.920  1.03603E+00  9.92827E-01  4.32050E-02
    9123.650    125.320   5.960  1.04287E+00  9.92714E-01  5.01579E-02
    9125.473    127.143   6.000  1.04253E+00  9.92541E-01  4.99879E-02
