# # comment:                                                     FEFF 9.9.1  
# # Source:
# # Structure
# # Reduced
# # space
# # abc:
# # angles:
# # sites:
# # POT  SCF 100  7.0000   0, screened core-hole, AFOLP (folp(0)= 1.150)
# # Abs   Z=29 Rmt= 1.234 Rnm= 1.300 K  shell
# # Pot 1 Z=30 Rmt= 1.266 Rnm= 1.415
# # Pot 2 Z=29 Rmt= 1.238 Rnm= 1.304
# # Pot 3 Z= 8 Rmt= 1.042 Rnm= 1.118
# # Gam_ch=1.729E+00 H-L exch Vi= 0.000E+00 Vr= 0.000E+00
# # Mu=-8.750E+00eV kf=2.129E+00 Vint=-1.564E+01eV Rs_int= 1.703
# FMS rfms= 9.0000
# # PATH  Rmax=-1.000,  Keep_limit= 0.00, Heap_limit 0.00  Pwcrit= 2.50%
#  S02=0.950  Temp=   0.00  Debye_temp=   0.00  Global_sig2= 0.00000
#  Energy zero shift, vr, vi    0.00000E+00   0.00000E+00
#  Curved wave amplitude ratio filter   4.000%
#     file         sig2 tot  cw amp ratio   deg  nlegs   reff  inp sig2
#     0/   0 paths used
#  xsedge+ 50, used to normalize mu           2.4476E-04
#  -----------------------------------------------------------------------
#  omega    e    k    mu    mu0     chi     @#
    8983.847    -12.560  -1.000  2.75909E-02  5.06561E-02 -2.30652E-02
    8984.146    -12.262  -0.960  2.85912E-02  5.41958E-02 -2.56046E-02
    8984.433    -11.975  -0.920  2.96350E-02  5.81148E-02 -2.84797E-02
    8984.707    -11.701  -0.880  3.07260E-02  6.24675E-02 -3.17415E-02
    8984.969    -11.439  -0.840  3.18684E-02  6.73171E-02 -3.54487E-02
    8985.219    -11.189  -0.800  3.30669E-02  7.27365E-02 -3.96696E-02
    8985.457    -10.951  -0.760  3.43276E-02  7.88092E-02 -4.44816E-02
    8985.682    -10.725  -0.720  3.56569E-02  8.56293E-02 -4.99724E-02
    8985.896    -10.512  -0.680  3.70623E-02  9.33000E-02 -5.62377E-02
    8986.097    -10.311  -0.640  3.85515E-02  1.01930E-01 -6.33786E-02
    8986.286    -10.122  -0.600  4.01319E-02  1.11626E-01 -7.14940E-02
    8986.463     -9.945  -0.560  4.18089E-02  1.22477E-01 -8.06685E-02
    8986.627     -9.781  -0.520  4.35837E-02  1.34537E-01 -9.09533E-02
    8986.780     -9.628  -0.480  4.54501E-02  1.47790E-01 -1.02340E-01
    8986.920     -9.488  -0.440  4.73909E-02  1.62122E-01 -1.14731E-01
    8987.048     -9.360  -0.400  4.93752E-02  1.77286E-01 -1.27911E-01
    8987.164     -9.244  -0.360  5.13577E-02  1.92899E-01 -1.41541E-01
    8987.267     -9.140  -0.320  5.32826E-02  2.08462E-01 -1.55179E-01
    8987.359     -9.049  -0.280  5.50914E-02  2.23420E-01 -1.68329E-01
    8987.438     -8.970  -0.240  5.67313E-02  2.37237E-01 -1.80506E-01
    8987.505     -8.903  -0.200  5.81620E-02  2.49461E-01 -1.91299E-01
    8987.560     -8.848  -0.160  5.93573E-02  2.59757E-01 -2.00399E-01
    8987.603     -8.805  -0.120  6.03030E-02  2.67906E-01 -2.07603E-01
    8987.633     -8.775  -0.080  6.09913E-02  2.73785E-01 -2.12793E-01
    8987.657     -8.750   0.000  6.15672E-02  2.78513E-01 -2.16946E-01
    8987.712     -8.695   0.120  6.28900E-02  2.89177E-01 -2.26287E-01
    8987.755     -8.653   0.160  6.38747E-02  2.97497E-01 -2.33622E-01
    8987.810     -8.598   0.200  6.50809E-02  3.08134E-01 -2.43053E-01
    8987.877     -8.531   0.240  6.64860E-02  3.20988E-01 -2.54502E-01
    8987.956     -8.452   0.280  6.80473E-02  3.35798E-01 -2.67751E-01
    8988.048     -8.360   0.320  6.97361E-02  3.52270E-01 -2.82534E-01
    8988.151     -8.257   0.360  7.15166E-02  3.69967E-01 -2.98451E-01
    8988.267     -8.141   0.400  7.33400E-02  3.88400E-01 -3.15060E-01
    8988.395     -8.013   0.440  7.52589E-02  4.07199E-01 -3.31940E-01
    8988.535     -7.872   0.480  7.73108E-02  4.26026E-01 -3.48716E-01
    8988.688     -7.720   0.520  7.95431E-02  4.44658E-01 -3.65115E-01
    8988.852     -7.555   0.560  8.20554E-02  4.62979E-01 -3.80923E-01
    8989.029     -7.379   0.600  8.49789E-02  4.80999E-01 -3.96020E-01
    8989.218     -7.190   0.640  8.83865E-02  4.98722E-01 -4.10335E-01
    8989.419     -6.989   0.680  9.24539E-02  5.16197E-01 -4.23743E-01
    8989.633     -6.775   0.720  9.73459E-02  5.33505E-01 -4.36159E-01
    8989.858     -6.550   0.760  1.03288E-01  5.50703E-01 -4.47416E-01
    8990.096     -6.312   0.800  1.10414E-01  5.67821E-01 -4.57407E-01
    8990.346     -6.062   0.840  1.18799E-01  5.84915E-01 -4.66116E-01
    8990.608     -5.800   0.880  1.28269E-01  6.01991E-01 -4.73722E-01
    8990.882     -5.526   0.920  1.38737E-01  6.19084E-01 -4.80347E-01
    8991.169     -5.239   0.960  1.50450E-01  6.36155E-01 -4.85706E-01
    8991.467     -4.940   1.000  1.63878E-01  6.53200E-01 -4.89322E-01
    8991.778     -4.629   1.040  1.78612E-01  6.70204E-01 -4.91591E-01
    8992.101     -4.306   1.080  1.93555E-01  6.87148E-01 -4.93594E-01
    8992.437     -3.971   1.120  2.08863E-01  7.03988E-01 -4.95125E-01
    8992.784     -3.624   1.160  2.25497E-01  7.20671E-01 -4.95174E-01
    8993.144     -3.264   1.200  2.43197E-01  7.37187E-01 -4.93991E-01
    8993.516     -2.892   1.240  2.63113E-01  7.53461E-01 -4.90348E-01
    8993.900     -2.508   1.280  2.88102E-01  7.69456E-01 -4.81354E-01
    8994.296     -2.112   1.320  3.17309E-01  7.85135E-01 -4.67826E-01
    8994.704     -1.703   1.360  3.47328E-01  8.00461E-01 -4.53133E-01
    8995.125     -1.283   1.400  3.79594E-01  8.15377E-01 -4.35783E-01
    8995.558     -0.850   1.440  4.20732E-01  8.29845E-01 -4.09113E-01
    8996.003     -0.405   1.480  4.76399E-01  8.43851E-01 -3.67451E-01
    8996.460      0.052   1.520  5.46331E-01  8.57362E-01 -3.11031E-01
    8996.929      0.522   1.560  6.23182E-01  8.70303E-01 -2.47121E-01
    8997.411      1.003   1.600  7.00263E-01  8.82705E-01 -1.82442E-01
    8997.905      1.497   1.640  7.73156E-01  8.94540E-01 -1.21384E-01
    8998.411      2.003   1.680  8.35593E-01  9.05759E-01 -7.01658E-02
    8998.929      2.521   1.720  8.99481E-01  9.16357E-01 -1.68757E-02
    8999.459      3.052   1.760  9.87696E-01  9.26374E-01  6.13218E-02
    9000.002      3.594   1.800  1.10309E+00  9.35747E-01  1.67345E-01
    9000.557      4.149   1.840  1.23666E+00  9.44496E-01  2.92168E-01
    9001.123      4.716   1.880  1.38180E+00  9.52648E-01  4.29149E-01
    9001.703      5.295   1.920  1.55287E+00  9.60206E-01  5.92665E-01
    9002.294      5.886   1.960  1.76381E+00  9.67154E-01  7.96660E-01
    9002.897      6.490   2.000  1.97478E+00  9.73520E-01  1.00126E+00
    9003.513      7.105   2.040  2.09181E+00  9.79314E-01  1.11249E+00
    9004.141      7.733   2.080  2.03711E+00  9.84564E-01  1.05255E+00
    9004.781      8.373   2.120  1.81643E+00  9.89302E-01  8.27129E-01
    9005.433      9.026   2.160  1.53235E+00  9.93521E-01  5.38834E-01
    9006.098      9.690   2.200  1.31213E+00  9.97271E-01  3.14855E-01
    9006.774     10.367   2.240  1.18100E+00  1.00056E+00  1.80439E-01
    9007.463     11.056   2.280  1.09833E+00  1.00341E+00  9.49151E-02
    9008.164     11.757   2.320  1.03147E+00  1.00587E+00  2.55960E-02
    9008.878     12.470   2.360  9.76218E-01  1.00793E+00 -3.17158E-02
    9009.603     13.195   2.400  9.36855E-01  1.00963E+00 -7.27767E-02
    9010.341     13.933   2.440  9.06886E-01  1.01102E+00 -1.04132E-01
    9011.090     14.683   2.480  8.84022E-01  1.01209E+00 -1.28065E-01
    9011.852     15.445   2.520  8.87749E-01  1.01289E+00 -1.25141E-01
    9012.627     16.219   2.560  9.38187E-01  1.01342E+00 -7.52332E-02
    9013.413     17.005   2.600  9.96616E-01  1.01373E+00 -1.71118E-02
    9014.211     17.804   2.640  1.03996E+00  1.01380E+00  2.61564E-02
    9015.022     18.615   2.680  1.06463E+00  1.01370E+00  5.09297E-02
    9015.845     19.438   2.720  1.07243E+00  1.01343E+00  5.89919E-02
    9016.680     20.273   2.760  1.06433E+00  1.01301E+00  5.13228E-02
    9017.528     21.120   2.800  1.04219E+00  1.01245E+00  2.97365E-02
    9018.387     21.980   2.840  1.01025E+00  1.01177E+00 -1.52820E-03
    9019.259     22.851   2.880  9.73610E-01  1.01101E+00 -3.73986E-02
    9020.143     23.735   2.920  9.36848E-01  1.01018E+00 -7.33336E-02
    9021.039     24.631   2.960  9.03688E-01  1.00926E+00 -1.05571E-01
    9021.947     25.540   3.000  8.75771E-01  1.00831E+00 -1.32539E-01
    9022.868     26.460   3.040  8.52890E-01  1.00730E+00 -1.54411E-01
    9023.800     27.393   3.080  8.34609E-01  1.00628E+00 -1.71668E-01
    9024.745     28.338   3.120  8.19636E-01  1.00524E+00 -1.85608E-01
    9025.702     29.295   3.160  8.07211E-01  1.00421E+00 -1.96998E-01
    9026.672     30.264   3.200  7.97485E-01  1.00315E+00 -2.05670E-01
    9027.653     31.245   3.240  7.91166E-01  1.00215E+00 -2.10982E-01
    9028.647     32.239   3.280  7.88936E-01  1.00113E+00 -2.12192E-01
    9029.653     33.245   3.320  7.91532E-01  1.00017E+00 -2.08633E-01
    9030.671     34.263   3.360  7.99258E-01  9.99219E-01 -1.99961E-01
    9031.701     35.293   3.400  8.11284E-01  9.98335E-01 -1.87051E-01
    9032.743     36.336   3.440  8.26464E-01  9.97494E-01 -1.71030E-01
    9033.798     37.390   3.480  8.43766E-01  9.96697E-01 -1.52932E-01
    9034.865     38.457   3.520  8.62466E-01  9.95948E-01 -1.33482E-01
    9035.944     39.536   3.560  8.82324E-01  9.95269E-01 -1.12945E-01
    9037.035     40.627   3.600  9.03529E-01  9.94662E-01 -9.11325E-02
    9038.138     41.730   3.640  9.26218E-01  9.94104E-01 -6.78860E-02
    9039.254     42.846   3.680  9.50320E-01  9.93599E-01 -4.32788E-02
    9040.382     43.974   3.720  9.75610E-01  9.93190E-01 -1.75799E-02
    9041.521     45.114   3.760  1.00138E+00  9.92833E-01  8.54496E-03
    9042.674     46.266   3.800  1.02623E+00  9.92551E-01  3.36806E-02
    9043.838     47.430   3.840  1.04859E+00  9.92323E-01  5.62701E-02
    9045.014     48.607   3.880  1.06753E+00  9.92189E-01  7.53396E-02
    9046.203     49.795   3.920  1.08319E+00  9.92088E-01  9.11023E-02
    9047.404     50.996   3.960  1.09708E+00  9.92081E-01  1.05000E-01
    9048.617     52.209   4.000  1.11115E+00  9.92126E-01  1.19024E-01
    9049.842     53.435   4.040  1.12668E+00  9.92244E-01  1.34431E-01
    9051.080     54.672   4.080  1.14308E+00  9.92411E-01  1.50668E-01
    9052.330     55.922   4.120  1.15809E+00  9.92647E-01  1.65446E-01
    9053.591     57.184   4.160  1.16852E+00  9.92932E-01  1.75591E-01
    9054.866     58.458   4.200  1.17149E+00  9.93263E-01  1.78222E-01
    9056.152     59.744   4.240  1.16555E+00  9.93661E-01  1.71888E-01
    9057.450     61.043   4.280  1.15136E+00  9.94101E-01  1.57262E-01
    9058.761     62.353   4.320  1.13137E+00  9.94583E-01  1.36787E-01
    9060.084     63.676   4.360  1.10883E+00  9.95105E-01  1.13723E-01
    9061.419     65.011   4.400  1.08652E+00  9.95664E-01  9.08532E-02
    9062.766     66.358   4.440  1.06581E+00  9.96238E-01  6.95695E-02
    9064.125     67.718   4.480  1.04684E+00  9.96868E-01  4.99727E-02
    9065.497     69.089   4.520  1.02912E+00  9.97509E-01  3.16137E-02
    9066.881     70.473   4.560  1.01241E+00  9.98158E-01  1.42555E-02
    9068.277     71.869   4.600  9.97055E-01  9.98836E-01 -1.78104E-03
    9069.685     73.277   4.640  9.83718E-01  9.99520E-01 -1.58027E-02
    9071.105     74.698   4.680  9.72930E-01  1.00023E+00 -2.73009E-02
    9072.538     76.130   4.720  9.64723E-01  1.00094E+00 -3.62212E-02
    9073.983     77.575   4.760  9.58948E-01  1.00163E+00 -4.26844E-02
    9075.439     79.032   4.800  9.55603E-01  1.00234E+00 -4.67369E-02
    9076.909     80.501   4.840  9.54598E-01  1.00302E+00 -4.84229E-02
    9078.390     81.982   4.880  9.55754E-01  1.00370E+00 -4.79430E-02
    9079.883     83.476   4.920  9.58527E-01  1.00437E+00 -4.58386E-02
    9081.389     84.981   4.960  9.62193E-01  1.00500E+00 -4.28106E-02
    9082.907     86.499   5.000  9.66007E-01  1.00563E+00 -3.96229E-02
    9084.437     88.029   5.040  9.69132E-01  1.00622E+00 -3.70906E-02
    9085.979     89.572   5.080  9.70878E-01  1.00680E+00 -3.59232E-02
    9087.534     91.126   5.120  9.70924E-01  1.00732E+00 -3.63963E-02
    9089.101     92.693   5.160  9.69978E-01  1.00782E+00 -3.78435E-02
    9090.679     94.272   5.200  9.69620E-01  1.00829E+00 -3.86653E-02
    9092.270     95.863   5.240  9.71474E-01  1.00871E+00 -3.72316E-02
    9093.874     97.466   5.280  9.76173E-01  1.00908E+00 -3.29100E-02
    9095.489     99.081   5.320  9.82960E-01  1.00940E+00 -2.64353E-02
    9097.117    100.709   5.360  9.90507E-01  1.00969E+00 -1.91787E-02
    9098.757    102.349   5.400  9.97505E-01  1.00991E+00 -1.24080E-02
    9100.409    104.001   5.440  1.00320E+00  1.01012E+00 -6.91789E-03
    9102.073    105.665   5.480  1.00685E+00  1.01025E+00 -3.40059E-03
    9103.749    107.341   5.520  1.00764E+00  1.01034E+00 -2.70229E-03
    9105.438    109.030   5.560  1.00489E+00  1.01037E+00 -5.48112E-03
    9107.139    110.731   5.600  9.98745E-01  1.01037E+00 -1.16225E-02
    9108.851    112.444   5.640  9.89753E-01  1.01030E+00 -2.05460E-02
    9110.577    114.169   5.680  9.78151E-01  1.01018E+00 -3.20336E-02
    9112.314    115.906   5.720  9.63752E-01  1.01000E+00 -4.62525E-02
    9114.064    117.656   5.760  9.47159E-01  1.00980E+00 -6.26436E-02
    9115.825    119.418   5.800  9.30536E-01  1.00953E+00 -7.89985E-02
    9117.599    121.192   5.840  9.17237E-01  1.00923E+00 -9.19891E-02
    9119.385    122.978   5.880  9.10161E-01  1.00888E+00 -9.87172E-02
    9121.184    124.776   5.920  9.10592E-01  1.00849E+00 -9.79001E-02
    9122.994    126.586   5.960  9.18397E-01  1.00807E+00 -8.96718E-02
    9124.817    128.409   6.000  9.33957E-01  1.00758E+00 -7.36212E-02
