# # comment:                                                     FEFF 9.9.1  
# # Source:
# # Structure
# # Reduced
# # space
# # abc:
# # angles:
# # sites:
# # POT  SCF 100  7.0000   0, screened core-hole, AFOLP (folp(0)= 1.150)
# # Abs   Z=29 Rmt= 1.182 Rnm= 1.338 K  shell
# # Pot 1 Z=24 Rmt= 1.323 Rnm= 1.413
# # Pot 2 Z=29 Rmt= 1.182 Rnm= 1.338
# # Pot 3 Z= 8 Rmt= 0.992 Rnm= 1.079
# # Gam_ch=1.729E+00 H-L exch Vi= 0.000E+00 Vr= 0.000E+00
# # Mu=-9.737E+00eV kf=2.166E+00 Vint=-1.850E+01eV Rs_int= 1.674
# FMS rfms= 9.0000
# # PATH  Rmax=-1.000,  Keep_limit= 0.00, Heap_limit 0.00  Pwcrit= 2.50%
#  S02=0.950  Temp=   0.00  Debye_temp=   0.00  Global_sig2= 0.00000
#  Energy zero shift, vr, vi    0.00000E+00   0.00000E+00
#  Curved wave amplitude ratio filter   4.000%
#     file         sig2 tot  cw amp ratio   deg  nlegs   reff  inp sig2
#     0/   0 paths used
#  xsedge+ 50, used to normalize mu           2.5056E-04
#  -----------------------------------------------------------------------
#  omega    e    k    mu    mu0     chi     @#
    8984.182    -13.547  -1.000  4.56521E-02  4.93871E-02 -3.73500E-03
    8984.481    -13.248  -0.960  4.89706E-02  5.28640E-02 -3.89339E-03
    8984.767    -12.962  -0.920  5.26896E-02  5.67196E-02 -4.03002E-03
    8985.042    -12.688  -0.880  5.68743E-02  6.10092E-02 -4.13484E-03
    8985.304    -12.425  -0.840  6.16014E-02  6.57968E-02 -4.19538E-03
    8985.554    -12.175  -0.800  6.69606E-02  7.11569E-02 -4.19636E-03
    8985.791    -11.938  -0.760  7.30553E-02  7.71748E-02 -4.11946E-03
    8986.017    -11.712  -0.720  8.00036E-02  8.39467E-02 -3.94304E-03
    8986.230    -11.499  -0.680  8.79363E-02  9.15785E-02 -3.64223E-03
    8986.432    -11.298  -0.640  9.69929E-02  1.00182E-01 -3.18914E-03
    8986.621    -11.109  -0.600  1.07313E-01  1.09867E-01 -2.55344E-03
    8986.797    -10.932  -0.560  1.19023E-01  1.20726E-01 -1.70324E-03
    8986.962    -10.767  -0.520  1.32209E-01  1.32815E-01 -6.06381E-04
    8987.114    -10.615  -0.480  1.46889E-01  1.46121E-01  7.67826E-04
    8987.255    -10.475  -0.440  1.62972E-01  1.60526E-01  2.44575E-03
    8987.383    -10.347  -0.400  1.80226E-01  1.75781E-01  4.44436E-03
    8987.498    -10.231  -0.360  1.98258E-01  1.91496E-01  6.76252E-03
    8987.602    -10.127  -0.320  2.16530E-01  2.07161E-01  9.36897E-03
    8987.693    -10.036  -0.280  2.34404E-01  2.22213E-01  1.21906E-02
    8987.773     -9.957  -0.240  2.51216E-01  2.36108E-01  1.51082E-02
    8987.840     -9.889  -0.200  2.66355E-01  2.48390E-01  1.79651E-02
    8987.895     -9.835  -0.160  2.79314E-01  2.58724E-01  2.05903E-02
    8987.937     -9.792  -0.120  2.89723E-01  2.66896E-01  2.28269E-02
    8987.968     -9.761  -0.080  2.97334E-01  2.72785E-01  2.45494E-02
    8987.992     -9.737   0.000  3.03579E-01  2.77517E-01  2.60617E-02
    8988.047     -9.682   0.120  3.17088E-01  2.88196E-01  2.88922E-02
    8988.090     -9.640   0.160  3.27727E-01  2.96480E-01  3.12477E-02
    8988.145     -9.585   0.200  3.41444E-01  3.07091E-01  3.43528E-02
    8988.212     -9.518   0.240  3.58011E-01  3.19852E-01  3.81585E-02
    8988.291     -9.438   0.280  3.76964E-01  3.34535E-01  4.24296E-02
    8988.382     -9.347   0.320  3.97358E-01  3.50778E-01  4.65798E-02
    8988.486     -9.243   0.360  4.17593E-01  3.68093E-01  4.95000E-02
    8988.602     -9.127   0.400  4.35529E-01  3.86039E-01  4.94905E-02
    8988.730     -8.999   0.440  4.48626E-01  4.04135E-01  4.44906E-02
    8988.870     -8.859   0.480  4.54807E-01  4.22066E-01  3.27416E-02
    8989.022     -8.707   0.520  4.53293E-01  4.39596E-01  1.36978E-02
    8989.187     -8.542   0.560  4.45286E-01  4.56628E-01 -1.13415E-02
    8989.364     -8.365   0.600  4.33676E-01  4.73135E-01 -3.94585E-02
    8989.553     -8.177   0.640  4.21901E-01  4.89167E-01 -6.72660E-02
    8989.754     -7.975   0.680  4.12300E-01  5.04806E-01 -9.25059E-02
    8989.967     -7.762   0.720  4.04706E-01  5.20105E-01 -1.15398E-01
    8990.193     -7.536   0.760  3.96577E-01  5.35176E-01 -1.38599E-01
    8990.431     -7.299   0.800  3.84959E-01  5.50064E-01 -1.65106E-01
    8990.680     -7.049   0.840  3.69873E-01  5.64842E-01 -1.94969E-01
    8990.943     -6.787   0.880  3.55622E-01  5.79569E-01 -2.23947E-01
    8991.217     -6.512   0.920  3.48070E-01  5.94235E-01 -2.46165E-01
    8991.503     -6.226   0.960  3.50729E-01  6.08917E-01 -2.58188E-01
    8991.802     -5.927   1.000  3.62904E-01  6.23587E-01 -2.60683E-01
    8992.113     -5.616   1.040  3.80416E-01  6.38246E-01 -2.57830E-01
    8992.436     -5.293   1.080  3.97709E-01  6.52927E-01 -2.55218E-01
    8992.771     -4.958   1.120  4.11002E-01  6.67578E-01 -2.56576E-01
    8993.119     -4.610   1.160  4.19872E-01  6.82205E-01 -2.62333E-01
    8993.479     -4.251   1.200  4.25715E-01  6.96808E-01 -2.71093E-01
    8993.850     -3.879   1.240  4.31508E-01  7.11324E-01 -2.79815E-01
    8994.234     -3.495   1.280  4.41795E-01  7.25745E-01 -2.83950E-01
    8994.631     -3.099   1.320  4.59982E-01  7.40025E-01 -2.80043E-01
    8995.039     -2.690   1.360  4.86750E-01  7.54174E-01 -2.67424E-01
    8995.460     -2.270   1.400  5.23837E-01  7.68143E-01 -2.44306E-01
    8995.893     -1.837   1.440  5.77553E-01  7.81900E-01 -2.04347E-01
    8996.338     -1.392   1.480  6.52035E-01  7.95392E-01 -1.43357E-01
    8996.795     -0.934   1.520  7.40390E-01  8.08648E-01 -6.82580E-02
    8997.264     -0.465   1.560  8.24832E-01  8.21578E-01  3.25427E-03
    8997.746      0.016   1.600  8.88780E-01  8.34189E-01  5.45916E-02
    8998.239      0.510   1.640  9.32125E-01  8.46450E-01  8.56750E-02
    8998.745      1.016   1.680  9.65585E-01  8.58331E-01  1.07254E-01
    8999.264      1.534   1.720  9.90760E-01  8.69825E-01  1.20935E-01
    8999.794      2.065   1.760  1.00360E+00  8.80903E-01  1.22701E-01
    9000.336      2.607   1.800  9.98744E-01  8.91556E-01  1.07188E-01
    9000.891      3.162   1.840  9.76689E-01  9.01756E-01  7.49321E-02
    9001.458      3.729   1.880  9.59626E-01  9.11502E-01  4.81233E-02
    9002.037      4.308   1.920  9.76930E-01  9.20769E-01  5.61610E-02
    9002.629      4.899   1.960  1.03625E+00  9.29572E-01  1.06675E-01
    9003.232      5.503   2.000  1.12052E+00  9.37891E-01  1.82631E-01
    9003.848      6.119   2.040  1.20028E+00  9.45746E-01  2.54532E-01
    9004.476      6.746   2.080  1.24611E+00  9.53095E-01  2.93018E-01
    9005.116      7.387   2.120  1.25035E+00  9.59981E-01  2.90367E-01
    9005.768      8.039   2.160  1.22050E+00  9.66387E-01  2.54114E-01
    9006.432      8.703   2.200  1.16297E+00  9.72335E-01  1.90633E-01
    9007.109      9.380   2.240  1.09370E+00  9.77810E-01  1.15886E-01
    9007.798     10.069   2.280  1.03137E+00  9.82837E-01  4.85362E-02
    9008.499     10.770   2.320  9.87251E-01  9.87421E-01 -1.69880E-04
    9009.212     11.483   2.360  9.64037E-01  9.91589E-01 -2.75523E-02
    9009.938     12.208   2.400  9.49033E-01  9.95329E-01 -4.62956E-02
    9010.675     12.946   2.440  9.21492E-01  9.98687E-01 -7.71952E-02
    9011.425     13.696   2.480  8.83528E-01  1.00165E+00 -1.18122E-01
    9012.187     14.458   2.520  8.60869E-01  1.00425E+00 -1.43378E-01
    9012.961     15.232   2.560  8.76201E-01  1.00649E+00 -1.30286E-01
    9013.748     16.018   2.600  9.36636E-01  1.00840E+00 -7.17633E-02
    9014.546     16.817   2.640  1.00400E+00  1.00999E+00 -5.98853E-03
    9015.357     17.628   2.680  1.06630E+00  1.01129E+00  5.50137E-02
    9016.180     18.451   2.720  1.11760E+00  1.01231E+00  1.05292E-01
    9017.015     19.286   2.760  1.15643E+00  1.01305E+00  1.43379E-01
    9017.862     20.133   2.800  1.18366E+00  1.01355E+00  1.70117E-01
    9018.722     20.993   2.840  1.19951E+00  1.01381E+00  1.85706E-01
    9019.594     21.864   2.880  1.20276E+00  1.01386E+00  1.88904E-01
    9020.478     22.748   2.920  1.19162E+00  1.01373E+00  1.77885E-01
    9021.374     23.644   2.960  1.16576E+00  1.01340E+00  1.52367E-01
    9022.282     24.553   3.000  1.12900E+00  1.01291E+00  1.16086E-01
    9023.202     25.473   3.040  1.08716E+00  1.01228E+00  7.48800E-02
    9024.135     26.406   3.080  1.04521E+00  1.01151E+00  3.36959E-02
    9025.080     27.351   3.120  1.00689E+00  1.01060E+00 -3.70660E-03
    9026.037     28.308   3.160  9.73966E-01  1.00962E+00 -3.56527E-02
    9027.006     29.277   3.200  9.46524E-01  1.00851E+00 -6.19832E-02
    9027.988     30.259   3.240  9.24535E-01  1.00734E+00 -8.27999E-02
    9028.981     31.252   3.280  9.07466E-01  1.00609E+00 -9.86216E-02
    9029.987     32.258   3.320  8.94562E-01  1.00479E+00 -1.10230E-01
    9031.005     33.276   3.360  8.85168E-01  1.00345E+00 -1.18283E-01
    9032.036     34.306   3.400  8.78874E-01  1.00207E+00 -1.23195E-01
    9033.078     35.349   3.440  8.75359E-01  1.00065E+00 -1.25294E-01
    9034.133     36.403   3.480  8.74559E-01  9.99206E-01 -1.24647E-01
    9035.199     37.470   3.520  8.76641E-01  9.97773E-01 -1.21132E-01
    9036.278     38.549   3.560  8.81605E-01  9.96319E-01 -1.14714E-01
    9037.370     39.640   3.600  8.89485E-01  9.94888E-01 -1.05403E-01
    9038.473     40.744   3.640  9.00147E-01  9.93462E-01 -9.33151E-02
    9039.588     41.859   3.680  9.13299E-01  9.92066E-01 -7.87663E-02
    9040.716     42.987   3.720  9.28261E-01  9.90680E-01 -6.24193E-02
    9041.856     44.127   3.760  9.44164E-01  9.89328E-01 -4.51639E-02
    9043.008     45.279   3.800  9.59917E-01  9.88014E-01 -2.80963E-02
    9044.173     46.443   3.840  9.74301E-01  9.86738E-01 -1.24365E-02
    9045.349     47.620   3.880  9.86356E-01  9.85501E-01  8.54767E-04
    9046.538     48.809   3.920  9.95580E-01  9.84308E-01  1.12716E-02
    9047.739     50.010   3.960  1.00194E+00  9.83180E-01  1.87602E-02
    9048.952     51.223   4.000  1.00571E+00  9.82098E-01  2.36135E-02
    9050.177     52.448   4.040  1.00734E+00  9.81062E-01  2.62740E-02
    9051.415     53.685   4.080  1.00721E+00  9.80094E-01  2.71142E-02
    9052.664     54.935   4.120  1.00563E+00  9.79174E-01  2.64522E-02
    9053.926     56.197   4.160  1.00304E+00  9.78325E-01  2.47131E-02
    9055.200     57.471   4.200  9.99946E-01  9.77547E-01  2.23985E-02
    9056.486     58.757   4.240  9.96732E-01  9.76818E-01  1.99144E-02
    9057.785     60.056   4.280  9.93797E-01  9.76137E-01  1.76606E-02
    9059.096     61.366   4.320  9.91593E-01  9.75527E-01  1.60657E-02
    9060.418     62.689   4.360  9.90415E-01  9.74989E-01  1.54262E-02
    9061.753     64.024   4.400  9.90036E-01  9.74500E-01  1.55356E-02
    9063.101     65.371   4.440  9.89575E-01  9.74084E-01  1.54908E-02
    9064.460     66.731   4.480  9.87745E-01  9.73738E-01  1.40062E-02
    9065.832     68.102   4.520  9.83790E-01  9.73440E-01  1.03503E-02
    9067.215     69.486   4.560  9.78305E-01  9.73189E-01  5.11630E-03
    9068.611     70.882   4.600  9.73058E-01  9.73006E-01  5.18496E-05
    9070.020     72.290   4.640  9.70149E-01  9.72868E-01 -2.71956E-03
    9071.440     73.711   4.680  9.71381E-01  9.72798E-01 -1.41615E-03
    9072.872     75.143   4.720  9.77651E-01  9.72749E-01  4.90141E-03
    9074.317     76.588   4.760  9.88679E-01  9.72767E-01  1.59123E-02
    9075.774     78.045   4.800  1.00275E+00  9.72848E-01  2.98969E-02
    9077.243     79.514   4.840  1.01694E+00  9.72949E-01  4.39940E-02
    9078.725     80.995   4.880  1.02802E+00  9.73090E-01  5.49340E-02
    9080.218     82.489   4.920  1.03346E+00  9.73292E-01  6.01640E-02
    9081.724     83.995   4.960  1.03230E+00  9.73509E-01  5.87959E-02
    9083.242     85.513   5.000  1.02560E+00  9.73761E-01  5.18366E-02
    9084.772     87.043   5.040  1.01589E+00  9.74047E-01  4.18384E-02
    9086.314     88.585   5.080  1.00623E+00  9.74346E-01  3.18889E-02
    9087.869     90.139   5.120  9.99027E-01  9.74676E-01  2.43504E-02
    9089.435     91.706   5.160  9.95054E-01  9.75037E-01  2.00174E-02
    9091.014     93.285   5.200  9.93687E-01  9.75404E-01  1.82824E-02
    9092.605     94.876   5.240  9.93752E-01  9.75776E-01  1.79759E-02
    9094.208     96.479   5.280  9.94211E-01  9.76151E-01  1.80593E-02
    9095.824     98.095   5.320  9.94473E-01  9.76553E-01  1.79207E-02
    9097.451     99.722   5.360  9.94155E-01  9.76957E-01  1.71978E-02
    9099.091    101.362   5.400  9.92789E-01  9.77361E-01  1.54284E-02
    9100.743    103.014   5.440  9.89742E-01  9.77763E-01  1.19788E-02
    9102.407    104.678   5.480  9.84369E-01  9.78140E-01  6.22905E-03
    9104.084    106.355   5.520  9.76268E-01  9.78535E-01 -2.26713E-03
    9105.772    108.043   5.560  9.65593E-01  9.78902E-01 -1.33087E-02
    9107.473    109.744   5.600  9.53593E-01  9.79261E-01 -2.56677E-02
    9109.186    111.457   5.640  9.41899E-01  9.79591E-01 -3.76915E-02
    9110.911    113.182   5.680  9.31663E-01  9.79911E-01 -4.82483E-02
    9112.649    114.919   5.720  9.23113E-01  9.80200E-01 -5.70869E-02
    9114.398    116.669   5.760  9.16143E-01  9.80478E-01 -6.43346E-02
    9116.160    118.431   5.800  9.10991E-01  9.80723E-01 -6.97328E-02
    9117.934    120.205   5.840  9.08441E-01  9.80955E-01 -7.25139E-02
    9119.720    121.991   5.880  9.09114E-01  9.81128E-01 -7.20138E-02
    9121.518    123.789   5.920  9.13047E-01  9.81284E-01 -6.82378E-02
    9123.329    125.600   5.960  9.19891E-01  9.81398E-01 -6.15067E-02
    9125.152    127.422   6.000  9.30092E-01  9.81457E-01 -5.13655E-02
