ATOMS
  *       x           y          z    ipot  Atom      Distance    Number
**********-  **********  ********-  ******  ******  **********  ********
   0          0           0              0  Cu         0               0
  -0.283874   1.74032    -0.414473       3  O          1.81137        57
   0.283874  -1.74032     0.414473       3  O          1.81137       139
  -0.283874  -2.69637    -0.414473       3  O          2.74277         4
   0.283874   2.69637     0.414473       3  O          2.74277       196
  -0.690487  -0.585112   -2.59015        3  O          2.74372         5
   0.690487   0.585112    2.59015        3  O          2.74372       197
   2.27589    0.443888   -1.69865        3  O          2.87439       167
  -2.27589   -0.443888    1.69865        3  O          2.87439        29
   1.78952    0.765819    2.97321        1  C          3.5537        198
  -1.78952   -0.765819   -2.97321        1  C          3.5537          6
  -3.37671   -0.270722    2.07937        1  C          3.97482        32
   3.37671    0.270722   -2.07937        1  C          3.97482       170
   0         -4.43669     0              2  Cu         4.43669       142
   0          4.43669     0              2  Cu         4.43669       189
  -2.89034   -0.938985   -3.35392        3  O          4.52598         3
   2.89034    0.938985    3.35392        3  O          4.52598       195
  -0.690487   3.85158    -2.59015        3  O          4.69258        58
   0.690487  -3.85158     2.59015        3  O          4.69258       140
  -2.27589    3.9928      1.69865        3  O          4.89975        86
   2.27589   -3.9928     -1.69865        3  O          4.89975       109
  -0.434304   1.50543    -4.66752        3  O          4.92348        55
   0.434304  -1.50543     4.66752        3  O          4.92348       137
   1.78952   -3.67087     2.97321        1  C          5.0515        141
  -1.78952    3.67087    -2.97321        1  C          5.0515         59
  -4.47574   -0.0900147   2.46242        3  O          5.1092         31
   4.47574    0.0900147  -2.46242        3  O          5.1092        169
   4.73192   -2.00053    -0.385056       3  O          5.15184       108
  -4.73192    2.00053     0.385056       3  O          5.15184        85
   4.73192    2.43616    -0.385056       3  O          5.33613       166
  -4.73192   -2.43616     0.385056       3  O          5.33613        28
  -0.434304  -2.93126    -4.66752        3  O          5.52871         2
   0.434304   2.93126     4.66752        3  O          5.52871       194
  -2.89034    3.4977     -3.35392        3  O          5.64241        56
   2.89034   -3.4977      3.35392        3  O          5.64241       138
  -2.27589   -4.88058     1.69865        3  O          5.64669        38
   2.27589    4.88058    -1.69865        3  O          5.64669       158
  -0.690487  -5.0218     -2.59015        3  O          5.69246        15
   0.690487   5.0218      2.59015        3  O          5.69246       187
  -3.37671    4.16597     2.07937        1  C          5.75163        89
   3.37671   -4.16597    -2.07937        1  C          5.75163       112
  -0.434304  -1.94107     5.43763        3  O          5.79           25
   0.434304   1.94107    -5.43763        3  O          5.79          171
  -5.60053   -2.00053    -0.385056       3  O          5.95956        18
   5.60053    2.00053     0.385056       3  O          5.95956       177
  -0.434304   2.49562     5.43763        3  O          5.99871        80
   0.434304  -2.49562    -5.43763        3  O          5.99871       113
  -5.60053    2.43616    -0.385056       3  O          6.11957        69
   5.60053   -2.43616     0.385056       3  O          6.11957       123
  -3.37671   -4.70741     2.07937        1  C          6.15513        41
   3.37671    4.70741    -2.07937        1  C          6.15513       161
   0.283874  -6.17701     0.414473       3  O          6.1974        146
  -0.283874   6.17701    -0.414473       3  O          6.1974         50
  -1.78952   -5.20251    -2.97321        1  C          6.25367        16
   1.78952    5.20251     2.97321        1  C          6.25367       188
   5.85672   -0.0900147   2.46242        3  O          6.35395       126
  -5.85672    0.0900147  -2.46242        3  O          6.35395        72
  -4.47574    4.34668     2.46242        3  O          6.70741        88
   4.47574   -4.34668    -2.46242        3  O          6.70741       111
  -4.47574   -4.5267      2.46242        3  O          6.82545        40
   4.47574    4.5267     -2.46242        3  O          6.82545       160
  -2.89034   -5.37568    -3.35392        3  O          6.96425        13
   2.89034    5.37568     3.35392        3  O          6.96425       185
  -4.88235   -2.20127     4.6381         3  O          7.08484        30
   4.88235    2.20127    -4.6381         3  O          7.08484       168
  -4.88235    2.23542     4.6381         3  O          7.09552        87
   4.88235   -2.23542    -4.6381         3  O          7.09552       110
  -0.283874  -7.13306    -0.414473       3  O          7.15073        14
   0.283874   7.13306     0.414473       3  O          7.15073       186
  -5.16623   -0.495098   -5.05257        2  Cu         7.24317         1
  -5.16623    0.495098    5.05257        2  Cu         7.24317        84
   5.16623   -0.495098   -5.05257        2  Cu         7.24317        98
   5.16623    0.495098    5.05257        2  Cu         7.24317       176
  -6.95575    0.270722   -2.07937        1  C          7.26495        73
   6.95575   -0.270722    2.07937        1  C          7.26495       127
   2.89034   -0.0512096  -6.75123        3  O          7.3441        105
  -2.89034    0.0512096   6.75123        3  O          7.3441         90
  -1.78952    0.224376    7.13194        1  C          7.35644        92
   1.78952   -0.224376   -7.13194        1  C          7.35644       107
   4.88235   -1.24522     5.46704        3  O          7.43482       134
  -4.88235    1.24522    -5.46704        3  O          7.43482        61
   5.4501    -2.20127     4.6381         3  O          7.4874        125
  -5.4501     2.20127    -4.6381         3  O          7.4874         71
   5.4501     2.23542     4.6381         3  O          7.49751       179
  -5.4501    -2.23542    -4.6381         3  O          7.49751        20
  -0.690487   0.405083    7.51499        3  O          7.55751        91
   0.690487  -0.405083   -7.51499        3  O          7.55751       106
  -0.434304   5.94212    -4.66752        3  O          7.56856        48
   0.434304  -5.94212     4.66752        3  O          7.56856       144
   5.85672    4.34668     2.46242        3  O          7.69794       180
  -5.85672   -4.34668    -2.46242        3  O          7.69794        21
  -5.85672    4.5267     -2.46242        3  O          7.80101        67
   5.85672   -4.5267      2.46242        3  O          7.80101       131
  -5.4501    -1.24522     5.46704        3  O          7.81938        44
   5.4501     1.24522    -5.46704        3  O          7.81938       154
   4.88235    3.19147     5.46704        3  O          7.99446       191
  -4.88235   -3.19147    -5.46704        3  O          7.99446         9
  -4.73192    6.43722     0.385056       3  O          7.99857        76
   4.73192   -6.43722    -0.385056       3  O          7.99857       117
  -7.44212    0.938985    3.35392        3  O          8.21679        96
   7.44212   -0.938985   -3.35392        3  O          8.21679        99
  -5.16623   -3.94159     5.05257        2  Cu         8.23132        27
  -5.16623    3.94159    -5.05257        2  Cu         8.23132        53
   5.16623   -3.94159     5.05257        2  Cu         8.23132       122
   5.16623    3.94159    -5.05257        2  Cu         8.23132       150
  -8.05657    0.443888   -1.69865        3  O          8.24565        70
   8.05657   -0.443888    1.69865        3  O          8.24565       124
  -4.73192   -6.87285     0.385056       3  O          8.35317        37
   4.73192    6.87285    -0.385056       3  O          8.35317       157
  -5.4501     3.19147     5.46704        3  O          8.3533         94
   5.4501    -3.19147    -5.46704        3  O          8.3533        102
  -6.95575   -4.16597    -2.07937        1  C          8.37027        22
   6.95575    4.16597     2.07937        1  C          8.37027       181
  -0.434304  -6.37776     5.43763        3  O          8.39239        33
   0.434304   6.37776    -5.43763        3  O          8.39239       162
   1.78952    4.21231    -7.13194        1  C          8.47411       165
  -1.78952   -4.21231     7.13194        1  C          8.47411        36
  -5.60053   -6.43722    -0.385056       3  O          8.54119        23
   5.60053    6.43722     0.385056       3  O          8.54119       174
  -2.89034   -4.38548     6.75123        3  O          8.55369        34
   2.89034    4.38548    -6.75123        3  O          8.55369       163
  -0.690487  -4.03161     7.51499        3  O          8.55604        35
   0.690487   4.03161    -7.51499        3  O          8.55604       164
   2.89034   -4.4879     -6.75123        3  O          8.60665       114
  -2.89034    4.4879      6.75123        3  O          8.60665        81
  -6.95575    4.70741    -2.07937        1  C          8.65251        68
   6.95575   -4.70741     2.07937        1  C          8.65251       132
   1.78952   -4.66107    -7.13194        1  C          8.70589       116
  -1.78952    4.66107     7.13194        1  C          8.70589        83
  -0.690487   8.28827    -2.59015        3  O          8.71097        51
   0.690487  -8.28827     2.59015        3  O          8.71097       147
  -0.434304  -7.36795    -4.66752        3  O          8.73275        12
   0.434304   7.36795     4.66752        3  O          8.73275       184
  -5.16623   -4.93179    -5.05257        2  Cu         8.74877         7
  -5.16623    4.93179     5.05257        2  Cu         8.74877        75
   5.16623   -4.93179    -5.05257        2  Cu         8.74877       101
   5.16623    4.93179     5.05257        2  Cu         8.74877       173
  -3.37671   -1.26092    -8.02578        1  C          8.79802        11
   3.37671    1.26092     8.02578        1  C          8.79802       193
  -1.78952    8.10756    -2.97321        1  C          8.81901        52
   1.78952   -8.10756     2.97321        1  C          8.81901       148
  -0.434304   6.93231     5.43763        3  O          8.82119        74
   0.434304  -6.93231    -5.43763        3  O          8.82119       121
  -2.27589   -1.43408    -8.40649        3  O          8.8264          8
   2.27589    1.43408     8.40649        3  O          8.8264        190
   0         -8.87338     0              2  Cu         8.87338       149
   0          8.87338     0              2  Cu         8.87338       183
  -5.60053    6.87285    -0.385056       3  O          8.87414        64
   5.60053   -6.87285     0.385056       3  O          8.87414       128
  -7.44212   -3.4977      3.35392        3  O          8.88076        45
   7.44212    3.4977     -3.35392        3  O          8.88076       152
   2.27589   -8.42949    -1.69865        3  O          8.89502       118
  -2.27589    8.42949     1.69865        3  O          8.89502        77
  -4.47574   -1.08021    -7.64272        3  O          8.92246        10
   4.47574    1.08021     7.64272        3  O          8.92246       192
  -0.690487   4.84177     7.51499        3  O          8.96631        82
   0.690487  -4.84177    -7.51499        3  O          8.96631       115
   8.54294   -0.765819   -2.97321        1  C          9.0779        100
  -8.54294    0.765819    2.97321        1  C          9.0779         97
  -2.89034    7.93439    -3.35392        3  O          9.08611        49
   2.89034   -7.93439     3.35392        3  O          9.08611       145
  -8.05657   -3.9928     -1.69865        3  O          9.15075        19
   8.05657    3.9928      1.69865        3  O          9.15075       178
  -2.27589    3.00261    -8.40649        3  O          9.21219        60
   2.27589   -3.00261     8.40649        3  O          9.21219       133
  -3.37671    3.17577    -8.02578        1  C          9.26827        63
   3.37671   -3.17577     8.02578        1  C          9.26827       136
  -4.88235    5.68191    -5.46704        3  O          9.27416        54
   4.88235   -5.68191     5.46704        3  O          9.27416       143
  -4.88235   -6.63796     4.6381         3  O          9.45579        39
   4.88235    6.63796    -4.6381         3  O          9.45579       159
  -4.47574    3.35648    -7.64272        3  O          9.47151        62
   4.47574   -3.35648     7.64272        3  O          9.47151       135
  -3.37671    8.60266     2.07937        1  C          9.47268        79
   3.37671   -8.60266    -2.07937        1  C          9.47268       120
  -4.88235    6.67211     4.6381         3  O          9.47979        78
   4.88235   -6.67211    -4.6381         3  O          9.47979       119
  -8.05657    4.88058    -1.69865        3  O          9.57151        65
   8.05657   -4.88058     1.69865        3  O          9.57151       129
  -5.4501    -5.68191     5.46704        3  O          9.58521        47
   5.4501     5.68191    -5.46704        3  O          9.58521       151
  -5.85672    1.08021     7.64272        3  O          9.68913        95
   5.85672   -1.08021    -7.64272        3  O          9.68913       103
  -2.27589   -9.31727     1.69865        3  O          9.74046        42
   2.27589    9.31727    -1.69865        3  O          9.74046       155
  -5.4501     6.63796    -4.6381         3  O          9.76105        66
   5.4501    -6.63796     4.6381         3  O          9.76105       130
   8.54294    3.67087    -2.97321        1  C          9.76202       153
  -8.54294   -3.67087     2.97321        1  C          9.76202        46
  -7.44212    5.37568     3.35392        3  O          9.77403        93
   7.44212   -5.37568    -3.35392        3  O          9.77403       104
  -5.4501    -6.67211    -4.6381         3  O          9.7843         24
   5.4501     6.67211     4.6381         3  O          9.7843        175
  -0.690487  -9.45849    -2.59015        3  O          9.83101        17
   0.690487   9.45849     2.59015        3  O          9.83101       182
   0.283874   1.70618    -9.69067        3  O          9.84382       172
  -0.283874  -1.70618     9.69067        3  O          9.84382        26
  -3.37671   -9.1441      2.07937        1  C          9.96697        43
   3.37671    9.1441     -2.07937        1  C          9.96697       156
END
