# # comment:                                                     FEFF 9.9.1  
# # Source:
# # Structure
# # Reduced
# # space
# # abc:
# # angles:
# # sites:
# # POT  SCF 100  7.0000   0, screened core-hole, AFOLP (folp(0)= 1.150)
# # Abs   Z=29 Rmt= 1.319 Rnm= 1.384 K  shell
# # Pot 1 Z=58 Rmt= 1.662 Rnm= 1.774
# # Pot 2 Z=29 Rmt= 1.319 Rnm= 1.384
# # Pot 3 Z=16 Rmt= 1.410 Rnm= 1.479
# # Pot 4 Z= 8 Rmt= 1.028 Rnm= 1.103
# # Gam_ch=1.729E+00 H-L exch Vi= 0.000E+00 Vr= 0.000E+00
# # Mu=-7.172E+00eV kf=1.963E+00 Vint=-1.702E+01eV Rs_int= 1.848
# FMS rfms= 9.0000
# # PATH  Rmax=-1.000,  Keep_limit= 0.00, Heap_limit 0.00  Pwcrit= 2.50%
#  S02=0.950  Temp=   0.00  Debye_temp=   0.00  Global_sig2= 0.00000
#  Energy zero shift, vr, vi    0.00000E+00   0.00000E+00
#  Curved wave amplitude ratio filter   4.000%
#     file         sig2 tot  cw amp ratio   deg  nlegs   reff  inp sig2
#     0/   0 paths used
#  xsedge+ 50, used to normalize mu           2.4576E-04
#  -----------------------------------------------------------------------
#  omega    e    k    mu    mu0     chi     @#
    8984.169    -10.982  -1.000  5.13151E-02  5.95983E-02 -8.28318E-03
    8984.467    -10.683  -0.960  5.45707E-02  6.41021E-02 -9.53131E-03
    8984.754    -10.396  -0.920  5.81211E-02  6.91213E-02 -1.10002E-02
    8985.028    -10.122  -0.880  6.20013E-02  7.47331E-02 -1.27319E-02
    8985.290     -9.860  -0.840  6.62508E-02  8.10274E-02 -1.47766E-02
    8985.540     -9.610  -0.800  7.09145E-02  8.81085E-02 -1.71939E-02
    8985.778     -9.372  -0.760  7.60427E-02  9.60961E-02 -2.00535E-02
    8986.003     -9.147  -0.720  8.16904E-02  1.05126E-01 -2.34356E-02
    8986.217     -8.933  -0.680  8.79169E-02  1.15348E-01 -2.74307E-02
    8986.418     -8.732  -0.640  9.47824E-02  1.26919E-01 -3.21367E-02
    8986.607     -8.543  -0.600  1.02343E-01  1.39996E-01 -3.76530E-02
    8986.784     -8.367  -0.560  1.10642E-01  1.54712E-01 -4.40693E-02
    8986.948     -8.202  -0.520  1.19698E-01  1.71146E-01 -5.14486E-02
    8987.101     -8.050  -0.480  1.29482E-01  1.89284E-01 -5.98025E-02
    8987.241     -7.909  -0.440  1.39903E-01  2.08966E-01 -6.90631E-02
    8987.369     -7.781  -0.400  1.50788E-01  2.29846E-01 -7.90578E-02
    8987.485     -7.665  -0.360  1.61877E-01  2.51378E-01 -8.95005E-02
    8987.588     -7.562  -0.320  1.72845E-01  2.72855E-01 -1.00010E-01
    8987.680     -7.470  -0.280  1.83335E-01  2.93492E-01 -1.10157E-01
    8987.759     -7.391  -0.240  1.93005E-01  3.12534E-01 -1.19530E-01
    8987.826     -7.324  -0.200  2.01566E-01  3.29354E-01 -1.27788E-01
    8987.881     -7.269  -0.160  2.08798E-01  3.43493E-01 -1.34695E-01
    8987.924     -7.227  -0.120  2.14546E-01  3.54662E-01 -1.40116E-01
    8987.954     -7.196  -0.080  2.18710E-01  3.62703E-01 -1.43993E-01
    8987.979     -7.172   0.000  2.22078E-01  3.69160E-01 -1.47082E-01
    8988.033     -7.117   0.120  2.29862E-01  3.83712E-01 -1.53850E-01
    8988.076     -7.074   0.160  2.35904E-01  3.95000E-01 -1.59096E-01
    8988.131     -7.019   0.200  2.43729E-01  4.09394E-01 -1.65664E-01
    8988.198     -6.952   0.240  2.53338E-01  4.26682E-01 -1.73344E-01
    8988.277     -6.873   0.280  2.64764E-01  4.46495E-01 -1.81731E-01
    8988.369     -6.782   0.320  2.77993E-01  4.68257E-01 -1.90264E-01
    8988.472     -6.678   0.360  2.93153E-01  4.91348E-01 -1.98195E-01
    8988.588     -6.562   0.400  3.10357E-01  5.15004E-01 -2.04647E-01
    8988.716     -6.434   0.440  3.29946E-01  5.38605E-01 -2.08659E-01
    8988.856     -6.294   0.480  3.52264E-01  5.61636E-01 -2.09372E-01
    8989.009     -6.141   0.520  3.77632E-01  5.83760E-01 -2.06128E-01
    8989.173     -5.977   0.560  4.06174E-01  6.04830E-01 -1.98655E-01
    8989.350     -5.800   0.600  4.37561E-01  6.24809E-01 -1.87248E-01
    8989.539     -5.611   0.640  4.70792E-01  6.43746E-01 -1.72955E-01
    8989.740     -5.410   0.680  5.04199E-01  6.61735E-01 -1.57536E-01
    8989.954     -5.197   0.720  5.35784E-01  6.78886E-01 -1.43102E-01
    8990.179     -4.971   0.760  5.63872E-01  6.95310E-01 -1.31438E-01
    8990.417     -4.733   0.800  5.87447E-01  7.11105E-01 -1.23658E-01
    8990.667     -4.483   0.840  6.06423E-01  7.26377E-01 -1.19954E-01
    8990.929     -4.221   0.880  6.22230E-01  7.41151E-01 -1.18920E-01
    8991.203     -3.947   0.920  6.38506E-01  7.55521E-01 -1.17015E-01
    8991.490     -3.660   0.960  6.59989E-01  7.69486E-01 -1.09497E-01
    8991.789     -3.362   1.000  6.89422E-01  7.83111E-01 -9.36891E-02
    8992.099     -3.051   1.040  7.25676E-01  7.96372E-01 -7.06955E-02
    8992.422     -2.728   1.080  7.68778E-01  8.09274E-01 -4.04956E-02
    8992.758     -2.392   1.120  8.25299E-01  8.21859E-01  3.44018E-03
    8993.105     -2.045   1.160  9.02824E-01  8.34079E-01  6.87448E-02
    8993.465     -1.685   1.200  9.98188E-01  8.45947E-01  1.52241E-01
    8993.837     -1.313   1.240  1.08932E+00  8.57426E-01  2.31895E-01
    8994.221     -0.929   1.280  1.14517E+00  8.68543E-01  2.76625E-01
    8994.617     -0.533   1.320  1.15688E+00  8.79259E-01  2.77626E-01
    8995.025     -0.125   1.360  1.14168E+00  8.89574E-01  2.52104E-01
    8995.446      0.296   1.400  1.11654E+00  8.99450E-01  2.17093E-01
    8995.879      0.729   1.440  1.08936E+00  9.08906E-01  1.80451E-01
    8996.324      1.174   1.480  1.06001E+00  9.17921E-01  1.42094E-01
    8996.781      1.631   1.520  1.02444E+00  9.26476E-01  9.79681E-02
    8997.250      2.100   1.560  9.84348E-01  9.34573E-01  4.97748E-02
    8997.732      2.582   1.600  9.52673E-01  9.42232E-01  1.04409E-02
    8998.226      3.076   1.640  9.44842E-01  9.49415E-01 -4.57326E-03
    8998.732      3.582   1.680  9.64505E-01  9.56146E-01  8.35957E-03
    8999.250      4.100   1.720  1.00044E+00  9.62407E-01  3.80312E-02
    8999.780      4.630   1.760  1.03271E+00  9.68224E-01  6.44842E-02
    9000.323      5.173   1.800  1.04951E+00  9.73624E-01  7.58889E-02
    9000.878      5.727   1.840  1.06185E+00  9.78570E-01  8.32800E-02
    9001.445      6.294   1.880  1.08135E+00  9.83090E-01  9.82586E-02
    9002.024      6.873   1.920  1.09644E+00  9.87210E-01  1.09234E-01
    9002.615      7.465   1.960  1.09043E+00  9.90919E-01  9.95082E-02
    9003.218      8.068   2.000  1.06420E+00  9.94247E-01  6.99523E-02
    9003.834      8.684   2.040  1.02554E+00  9.97221E-01  2.83223E-02
    9004.462      9.312   2.080  9.85089E-01  9.99852E-01 -1.47622E-02
    9005.102      9.952   2.120  9.58050E-01  1.00215E+00 -4.40984E-02
    9005.754     10.604   2.160  9.56355E-01  1.00412E+00 -4.77650E-02
    9006.419     11.269   2.200  9.82957E-01  1.00582E+00 -2.28598E-02
    9007.095     11.945   2.240  1.03329E+00  1.00723E+00  2.60634E-02
    9007.784     12.634   2.280  1.09818E+00  1.00838E+00  8.97974E-02
    9008.485     13.335   2.320  1.16493E+00  1.00929E+00  1.55637E-01
    9009.199     14.048   2.360  1.21768E+00  1.00998E+00  2.07692E-01
    9009.924     14.774   2.400  1.21476E+00  1.01047E+00  2.04287E-01
    9010.662     15.511   2.440  1.16832E+00  1.01078E+00  1.57547E-01
    9011.411     16.261   2.480  1.11146E+00  1.01089E+00  1.00562E-01
    9012.173     17.023   2.520  1.06129E+00  1.01089E+00  5.03974E-02
    9012.948     17.797   2.560  1.02039E+00  1.01072E+00  9.66989E-03
    9013.734     18.584   2.600  9.87162E-01  1.01046E+00 -2.32983E-02
    9014.533     19.382   2.640  9.59450E-01  1.01007E+00 -5.06163E-02
    9015.343     20.193   2.680  9.36960E-01  1.00960E+00 -7.26410E-02
    9016.166     21.016   2.720  9.20588E-01  1.00903E+00 -8.84471E-02
    9017.001     21.851   2.760  9.11082E-01  1.00841E+00 -9.73306E-02
    9017.849     22.699   2.800  9.08690E-01  1.00774E+00 -9.90505E-02
    9018.708     23.558   2.840  9.12281E-01  1.00703E+00 -9.47453E-02
    9019.580     24.430   2.880  9.19101E-01  1.00627E+00 -8.71711E-02
    9020.464     25.314   2.920  9.25702E-01  1.00550E+00 -7.98024E-02
    9021.360     26.210   2.960  9.30599E-01  1.00471E+00 -7.41096E-02
    9022.268     27.118   3.000  9.34304E-01  1.00391E+00 -6.96026E-02
    9023.189     28.039   3.040  9.38194E-01  1.00312E+00 -6.49306E-02
    9024.122     28.971   3.080  9.43215E-01  1.00233E+00 -5.91106E-02
    9025.066     29.916   3.120  9.49477E-01  1.00155E+00 -5.20770E-02
    9026.023     30.873   3.160  9.56720E-01  1.00081E+00 -4.40931E-02
    9026.993     31.843   3.200  9.64075E-01  1.00011E+00 -3.60303E-02
    9027.974     32.824   3.240  9.70711E-01  9.99412E-01 -2.87002E-02
    9028.968     33.818   3.280  9.75917E-01  9.98754E-01 -2.28375E-02
    9029.974     34.823   3.320  9.79113E-01  9.98135E-01 -1.90219E-02
    9030.992     35.841   3.360  9.80011E-01  9.97578E-01 -1.75674E-02
    9032.022     36.872   3.400  9.78942E-01  9.97043E-01 -1.81012E-02
    9033.064     37.914   3.440  9.76834E-01  9.96571E-01 -1.97368E-02
    9034.119     38.969   3.480  9.74633E-01  9.96141E-01 -2.15083E-02
    9035.186     40.036   3.520  9.72891E-01  9.95755E-01 -2.28634E-02
    9036.265     41.115   3.560  9.71793E-01  9.95414E-01 -2.36208E-02
    9037.356     42.206   3.600  9.71569E-01  9.95139E-01 -2.35701E-02
    9038.459     43.309   3.640  9.72768E-01  9.94911E-01 -2.21438E-02
    9039.575     44.425   3.680  9.76322E-01  9.94749E-01 -1.84278E-02
    9040.703     45.552   3.720  9.83142E-01  9.94611E-01 -1.14689E-02
    9041.843     46.692   3.760  9.93806E-01  9.94538E-01 -7.32360E-04
    9042.995     47.844   3.800  1.00825E+00  9.94532E-01  1.37144E-02
    9044.159     49.009   3.840  1.02568E+00  9.94548E-01  3.11338E-02
    9045.336     50.185   3.880  1.04483E+00  9.94628E-01  5.02068E-02
    9046.524     51.374   3.920  1.06400E+00  9.94749E-01  6.92513E-02
    9047.725     52.575   3.960  1.08111E+00  9.94910E-01  8.61952E-02
    9048.938     53.788   4.000  1.09394E+00  9.95089E-01  9.88504E-02
    9050.164     55.013   4.040  1.10061E+00  9.95327E-01  1.05287E-01
    9051.401     56.251   4.080  1.10015E+00  9.95604E-01  1.04543E-01
    9052.651     57.500   4.120  1.09313E+00  9.95896E-01  9.72368E-02
    9053.913     58.762   4.160  1.08156E+00  9.96244E-01  8.53184E-02
    9055.187     60.036   4.200  1.06755E+00  9.96604E-01  7.09467E-02
    9056.473     61.323   4.240  1.05267E+00  9.96974E-01  5.56945E-02
    9057.771     62.621   4.280  1.03779E+00  9.97374E-01  4.04160E-02
    9059.082     63.932   4.320  1.02339E+00  9.97804E-01  2.55831E-02
    9060.405     65.255   4.360  1.00976E+00  9.98241E-01  1.15226E-02
    9061.740     66.590   4.400  9.97011E-01  9.98683E-01 -1.67162E-03
    9063.087     67.937   4.440  9.85140E-01  9.99149E-01 -1.40087E-02
    9064.446     69.296   4.480  9.74194E-01  9.99595E-01 -2.54012E-02
    9065.818     70.668   4.520  9.64629E-01  1.00006E+00 -3.54338E-02
    9067.202     72.052   4.560  9.57062E-01  1.00053E+00 -4.34667E-02
    9068.598     73.448   4.600  9.51873E-01  1.00097E+00 -4.90952E-02
    9070.006     74.856   4.640  9.48995E-01  1.00141E+00 -5.24096E-02
    9071.426     76.276   4.680  9.47999E-01  1.00186E+00 -5.38592E-02
    9072.859     77.709   4.720  9.48310E-01  1.00226E+00 -5.39509E-02
    9074.304     79.153   4.760  9.49581E-01  1.00268E+00 -5.30962E-02
    9075.761     80.610   4.800  9.51404E-01  1.00306E+00 -5.16586E-02
    9077.230     82.079   4.840  9.53350E-01  1.00342E+00 -5.00659E-02
    9078.711     83.561   4.880  9.54942E-01  1.00375E+00 -4.88132E-02
    9080.205     85.054   4.920  9.55697E-01  1.00406E+00 -4.83652E-02
    9081.710     86.560   4.960  9.55307E-01  1.00436E+00 -4.90500E-02
    9083.228     88.078   5.000  9.53652E-01  1.00462E+00 -5.09639E-02
    9084.758     89.608   5.040  9.50978E-01  1.00484E+00 -5.38579E-02
    9086.300     91.150   5.080  9.48138E-01  1.00502E+00 -5.68807E-02
    9087.855     92.705   5.120  9.46666E-01  1.00519E+00 -5.85200E-02
    9089.422     94.271   5.160  9.48332E-01  1.00531E+00 -5.69821E-02
    9091.000     95.850   5.200  9.54593E-01  1.00538E+00 -5.07880E-02
    9092.592     97.441   5.240  9.66081E-01  1.00543E+00 -3.93488E-02
    9094.195     99.045   5.280  9.82345E-01  1.00544E+00 -2.30944E-02
    9095.810    100.660   5.320  1.00204E+00  1.00541E+00 -3.36821E-03
    9097.438    102.288   5.360  1.02324E+00  1.00537E+00  1.78699E-02
    9099.078    103.927   5.400  1.04391E+00  1.00526E+00  3.86502E-02
    9100.730    105.579   5.440  1.06273E+00  1.00512E+00  5.76162E-02
    9102.394    107.244   5.480  1.07912E+00  1.00495E+00  7.41681E-02
    9104.070    108.920   5.520  1.09288E+00  1.00475E+00  8.81298E-02
    9105.759    110.609   5.560  1.10380E+00  1.00449E+00  9.93085E-02
    9107.460    112.309   5.600  1.11131E+00  1.00421E+00  1.07094E-01
    9109.173    114.022   5.640  1.11425E+00  1.00392E+00  1.10334E-01
    9110.898    115.748   5.680  1.11145E+00  1.00357E+00  1.07882E-01
    9112.635    117.485   5.720  1.10273E+00  1.00321E+00  9.95170E-02
    9114.385    119.234   5.760  1.08895E+00  1.00281E+00  8.61380E-02
    9116.146    120.996   5.800  1.07146E+00  1.00238E+00  6.90747E-02
    9117.920    122.770   5.840  1.05151E+00  1.00194E+00  4.95724E-02
    9119.706    124.556   5.880  1.03033E+00  1.00147E+00  2.88594E-02
    9121.505    126.355   5.920  1.00938E+00  1.00097E+00  8.40758E-03
    9123.315    128.165   5.960  9.90502E-01  1.00048E+00 -9.97636E-03
    9125.138    129.988   6.000  9.75204E-01  9.99966E-01 -2.47629E-02
