# # comment:                                                     FEFF 9.9.1  
# # Source:
# # Structure
# # Reduced
# # space
# # abc:
# # angles:
# # sites:
# # POT  SCF 100  7.0000   0, screened core-hole, AFOLP (folp(0)= 1.150)
# # Abs   Z=29 Rmt= 1.187 Rnm= 1.320 K  shell
# # Pot 1 Z=29 Rmt= 1.187 Rnm= 1.321
# # Pot 2 Z= 8 Rmt= 0.999 Rnm= 1.122
# # Pot 3 Z= 9 Rmt= 1.033 Rnm= 1.131
# # Gam_ch=1.729E+00 H-L exch Vi= 0.000E+00 Vr= 0.000E+00
# # Mu=-6.620E+00eV kf=2.006E+00 Vint=-1.280E+01eV Rs_int= 1.808
# FMS rfms= 9.0000
# # PATH  Rmax=-1.000,  Keep_limit= 0.00, Heap_limit 0.00  Pwcrit= 2.50%
#  S02=0.950  Temp=   0.00  Debye_temp=   0.00  Global_sig2= 0.00000
#  Energy zero shift, vr, vi    0.00000E+00   0.00000E+00
#  Curved wave amplitude ratio filter   4.000%
#     file         sig2 tot  cw amp ratio   deg  nlegs   reff  inp sig2
#     0/   0 paths used
#  xsedge+ 50, used to normalize mu           2.4127E-04
#  -----------------------------------------------------------------------
#  omega    e    k    mu    mu0     chi     @#
    8983.314    -10.430  -1.000  3.39370E-02  5.64087E-02 -2.24717E-02
    8983.613    -10.132  -0.960  3.53771E-02  6.04492E-02 -2.50720E-02
    8983.899     -9.845  -0.920  3.68934E-02  6.49264E-02 -2.80330E-02
    8984.174     -9.571  -0.880  3.84919E-02  6.99028E-02 -3.14109E-02
    8984.436     -9.309  -0.840  4.01797E-02  7.54509E-02 -3.52712E-02
    8984.686     -9.059  -0.800  4.19649E-02  8.16544E-02 -3.96895E-02
    8984.923     -8.821  -0.760  4.38568E-02  8.86089E-02 -4.47521E-02
    8985.149     -8.595  -0.720  4.58658E-02  9.64222E-02 -5.05563E-02
    8985.362     -8.382  -0.680  4.80035E-02  1.05212E-01 -5.72089E-02
    8985.564     -8.181  -0.640  5.02817E-02  1.15104E-01 -6.48222E-02
    8985.752     -7.992  -0.600  5.27113E-02  1.26218E-01 -7.35065E-02
    8985.929     -7.815  -0.560  5.53005E-02  1.38657E-01 -8.33568E-02
    8986.094     -7.650  -0.520  5.80508E-02  1.52482E-01 -9.44309E-02
    8986.246     -7.498  -0.480  6.09528E-02  1.67674E-01 -1.06721E-01
    8986.386     -7.358  -0.440  6.39804E-02  1.84103E-01 -1.20122E-01
    8986.514     -7.230  -0.400  6.70867E-02  2.01487E-01 -1.34400E-01
    8986.630     -7.114  -0.360  7.02029E-02  2.19388E-01 -1.49186E-01
    8986.734     -7.010  -0.320  7.32430E-02  2.37236E-01 -1.63993E-01
    8986.825     -6.919  -0.280  7.61146E-02  2.54396E-01 -1.78281E-01
    8986.905     -6.840  -0.240  7.87316E-02  2.70253E-01 -1.91521E-01
    8986.972     -6.773  -0.200  8.10243E-02  2.84288E-01 -2.03264E-01
    8987.027     -6.718  -0.160  8.29440E-02  2.96115E-01 -2.13171E-01
    8987.069     -6.675  -0.120  8.44606E-02  3.05482E-01 -2.21021E-01
    8987.100     -6.645  -0.080  8.55585E-02  3.12241E-01 -2.26682E-01
    8987.124     -6.620   0.000  8.64623E-02  3.17680E-01 -2.31218E-01
    8987.179     -6.565   0.120  8.85392E-02  3.29945E-01 -2.41406E-01
    8987.222     -6.523   0.160  9.00845E-02  3.39533E-01 -2.49449E-01
    8987.276     -6.468   0.200  9.20007E-02  3.51786E-01 -2.59785E-01
    8987.344     -6.401   0.240  9.42597E-02  3.66596E-01 -2.72336E-01
    8987.423     -6.322   0.280  9.67908E-02  3.83718E-01 -2.86927E-01
    8987.514     -6.230   0.320  9.95012E-02  4.02762E-01 -3.03261E-01
    8987.618     -6.126   0.360  1.02326E-01  4.23264E-01 -3.20938E-01
    8987.734     -6.011   0.400  1.05188E-01  4.44701E-01 -3.39514E-01
    8987.862     -5.883   0.440  1.08122E-01  4.66611E-01 -3.58489E-01
    8988.002     -5.742   0.480  1.11216E-01  4.88635E-01 -3.77419E-01
    8988.154     -5.590   0.520  1.14669E-01  5.10500E-01 -3.95830E-01
    8988.319     -5.425   0.560  1.18703E-01  5.32073E-01 -4.13369E-01
    8988.496     -5.249   0.600  1.23626E-01  5.53316E-01 -4.29690E-01
    8988.685     -5.060   0.640  1.29683E-01  5.74270E-01 -4.44588E-01
    8988.886     -4.859   0.680  1.37070E-01  5.94964E-01 -4.57894E-01
    8989.099     -4.645   0.720  1.45961E-01  6.15435E-01 -4.69474E-01
    8989.325     -4.420   0.760  1.56531E-01  6.35739E-01 -4.79208E-01
    8989.562     -4.182   0.800  1.68861E-01  6.55882E-01 -4.87021E-01
    8989.812     -3.932   0.840  1.83129E-01  6.75934E-01 -4.92805E-01
    8990.075     -3.670   0.880  1.99731E-01  6.95830E-01 -4.96099E-01
    8990.349     -3.395   0.920  2.19883E-01  7.15597E-01 -4.95714E-01
    8990.635     -3.109   0.960  2.45377E-01  7.35185E-01 -4.89809E-01
    8990.934     -2.810   1.000  2.78201E-01  7.54578E-01 -4.76377E-01
    8991.245     -2.499   1.040  3.19839E-01  7.73689E-01 -4.53850E-01
    8991.568     -2.176   1.080  3.70396E-01  7.92486E-01 -4.22090E-01
    8991.903     -1.841   1.120  4.27979E-01  8.10913E-01 -3.82934E-01
    8992.251     -1.494   1.160  4.90060E-01  8.28910E-01 -3.38850E-01
    8992.610     -1.134   1.200  5.54689E-01  8.46416E-01 -2.91726E-01
    8992.982     -0.762   1.240  6.17858E-01  8.63367E-01 -2.45509E-01
    8993.366     -0.378   1.280  6.72049E-01  8.79702E-01 -2.07653E-01
    8993.763      0.018   1.320  7.09353E-01  8.95380E-01 -1.86027E-01
    8994.171      0.427   1.360  7.25865E-01  9.10364E-01 -1.84499E-01
    8994.592      0.847   1.400  7.25899E-01  9.24595E-01 -1.98696E-01
    8995.024      1.280   1.440  7.24754E-01  9.38059E-01 -2.13305E-01
    8995.469      1.725   1.480  7.43290E-01  9.50706E-01 -2.07417E-01
    8995.927      2.182   1.520  7.92630E-01  9.62530E-01 -1.69900E-01
    8996.396      2.652   1.560  8.65836E-01  9.73525E-01 -1.07689E-01
    8996.878      3.133   1.600  9.41995E-01  9.83669E-01 -4.16748E-02
    8997.371      3.627   1.640  1.00589E+00  9.92989E-01  1.29040E-02
    8997.877      4.133   1.680  1.06814E+00  1.00147E+00  6.66783E-02
    8998.396      4.651   1.720  1.15037E+00  1.00913E+00  1.41238E-01
    8998.926      5.182   1.760  1.25614E+00  1.01599E+00  2.40151E-01
    8999.468      5.724   1.800  1.36770E+00  1.02209E+00  3.45611E-01
    9000.023      6.279   1.840  1.46371E+00  1.02743E+00  4.36282E-01
    9000.590      6.846   1.880  1.52868E+00  1.03207E+00  4.96614E-01
    9001.169      7.425   1.920  1.55419E+00  1.03601E+00  5.18175E-01
    9001.761      8.016   1.960  1.54295E+00  1.03929E+00  5.03656E-01
    9002.364      8.620   2.000  1.50847E+00  1.04197E+00  4.66495E-01
    9002.980      9.235   2.040  1.46285E+00  1.04410E+00  4.18752E-01
    9003.608      9.863   2.080  1.41043E+00  1.04568E+00  3.64748E-01
    9004.248     10.503   2.120  1.34744E+00  1.04676E+00  3.00680E-01
    9004.900     11.156   2.160  1.28793E+00  1.04741E+00  2.40517E-01
    9005.564     11.820   2.200  1.24661E+00  1.04764E+00  1.98967E-01
    9006.241     12.497   2.240  1.20229E+00  1.04749E+00  1.54801E-01
    9006.930     13.186   2.280  1.13246E+00  1.04698E+00  8.54783E-02
    9007.631     13.887   2.320  1.05585E+00  1.04619E+00  9.65972E-03
    9008.344     14.600   2.360  1.00856E+00  1.04513E+00 -3.65683E-02
    9009.070     15.325   2.400  1.00176E+00  1.04383E+00 -4.20767E-02
    9009.807     16.063   2.440  1.02248E+00  1.04233E+00 -1.98543E-02
    9010.557     16.813   2.480  1.04279E+00  1.04064E+00  2.14985E-03
    9011.319     17.575   2.520  1.05992E+00  1.03880E+00  2.11141E-02
    9012.093     18.349   2.560  1.07183E+00  1.03687E+00  3.49634E-02
    9012.880     19.135   2.600  1.07731E+00  1.03482E+00  4.24909E-02
    9013.678     19.934   2.640  1.07657E+00  1.03268E+00  4.38876E-02
    9014.489     20.745   2.680  1.07042E+00  1.03050E+00  3.99213E-02
    9015.312     21.568   2.720  1.06025E+00  1.02828E+00  3.19654E-02
    9016.147     22.403   2.760  1.04777E+00  1.02605E+00  2.17109E-02
    9016.994     23.250   2.800  1.03456E+00  1.02383E+00  1.07302E-02
    9017.854     24.110   2.840  1.02197E+00  1.02163E+00  3.43721E-04
    9018.726     24.981   2.880  1.01037E+00  1.01944E+00 -9.06953E-03
    9019.610     25.865   2.920  9.99393E-01  1.01732E+00 -1.79238E-02
    9020.506     26.761   2.960  9.88310E-01  1.01524E+00 -2.69291E-02
    9021.414     27.670   3.000  9.76571E-01  1.01321E+00 -3.66429E-02
    9022.334     28.590   3.040  9.63707E-01  1.01127E+00 -4.75587E-02
    9023.267     29.523   3.080  9.49529E-01  1.00942E+00 -5.98923E-02
    9024.212     30.468   3.120  9.34313E-01  1.00764E+00 -7.33280E-02
    9025.169     31.425   3.160  9.18862E-01  1.00597E+00 -8.71090E-02
    9026.138     32.394   3.200  9.04176E-01  1.00441E+00 -1.00238E-01
    9027.120     33.375   3.240  8.91469E-01  1.00295E+00 -1.11483E-01
    9028.113     34.369   3.280  8.81838E-01  1.00160E+00 -1.19766E-01
    9029.119     35.375   3.320  8.76100E-01  1.00035E+00 -1.24254E-01
    9030.137     36.393   3.360  8.74508E-01  9.99245E-01 -1.24737E-01
    9031.168     37.423   3.400  8.76898E-01  9.98234E-01 -1.21336E-01
    9032.210     38.466   3.440  8.82733E-01  9.97344E-01 -1.14611E-01
    9033.265     39.520   3.480  8.91186E-01  9.96575E-01 -1.05389E-01
    9034.331     40.587   3.520  9.01181E-01  9.95928E-01 -9.47474E-02
    9035.410     41.666   3.560  9.11675E-01  9.95404E-01 -8.37289E-02
    9036.501     42.757   3.600  9.22021E-01  9.95001E-01 -7.29803E-02
    9037.605     43.861   3.640  9.32099E-01  9.94719E-01 -6.26195E-02
    9038.720     44.976   3.680  9.42070E-01  9.94556E-01 -5.24853E-02
    9039.848     46.104   3.720  9.52066E-01  9.94488E-01 -4.24218E-02
    9040.988     47.244   3.760  9.62077E-01  9.94535E-01 -3.24579E-02
    9042.140     48.396   3.800  9.71795E-01  9.94677E-01 -2.28814E-02
    9043.305     49.560   3.840  9.80822E-01  9.94932E-01 -1.41095E-02
    9044.481     50.737   3.880  9.88909E-01  9.95300E-01 -6.39159E-03
    9045.670     51.925   3.920  9.96105E-01  9.95758E-01  3.47810E-04
    9046.871     53.126   3.960  1.00273E+00  9.96300E-01  6.42503E-03
    9048.084     54.339   4.000  1.00912E+00  9.96926E-01  1.21897E-02
    9049.309     55.565   4.040  1.01549E+00  9.97633E-01  1.78596E-02
    9050.547     56.802   4.080  1.02188E+00  9.98421E-01  2.34617E-02
    9051.796     58.052   4.120  1.02816E+00  9.99286E-01  2.88761E-02
    9053.058     59.314   4.160  1.03414E+00  1.00023E+00  3.39148E-02
    9054.332     60.588   4.200  1.03957E+00  1.00119E+00  3.83729E-02
    9055.618     61.874   4.240  1.04428E+00  1.00225E+00  4.20361E-02
    9056.917     63.173   4.280  1.04795E+00  1.00333E+00  4.46218E-02
    9058.228     64.483   4.320  1.05030E+00  1.00444E+00  4.58608E-02
    9059.550     65.806   4.360  1.05128E+00  1.00560E+00  4.56791E-02
    9060.885     67.141   4.400  1.05118E+00  1.00679E+00  4.43947E-02
    9062.233     68.488   4.440  1.05070E+00  1.00801E+00  4.26933E-02
    9063.592     69.848   4.480  1.05066E+00  1.00922E+00  4.14392E-02
    9064.964     71.219   4.520  1.05191E+00  1.01045E+00  4.14564E-02
    9066.347     72.603   4.560  1.05513E+00  1.01171E+00  4.34257E-02
    9067.743     73.999   4.600  1.06058E+00  1.01294E+00  4.76417E-02
    9069.152     75.407   4.640  1.06792E+00  1.01414E+00  5.37786E-02
    9070.572     76.828   4.680  1.07618E+00  1.01536E+00  6.08183E-02
    9072.004     78.260   4.720  1.08384E+00  1.01655E+00  6.72969E-02
    9073.449     79.705   4.760  1.08950E+00  1.01770E+00  7.17989E-02
    9074.906     81.162   4.800  1.09226E+00  1.01883E+00  7.34346E-02
    9076.375     82.631   4.840  1.09185E+00  1.01990E+00  7.19545E-02
    9077.857     84.112   4.880  1.08852E+00  1.02095E+00  6.75757E-02
    9079.350     85.606   4.920  1.08269E+00  1.02193E+00  6.07536E-02
    9080.856     87.111   4.960  1.07478E+00  1.02287E+00  5.19103E-02
    9082.374     88.629   5.000  1.06510E+00  1.02375E+00  4.13498E-02
    9083.904     90.159   5.040  1.05391E+00  1.02456E+00  2.93462E-02
    9085.446     91.702   5.080  1.04168E+00  1.02532E+00  1.63547E-02
    9087.001     93.256   5.120  1.02915E+00  1.02601E+00  3.14343E-03
    9088.567     94.823   5.160  1.01722E+00  1.02661E+00 -9.39246E-03
    9090.146     96.402   5.200  1.00660E+00  1.02716E+00 -2.05615E-02
    9091.737     97.993   5.240  9.97542E-01  1.02763E+00 -3.00891E-02
    9093.340     99.596   5.280  9.90035E-01  1.02802E+00 -3.79849E-02
    9094.956    101.211   5.320  9.84056E-01  1.02833E+00 -4.42720E-02
    9096.583    102.839   5.360  9.79684E-01  1.02856E+00 -4.88711E-02
    9098.223    104.479   5.400  9.77011E-01  1.02872E+00 -5.17134E-02
    9099.875    106.131   5.440  9.75843E-01  1.02879E+00 -5.29471E-02
    9101.539    107.795   5.480  9.75865E-01  1.02880E+00 -5.29342E-02
    9103.216    109.471   5.520  9.76625E-01  1.02873E+00 -5.21030E-02
    9104.904    111.160   5.560  9.77884E-01  1.02857E+00 -5.06905E-02
    9106.605    112.861   5.600  9.79606E-01  1.02834E+00 -4.87362E-02
    9108.318    114.574   5.640  9.81822E-01  1.02803E+00 -4.62099E-02
    9110.043    116.299   5.680  9.84532E-01  1.02767E+00 -4.31369E-02
    9111.781    118.036   5.720  9.87540E-01  1.02723E+00 -3.96930E-02
    9113.530    119.786   5.760  9.90533E-01  1.02675E+00 -3.62137E-02
    9115.292    121.548   5.800  9.93148E-01  1.02619E+00 -3.30435E-02
    9117.066    123.322   5.840  9.95261E-01  1.02559E+00 -3.03299E-02
    9118.852    125.108   5.880  9.96944E-01  1.02495E+00 -2.80055E-02
    9120.650    126.906   5.920  9.98308E-01  1.02425E+00 -2.59372E-02
    9122.461    128.716   5.960  9.99512E-01  1.02350E+00 -2.39924E-02
    9124.284    130.539   6.000  1.00076E+00  1.02269E+00 -2.19256E-02
