# # comment:                                                     FEFF 9.9.1  
# # Source:
# # Structure
# # Reduced
# # space
# # abc:
# # angles:107.586138
# # sites:
# # POT  SCF 100  7.0000   0, screened core-hole, AFOLP (folp(0)= 1.150)
# # Abs   Z=29 Rmt= 1.250 Rnm= 1.319 K  shell
# # Pot 1 Z=56 Rmt= 1.916 Rnm= 1.981
# # Pot 2 Z=38 Rmt= 1.805 Rnm= 1.869
# # Pot 3 Z=29 Rmt= 1.246 Rnm= 1.314
# # Pot 4 Z= 8 Rmt= 1.082 Rnm= 1.132
# # Gam_ch=1.729E+00 H-L exch Vi= 0.000E+00 Vr= 0.000E+00
# # Mu=-1.023E+01eV kf=1.909E+00 Vint=-1.720E+01eV Rs_int= 1.900
# FMS rfms= 9.0000
# # PATH  Rmax=-1.000,  Keep_limit= 0.00, Heap_limit 0.00  Pwcrit= 2.50%
#  S02=0.950  Temp=   0.00  Debye_temp=   0.00  Global_sig2= 0.00000
#  Energy zero shift, vr, vi    0.00000E+00   0.00000E+00
#  Curved wave amplitude ratio filter   4.000%
#     file         sig2 tot  cw amp ratio   deg  nlegs   reff  inp sig2
#     0/   0 paths used
#  xsedge+ 50, used to normalize mu           2.4472E-04
#  -----------------------------------------------------------------------
#  omega    e    k    mu    mu0     chi     @#
    8985.203    -14.037  -1.000  3.31343E-02  5.19007E-02 -1.87664E-02
    8985.501    -13.738  -0.960  3.46645E-02  5.55721E-02 -2.09075E-02
    8985.788    -13.451  -0.920  3.63024E-02  5.96406E-02 -2.33381E-02
    8986.062    -13.177  -0.880  3.80613E-02  6.41635E-02 -2.61021E-02
    8986.324    -12.915  -0.840  3.99569E-02  6.92071E-02 -2.92503E-02
    8986.574    -12.665  -0.800  4.20075E-02  7.48484E-02 -3.28409E-02
    8986.812    -12.427  -0.760  4.42344E-02  8.11752E-02 -3.69408E-02
    8987.037    -12.202  -0.720  4.66622E-02  8.82867E-02 -4.16246E-02
    8987.251    -11.988  -0.680  4.93178E-02  9.62918E-02 -4.69740E-02
    8987.452    -11.787  -0.640  5.22301E-02  1.05305E-01 -5.30750E-02
    8987.641    -11.598  -0.600  5.54276E-02  1.15439E-01 -6.00111E-02
    8987.818    -11.421  -0.560  5.89347E-02  1.26788E-01 -6.78530E-02
    8987.982    -11.257  -0.520  6.27662E-02  1.39408E-01 -7.66419E-02
    8988.135    -11.104  -0.480  6.69185E-02  1.53285E-01 -8.63661E-02
    8988.275    -10.964  -0.440  7.13610E-02  1.68296E-01 -9.69355E-02
    8988.403    -10.836  -0.400  7.60272E-02  1.84186E-01 -1.08159E-01
    8988.519    -10.720  -0.360  8.08116E-02  2.00550E-01 -1.19738E-01
    8988.622    -10.617  -0.320  8.55751E-02  2.16863E-01 -1.31288E-01
    8988.714    -10.525  -0.280  9.01595E-02  2.32542E-01 -1.42383E-01
    8988.793    -10.446  -0.240  9.44082E-02  2.47025E-01 -1.52617E-01
    8988.860    -10.379  -0.200  9.81846E-02  2.59837E-01 -1.61652E-01
    8988.915    -10.324  -0.160  1.01383E-01  2.70626E-01 -1.69243E-01
    8988.958    -10.281  -0.120  1.03932E-01  2.79164E-01 -1.75233E-01
    8988.988    -10.251  -0.080  1.05786E-01  2.85322E-01 -1.79536E-01
    8989.013    -10.227   0.000  1.07312E-01  2.90275E-01 -1.82963E-01
    8989.067    -10.172   0.120  1.10725E-01  3.01465E-01 -1.90739E-01
    8989.110    -10.129   0.160  1.13329E-01  3.10165E-01 -1.96836E-01
    8989.165    -10.074   0.200  1.16619E-01  3.21303E-01 -2.04683E-01
    8989.232    -10.007   0.240  1.20527E-01  3.34727E-01 -2.14200E-01
    8989.311     -9.928   0.280  1.24940E-01  3.50223E-01 -2.25283E-01
    8989.403     -9.836   0.320  1.29640E-01  3.67437E-01 -2.37797E-01
    8989.506     -9.733   0.360  1.34310E-01  3.85884E-01 -2.51574E-01
    8989.622     -9.617   0.400  1.38575E-01  4.05111E-01 -2.66536E-01
    8989.750     -9.489   0.440  1.42039E-01  4.24661E-01 -2.82622E-01
    8989.890     -9.349   0.480  1.44407E-01  4.44197E-01 -2.99790E-01
    8990.043     -9.196   0.520  1.45629E-01  4.63462E-01 -3.17833E-01
    8990.207     -9.032   0.560  1.46034E-01  4.82395E-01 -3.36361E-01
    8990.384     -8.855   0.600  1.45960E-01  5.00902E-01 -3.54942E-01
    8990.573     -8.666   0.640  1.45867E-01  5.19069E-01 -3.73202E-01
    8990.774     -8.465   0.680  1.46063E-01  5.36929E-01 -3.90866E-01
    8990.988     -8.252   0.720  1.47026E-01  5.54543E-01 -4.07517E-01
    8991.213     -8.026   0.760  1.49417E-01  5.71954E-01 -4.22537E-01
    8991.451     -7.788   0.800  1.54093E-01  5.89253E-01 -4.35160E-01
    8991.701     -7.538   0.840  1.61831E-01  6.06440E-01 -4.44609E-01
    8991.963     -7.276   0.880  1.73497E-01  6.23542E-01 -4.50045E-01
    8992.237     -7.002   0.920  1.90043E-01  6.40574E-01 -4.50531E-01
    8992.524     -6.715   0.960  2.12516E-01  6.57521E-01 -4.45005E-01
    8992.823     -6.417   1.000  2.41680E-01  6.74398E-01 -4.32719E-01
    8993.133     -6.106   1.040  2.77337E-01  6.91132E-01 -4.13795E-01
    8993.457     -5.783   1.080  3.17911E-01  7.07744E-01 -3.89833E-01
    8993.792     -5.447   1.120  3.60573E-01  7.24190E-01 -3.63617E-01
    8994.139     -5.100   1.160  4.02399E-01  7.40401E-01 -3.38002E-01
    8994.499     -4.740   1.200  4.39771E-01  7.56365E-01 -3.16594E-01
    8994.871     -4.368   1.240  4.69172E-01  7.72030E-01 -3.02858E-01
    8995.255     -3.984   1.280  4.93071E-01  7.87361E-01 -2.94290E-01
    8995.651     -3.588   1.320  5.18284E-01  8.02303E-01 -2.84019E-01
    8996.060     -3.180   1.360  5.48555E-01  8.16841E-01 -2.68286E-01
    8996.480     -2.759   1.400  5.86131E-01  8.30921E-01 -2.44790E-01
    8996.913     -2.326   1.440  6.36565E-01  8.44507E-01 -2.07942E-01
    8997.358     -1.881   1.480  7.02053E-01  8.57588E-01 -1.55535E-01
    8997.815     -1.424   1.520  7.70106E-01  8.70114E-01 -1.00008E-01
    8998.285     -0.955   1.560  8.30886E-01  8.82076E-01 -5.11896E-02
    8998.766     -0.473   1.600  9.07980E-01  8.93466E-01  1.45140E-02
    8999.260      0.021   1.640  1.03470E+00  9.04240E-01  1.30462E-01
    8999.766      0.527   1.680  1.19475E+00  9.14434E-01  2.80311E-01
    9000.284      1.045   1.720  1.30418E+00  9.24007E-01  3.80169E-01
    9000.814      1.575   1.760  1.33244E+00  9.32959E-01  3.99483E-01
    9001.357      2.118   1.800  1.37476E+00  9.41336E-01  4.33426E-01
    9001.912      2.672   1.840  1.47485E+00  9.49099E-01  5.25755E-01
    9002.479      3.239   1.880  1.58261E+00  9.56253E-01  6.26358E-01
    9003.058      3.818   1.920  1.61201E+00  9.62849E-01  6.49157E-01
    9003.649      4.410   1.960  1.52594E+00  9.68893E-01  5.57046E-01
    9004.252      5.013   2.000  1.38673E+00  9.74396E-01  4.12335E-01
    9004.868      5.629   2.040  1.26150E+00  9.79368E-01  2.82130E-01
    9005.496      6.257   2.080  1.16921E+00  9.83818E-01  1.85387E-01
    9006.136      6.897   2.120  1.10427E+00  9.87823E-01  1.16449E-01
    9006.788      7.549   2.160  1.06110E+00  9.91373E-01  6.97241E-02
    9007.453      8.214   2.200  1.03893E+00  9.94480E-01  4.44508E-02
    9008.130      8.890   2.240  1.03047E+00  9.97178E-01  3.32897E-02
    9008.818      9.579   2.280  1.01462E+00  9.99522E-01  1.51014E-02
    9009.519     10.280   2.320  9.85248E-01  1.00150E+00 -1.62537E-02
    9010.233     10.993   2.360  9.68683E-01  1.00315E+00 -3.44704E-02
    9010.958     11.719   2.400  9.68558E-01  1.00451E+00 -3.59506E-02
    9011.696     12.456   2.440  9.79068E-01  1.00558E+00 -2.65113E-02
    9012.445     13.206   2.480  9.96082E-01  1.00640E+00 -1.03164E-02
    9013.207     13.968   2.520  1.01552E+00  1.00700E+00  8.52363E-03
    9013.982     14.742   2.560  1.03284E+00  1.00737E+00  2.54675E-02
    9014.768     15.529   2.600  1.04442E+00  1.00756E+00  3.68539E-02
    9015.567     16.327   2.640  1.04818E+00  1.00759E+00  4.05845E-02
    9016.377     17.138   2.680  1.04362E+00  1.00748E+00  3.61427E-02
    9017.200     17.961   2.720  1.03165E+00  1.00722E+00  2.44289E-02
    9018.035     18.796   2.760  1.01439E+00  1.00687E+00  7.51944E-03
    9018.883     19.644   2.800  9.93704E-01  1.00640E+00 -1.27010E-02
    9019.742     20.503   2.840  9.71521E-01  1.00588E+00 -3.43587E-02
    9020.614     21.375   2.880  9.49315E-01  1.00528E+00 -5.59658E-02
    9021.498     22.259   2.920  9.28179E-01  1.00463E+00 -7.64558E-02
    9022.394     23.155   2.960  9.09101E-01  1.00397E+00 -9.48677E-02
    9023.302     24.063   3.000  8.92589E-01  1.00325E+00 -1.10657E-01
    9024.223     24.984   3.040  8.79044E-01  1.00252E+00 -1.23472E-01
    9025.156     25.916   3.080  8.68807E-01  1.00178E+00 -1.32973E-01
    9026.100     26.861   3.120  8.62019E-01  1.00107E+00 -1.39047E-01
    9027.058     27.818   3.160  8.58525E-01  1.00034E+00 -1.41811E-01
    9028.027     28.788   3.200  8.58280E-01  9.99635E-01 -1.41355E-01
    9029.008     29.769   3.240  8.61207E-01  9.98968E-01 -1.37761E-01
    9030.002     30.763   3.280  8.66748E-01  9.98335E-01 -1.31586E-01
    9031.008     31.769   3.320  8.74216E-01  9.97718E-01 -1.23502E-01
    9032.026     32.787   3.360  8.83213E-01  9.97162E-01 -1.13949E-01
    9033.056     33.817   3.400  8.93511E-01  9.96626E-01 -1.03115E-01
    9034.098     34.859   3.440  9.05130E-01  9.96156E-01 -9.10265E-02
    9035.153     35.914   3.480  9.18336E-01  9.95753E-01 -7.74167E-02
    9036.220     36.981   3.520  9.33378E-01  9.95374E-01 -6.19963E-02
    9037.299     38.060   3.560  9.50176E-01  9.95062E-01 -4.48859E-02
    9038.390     39.151   3.600  9.68211E-01  9.94797E-01 -2.65854E-02
    9039.493     40.254   3.640  9.86795E-01  9.94601E-01 -7.80647E-03
    9040.609     41.370   3.680  1.00500E+00  9.94454E-01  1.05441E-02
    9041.737     42.497   3.720  1.02194E+00  9.94376E-01  2.75686E-02
    9042.877     43.637   3.760  1.03686E+00  9.94346E-01  4.25116E-02
    9044.029     44.790   3.800  1.04908E+00  9.94362E-01  5.47128E-02
    9045.193     45.954   3.840  1.05828E+00  9.94447E-01  6.38351E-02
    9046.370     47.130   3.880  1.06464E+00  9.94578E-01  7.00574E-02
    9047.558     48.319   3.920  1.06872E+00  9.94776E-01  7.39476E-02
    9048.759     49.520   3.960  1.07093E+00  9.94996E-01  7.59385E-02
    9049.972     50.733   4.000  1.07140E+00  9.95279E-01  7.61249E-02
    9051.198     51.958   4.040  1.06982E+00  9.95606E-01  7.42179E-02
    9052.435     53.196   4.080  1.06595E+00  9.95973E-01  6.99716E-02
    9053.685     54.446   4.120  1.06006E+00  9.96379E-01  6.36774E-02
    9054.947     55.707   4.160  1.05324E+00  9.96822E-01  5.64202E-02
    9056.221     56.981   4.200  1.04685E+00  9.97281E-01  4.95664E-02
    9057.507     58.268   4.240  1.04194E+00  9.97795E-01  4.41469E-02
    9058.805     59.566   4.280  1.03895E+00  9.98321E-01  4.06252E-02
    9060.116     60.877   4.320  1.03779E+00  9.98857E-01  3.89344E-02
    9061.439     62.200   4.360  1.03814E+00  9.99445E-01  3.86937E-02
    9062.774     63.535   4.400  1.03953E+00  1.00002E+00  3.95121E-02
    9064.121     64.882   4.440  1.04179E+00  1.00061E+00  4.11711E-02
    9065.480     66.241   4.480  1.04479E+00  1.00122E+00  4.35781E-02
    9066.852     67.613   4.520  1.04836E+00  1.00182E+00  4.65476E-02
    9068.236     68.997   4.560  1.05198E+00  1.00242E+00  4.95624E-02
    9069.632     70.393   4.600  1.05462E+00  1.00302E+00  5.15991E-02
    9071.040     71.801   4.640  1.05501E+00  1.00361E+00  5.14012E-02
    9072.460     73.221   4.680  1.05197E+00  1.00418E+00  4.77956E-02
    9073.893     74.654   4.720  1.04474E+00  1.00476E+00  3.99776E-02
    9075.338     76.098   4.760  1.03312E+00  1.00531E+00  2.78072E-02
    9076.795     77.555   4.800  1.01791E+00  1.00583E+00  1.20808E-02
    9078.264     79.025   4.840  1.00088E+00  1.00634E+00 -5.46600E-03
    9079.745     80.506   4.880  9.84291E-01  1.00682E+00 -2.25263E-02
    9081.239     81.999   4.920  9.70339E-01  1.00728E+00 -3.69400E-02
    9082.744     83.505   4.960  9.60476E-01  1.00770E+00 -4.72278E-02
    9084.262     85.023   5.000  9.55353E-01  1.00809E+00 -5.27373E-02
    9085.792     86.553   5.040  9.54659E-01  1.00844E+00 -5.37777E-02
    9087.335     88.095   5.080  9.57359E-01  1.00875E+00 -5.13856E-02
    9088.889     89.650   5.120  9.61965E-01  1.00904E+00 -4.70699E-02
    9090.456     91.216   5.160  9.66843E-01  1.00926E+00 -4.24202E-02
    9092.035     92.795   5.200  9.70763E-01  1.00947E+00 -3.87092E-02
    9093.626     94.386   5.240  9.72949E-01  1.00962E+00 -3.66681E-02
    9095.229     95.990   5.280  9.73322E-01  1.00974E+00 -3.64192E-02
    9096.844     97.605   5.320  9.72162E-01  1.00980E+00 -3.76389E-02
    9098.472     99.233   5.360  9.70080E-01  1.00982E+00 -3.97397E-02
    9100.112    100.873   5.400  9.67753E-01  1.00982E+00 -4.20650E-02
    9101.764    102.525   5.440  9.65722E-01  1.00975E+00 -4.40289E-02
    9103.428    104.189   5.480  9.64417E-01  1.00964E+00 -4.52247E-02
    9105.104    105.865   5.520  9.64165E-01  1.00949E+00 -4.53272E-02
    9106.793    107.554   5.560  9.65374E-01  1.00933E+00 -4.39517E-02
    9108.494    109.254   5.600  9.68488E-01  1.00910E+00 -4.06076E-02
    9110.207    110.967   5.640  9.73831E-01  1.00882E+00 -3.49935E-02
    9111.932    112.693   5.680  9.81072E-01  1.00854E+00 -2.74651E-02
    9113.669    114.430   5.720  9.89491E-01  1.00819E+00 -1.86997E-02
    9115.419    116.179   5.760  9.98070E-01  1.00783E+00 -9.75887E-03
    9117.180    117.941   5.800  1.00580E+00  1.00743E+00 -1.63037E-03
    9118.954    119.715   5.840  1.01210E+00  1.00700E+00  5.09731E-03
    9120.740    121.501   5.880  1.01699E+00  1.00653E+00  1.04559E-02
    9122.539    123.300   5.920  1.02112E+00  1.00606E+00  1.50514E-02
    9124.349    125.110   5.960  1.02517E+00  1.00557E+00  1.95976E-02
    9126.172    126.933   6.000  1.02975E+00  1.00505E+00  2.46926E-02
